3000 2.95662e+06 -1.00635e-15
2999 1270.44 1.24753e-18
2998 1278.63 1.789e-18
2997 1908.31 -5.12673e-19
2996 1677.85 -1.27983e-18
2995 1732.64 -2.18418e-18
2994 1429.19 4.61326e-19
2993 1491.28 2.3636e-18
2992 2009.58 5.79264e-19
2991 1512.64 -1.3719e-18
2990 1600.41 -9.72882e-19
2989 1164.45 -3.07658e-19
2988 1651.67 1.10177e-18
2987 1574.47 -3.95668e-19
2986 1631.6 1.08088e-18
2985 1477.43 1.5643e-18
2984 1849.29 -4.01677e-19
2983 1885.64 -2.8428e-18
2982 1613.12 1.02165e-18
2981 1365.37 5.22083e-19
2980 1325.38 1.24167e-18
2979 1400.85 -3.5705e-18
2978 1538.06 3.24196e-18
2977 1533.86 1.71048e-18
2976 1525.98 2.29022e-18
2975 1229.64 -8.60066e-19
2974 1564.88 -6.45147e-19
2973 1691.43 -2.59009e-18
2972 1545.42 5.38475e-19
2971 1497.75 1.84757e-18
2970 1190.45 -1.15811e-18
2969 1488.75 -2.61536e-18
2968 1158.12 -1.0757e-18
2967 1814.79 -1.15899e-18
2966 1576.87 3.50172e-18
2965 1637.74 -1.90405e-18
2964 1388.87 -2.40237e-18
2963 1826.82 6.07163e-19
2962 1386.85 -1.64055e-18
2961 1731.36 7.37397e-19
2960 1346.98 3.67611e-19
2959 1439.41 -6.04229e-19
2958 1885.25 -1.24398e-18
2957 1899.84 7.68705e-19
2956 1623.77 2.01233e-18
2955 1223.3 -9.85646e-20
2954 1328.77 -2.53848e-18
2953 1601 9.05456e-19
2952 1366 -1.7308e-18
2951 1853.02 -5.03202e-19
2950 1746.28 1.98107e-18
2949 1868.99 7.36393e-19
2948 1592.69 3.65272e-19
2947 1758.85 -4.00413e-18
2946 1478.49 -3.91328e-19
2945 1593.41 -2.50414e-18
2944 1481.97 -2.80319e-19
2943 1110.79 2.16473e-18
2942 1637.38 -1.10941e-18
2941 1335.77 1.44983e-18
2940 1407.42 8.02744e-19
2939 1510.42 -7.71219e-19
2938 1215.26 7.76677e-20
2937 1315.74 -4.18774e-19
2936 1165.07 1.11723e-18
2935 1687.2 3.19207e-19
2934 1800.67 1.56663e-18
2933 1527.73 6.15803e-19
2932 1438.28 -2.61493e-18
2931 1749.15 8.81877e-19
2930 1442 1.00575e-18
2929 1326.96 2.427e-18
2928 1606.23 4.27161e-19
2927 1428.92 -4.78956e-19
2926 1795.96 -1.11516e-19
2925 1154.42 2.40519e-18
2924 1364.39 1.72551e-19
2923 1561.18 -1.9529e-18
2922 1557.88 7.82735e-19
2921 1237.67 -1.80015e-18
2920 1234.77 -1.34657e-18
2919 1602.03 -3.69729e-18
2918 1203.19 5.90688e-19
2917 1240.85 -8.66196e-19
2916 1947.55 -4.0611e-19
2915 1368.91 -1.94195e-18
2914 1475.67 -1.8062e-18
2913 1148 -1.51165e-18
2912 1821.47 -1.25023e-18
2911 1654.46 -1.18768e-18
2910 1483.64 -2.00295e-19
2909 1595.43 -6.05009e-19
2908 1603.6 -2.12847e-18
2907 1436.58 1.86524e-18
2906 1182.15 -2.31489e-19
2905 1499.9 -1.45822e-18
2904 1275.65 -1.75998e-18
2903 1700.87 -3.78227e-18
2902 1688.87 5.22645e-20
2901 1411.93 -1.3479e-18
2900 1212.08 -1.62456e-19
2899 1347.66 9.17252e-19
2898 1380.56 -1.42446e-18
2897 1472.56 -3.07199e-18
2896 1233.32 -3.31756e-19
2895 1559.02 1.60596e-18
2894 1661.19 -1.57096e-18
2893 1942.34 1.21343e-18
2892 1629.87 -5.33052e-19
2891 1644.92 -1.50574e-18
2890 1598.88 1.10084e-18
2889 1551.14 -6.59501e-19
2888 1468.61 -1.3818e-19
2887 1778.88 -2.83288e-18
2886 1368.68 -1.06984e-18
2885 1533.76 -4.09695e-19
2884 1479.97 2.6439e-18
2883 1363.34 -2.50998e-20
2882 1284.52 -1.48008e-18
2881 1582.73 8.88813e-19
2880 1475.55 -6.73126e-19
2879 1695.02 -2.11729e-19
2878 1727.19 -1.83307e-18
2877 1558.76 3.90849e-19
2876 1320.87 4.31133e-20
2875 1383.05 -1.9377e-18
2874 1511.68 2.37823e-19
2873 1467.76 1.47842e-18
2872 1141.95 -1.62444e-18
2871 1028.76 -1.2974e-18
2870 1255.2 1.4873e-19
2869 1218.8 1.16554e-19
2868 1524.49 -3.02855e-19
2867 1199 -3.58299e-18
2866 1390.8 6.51132e-20
2865 1435.94 -1.32809e-19
2864 1224.38 -9.18704e-19
2863 1258.61 4.82454e-20
2862 1620.8 -1.57035e-18
2861 1560.96 2.42602e-18
2860 1455.95 1.88405e-19
2859 1350.51 -7.02185e-19
2858 1397.43 8.45716e-19
2857 1554.63 -3.25982e-19
2856 1416.95 -3.03157e-18
2855 1424.98 7.4933e-19
2854 1408.67 -8.14294e-19
2853 1377.14 7.31193e-19
2852 1309.45 5.45464e-19
2851 1499.37 -5.1219e-19
2850 1209.19 6.01838e-20
2849 1349.43 -2.02953e-18
2848 1161.37 1.62064e-18
2847 1177.87 6.12997e-19
2846 1371.11 1.55202e-18
2845 1595.12 8.20685e-20
2844 1581.45 -1.26393e-18
2843 1330.66 -1.17584e-18
2842 1191.54 -1.39064e-18
2841 995.508 9.21579e-19
2840 1403.89 -3.97541e-19
2839 1459.85 1.00132e-18
2838 979.877 2.1314e-19
2837 1307.39 -5.68493e-19
2836 1543.6 -2.45918e-19
2835 1317.7 1.31709e-18
2834 1495.33 -2.33405e-18
2833 1538.36 -1.45297e-18
2832 1203.21 4.05864e-19
2831 938.637 -2.53144e-19
2830 1294.05 8.99647e-19
2829 1112.8 -3.63046e-19
2828 1019.62 8.91964e-20
2827 1240.83 -2.00781e-18
2826 1334.75 1.61598e-19
2825 1390.15 6.64915e-19
2824 1499.24 1.22052e-18
2823 1317.78 -2.03346e-18
2822 1097.21 1.22776e-18
2821 1157.87 1.01379e-18
2820 1483.13 2.42612e-18
2819 992.975 -5.00164e-19
2818 1368.2 -7.77845e-19
2817 1226.12 -1.57244e-18
2816 1203.38 4.548e-20
2815 1431 -1.78991e-18
2814 1378.39 2.13973e-19
2813 1346.25 -6.50755e-19
2812 1070.21 2.31897e-18
2811 1303.5 -1.06214e-18
2810 1455.56 2.07289e-19
2809 1111.46 -3.78866e-20
2808 1165.96 2.00235e-18
2807 1517.86 2.08858e-18
2806 1085.68 1.35485e-18
2805 1359.03 -4.10554e-19
2804 1262.97 9.28493e-19
2803 1571.16 -2.78499e-18
2802 1325.21 1.81412e-18
2801 1196.02 -1.74746e-18
2800 1451.59 -2.12799e-19
2799 1165.63 -9.71575e-19
2798 1092.36 -5.79495e-19
2797 979.28 -4.07236e-19
2796 1156.9 -6.59898e-19
2795 1151.92 -8.53112e-20
2794 1520.77 1.35024e-18
2793 1053.77 -8.35155e-20
2792 1195.66 6.03849e-19
2791 1463.43 5.89682e-19
2790 913.483 -4.0448e-19
2789 1326.96 2.87666e-19
2788 1425.99 -1.66291e-18
2787 1256.59 -1.05193e-18
2786 1202.14 4.17836e-19
2785 1174.51 -1.29209e-18
2784 1329.05 -1.72371e-18
2783 1010.61 7.06482e-19
2782 1316.02 1.41239e-18
2781 1465.35 -7.05094e-19
2780 1448.84 1.96203e-20
2779 1341.07 -1.02587e-19
2778 1195.7 -1.77974e-18
2777 1360.14 -1.3221e-18
2776 1349.13 -1.03121e-18
2775 1750.58 -7.34393e-19
2774 1422.35 3.88746e-19
2773 1105.51 -1.29212e-18
2772 1328.44 1.21185e-18
2771 1321.72 -1.18646e-19
2770 1532.9 8.89132e-19
2769 1168.57 4.25485e-19
2768 1228.69 1.06437e-18
2767 1196.01 5.95791e-19
2766 1280.76 1.25481e-18
2765 1261.34 -1.25452e-18
2764 1235.14 2.538e-18
2763 1028.96 6.59988e-19
2762 1166.97 1.51647e-18
2761 1174.64 -9.57921e-19
2760 1571.44 -2.67378e-18
2759 1125.16 5.44781e-19
2758 1314.61 9.45269e-19
2757 1124.07 8.46593e-19
2756 1187.36 1.90357e-18
2755 1176.76 -1.75153e-18
2754 1281.57 1.40201e-18
2753 1342.03 4.5032e-18
2752 1410.69 -2.40413e-19
2751 980.488 7.6569e-20
2750 1159.2 -8.11973e-19
2749 1123.42 -1.98731e-19
2748 1036.2 3.16597e-18
2747 1182.67 1.00146e-18
2746 1518.34 -2.05926e-18
2745 1049.9 -9.88356e-19
2744 1154.54 -7.8422e-19
2743 1263.97 1.50906e-18
2742 1268.36 -1.17911e-18
2741 1527.1 -2.63691e-18
2740 950.95 -1.80236e-18
2739 1273.21 -1.02275e-18
2738 1197.67 -4.87171e-19
2737 1191.22 -1.62824e-19
2736 1119.41 -1.55704e-18
2735 1224.72 -2.89327e-18
2734 1305.54 9.65681e-19
2733 1304.32 -1.49712e-18
2732 1189.55 1.86732e-18
2731 1434.27 5.61458e-19
2730 1103.01 1.42055e-18
2729 1088.87 -1.96945e-18
2728 1081.75 2.93471e-19
2727 1350.57 -1.03005e-19
2726 1132.48 -7.9341e-20
2725 1169.68 2.6469e-18
2724 1164.49 -1.52764e-18
2723 1248.4 5.01876e-19
2722 981.449 1.92763e-18
2721 997.39 3.83645e-19
2720 894.505 -2.51338e-18
2719 1188.31 -9.20597e-19
2718 914.388 1.08694e-18
2717 1238.49 -9.42316e-20
2716 819.818 1.90765e-19
2715 884.055 1.52529e-18
2714 1053.24 1.08235e-18
2713 984.902 -1.64552e-19
2712 1479.43 1.6908e-18
2711 1146.03 8.94072e-19
2710 1248.2 -1.5822e-18
2709 1086.58 -1.93858e-18
2708 990.556 -3.22084e-19
2707 1436.55 -7.49837e-19
2706 1082.25 -7.30943e-19
2705 1552.71 1.45245e-19
2704 895.537 -1.19273e-18
2703 1160.86 -5.97551e-19
2702 1307.13 -2.57405e-19
2701 1204.27 5.55811e-19
2700 1585.51 1.28447e-19
2699 1080.71 2.51264e-18
2698 1213.47 -2.90904e-18
2697 1178.9 -4.56344e-19
2696 1270.88 -2.60199e-19
2695 1046.47 -1.63556e-19
2694 949.914 -2.91433e-18
2693 985.302 6.32632e-19
2692 1074.58 2.38671e-19
2691 1041.12 2.16365e-18
2690 1402.74 1.76242e-18
2689 1165.86 1.84056e-18
2688 1067.2 -1.74733e-18
2687 931.265 -1.08737e-18
2686 1127.78 8.6e-19
2685 1325.68 -6.99623e-19
2684 1011.24 1.07806e-18
2683 1533.96 6.08507e-19
2682 1142.62 1.0686e-18
2681 997.862 -2.04968e-18
2680 1160.84 -4.52887e-19
2679 944.205 3.75457e-19
2678 1078.27 1.37113e-18
2677 1033.89 -1.3164e-18
2676 1461.71 2.46705e-18
2675 1109.95 -1.02477e-18
2674 977.732 -1.7409e-18
2673 1143.17 -3.99098e-19
2672 965.221 2.07311e-19
2671 1223.34 -1.74222e-18
2670 916.21 8.40002e-20
2669 1157.89 1.96203e-18
2668 1044.79 -1.13751e-19
2667 822.718 5.52847e-19
2666 1213.35 9.42483e-19
2665 889.042 2.00367e-18
2664 987.576 -2.24084e-18
2663 1042.9 -7.87044e-19
2662 848.743 -3.78005e-21
2661 1010.13 -7.96451e-19
2660 1417.76 2.19069e-20
2659 1044.08 2.87671e-18
2658 1268.71 -6.9654e-19
2657 1299.36 9.32336e-19
2656 1032.63 1.2224e-18
2655 1299.56 5.36717e-19
2654 1245.34 -3.47865e-19
2653 1144.81 1.47099e-18
2652 897.314 2.08918e-19
2651 826.67 7.04779e-19
2650 1193.54 5.55161e-19
2649 1413.5 -3.20267e-18
2648 976.353 -7.78395e-19
2647 1142.88 -2.34842e-18
2646 986.323 -1.3573e-18
2645 1096.09 -8.65783e-19
2644 935.991 -1.39453e-18
2643 896.861 2.43543e-19
2642 1130.58 2.62668e-19
2641 1186.66 2.34167e-18
2640 802.135 -1.50825e-18
2639 1097.84 1.58899e-18
2638 1134.45 -6.23332e-19
2637 1092.54 1.50707e-19
2636 1266.5 -6.87782e-19
2635 1087.03 -1.66965e-18
2634 1083.62 -1.00706e-18
2633 1018.3 -8.94202e-19
2632 1212.39 6.4421e-19
2631 844.822 -1.16735e-19
2630 870.949 2.35187e-18
2629 883.133 1.99809e-19
2628 851.016 -1.00246e-18
2627 1042.99 1.25878e-19
2626 816.402 -2.34698e-18
2625 972.55 -2.9648e-19
2624 1022.43 -2.23871e-18
2623 1162.05 -3.2673e-19
2622 894.32 7.41288e-19
2621 1160.73 -8.92508e-19
2620 1342.34 -3.76945e-19
2619 1074.54 -1.66986e-18
2618 923.672 -2.16393e-18
2617 974.742 -4.71766e-19
2616 1047.08 7.51209e-19
2615 824.377 -1.80462e-18
2614 1097.16 -4.63307e-19
2613 1292.39 5.15164e-19
2612 1199.93 2.16918e-19
2611 1106.54 1.48474e-18
2610 768.578 1.47854e-18
2609 902.313 -2.57511e-19
2608 848.99 1.79685e-18
2607 1070.7 3.66335e-20
2606 1136.92 -4.68348e-19
2605 1212.8 -2.18603e-18
2604 977.685 -1.34676e-18
2603 1039.86 9.39374e-19
2602 1011.17 -1.65365e-18
2601 922.893 1.38298e-18
2600 878.644 -2.77696e-19
2599 1211.81 -5.05806e-19
2598 988.359 -7.0272e-19
2597 1199.01 1.26587e-18
2596 817.623 1.48019e-18
2595 824.328 -5.40513e-19
2594 1218.52 5.96907e-19
2593 942.448 3.59682e-19
2592 948.771 9.37146e-19
2591 801.117 6.84636e-19
2590 977.539 -9.54883e-19
2589 1077.02 -9.73193e-19
2588 1082.65 1.20809e-18
2587 867.17 -2.30387e-18
2586 1152.66 8.89457e-19
2585 882.562 -1.02236e-18
2584 1167.77 8.85441e-19
2583 922.25 -1.02577e-18
2582 982.552 1.18862e-18
2581 923.056 -2.43043e-18
2580 881.414 1.60364e-18
2579 861.269 -7.84263e-19
2578 1173.2 8.76636e-19
2577 970.936 -8.38726e-19
2576 952.412 7.63055e-19
2575 1085.62 -2.95156e-19
2574 901.561 -3.19136e-19
2573 1081.47 5.10189e-19
2572 794.15 1.58294e-18
2571 943.336 -6.92216e-19
2570 951.293 2.22423e-19
2569 771.359 -1.02844e-18
2568 827.63 -2.4909e-19
2567 978.333 5.36666e-19
2566 899.587 -1.05905e-18
2565 1108.72 2.35274e-18
2564 870.09 9.18559e-20
2563 1063.55 -3.26272e-20
2562 715.433 4.14399e-19
2561 854.815 -1.4504e-18
2560 1017.65 -2.58235e-19
2559 1228.1 -2.3395e-18
2558 1145.41 2.09677e-18
2557 996.224 -2.17758e-19
2556 816.957 1.33958e-18
2555 946.355 6.21368e-19
2554 820.542 1.18681e-18
2553 1042.91 4.61062e-19
2552 973.707 -2.08892e-18
2551 868.411 -1.03108e-18
2550 967.644 8.39374e-19
2549 807.19 -9.35229e-19
2548 1213.16 5.54783e-19
2547 765.784 -1.37763e-18
2546 1173.28 1.67582e-18
2545 710.771 -1.55941e-18
2544 963.631 -8.245e-20
2543 956.557 4.42982e-19
2542 1108.99 1.5021e-18
2541 823.255 -2.63485e-19
2540 921.442 -2.3372e-18
2539 1058.79 1.16326e-19
2538 897.088 7.04718e-19
2537 768.105 -1.47175e-18
2536 901.438 -1.90237e-19
2535 820.05 9.2784e-19
2534 866.332 1.11214e-18
2533 748.065 -8.37738e-19
2532 941.282 4.06759e-19
2531 670.802 -1.66269e-19
2530 760.897 -1.09364e-19
2529 937.764 5.96279e-19
2528 815.617 2.4908e-19
2527 794.379 1.26636e-18
2526 721.112 -2.16705e-18
2525 1213.38 2.07291e-20
2524 859.607 5.32438e-19
2523 899.201 -3.14137e-19
2522 1114.69 3.99003e-19
2521 876.738 -5.59982e-19
2520 1164.15 -7.34477e-19
2519 912.078 1.11374e-18
2518 1240.32 2.63572e-19
2517 949.842 1.14866e-18
2516 717.922 9.16647e-19
2515 767.366 -9.64791e-19
2514 801.737 1.19936e-18
2513 773.352 -1.0551e-18
2512 694.23 1.04136e-18
2511 869.643 -8.02648e-19
2510 937.737 1.27903e-19
2509 765.134 -2.12879e-19
2508 909.253 -1.58045e-18
2507 697.649 -1.79574e-18
2506 614.007 -9.95703e-19
2505 865.362 7.14864e-19
2504 707.769 6.29306e-19
2503 955.418 -2.26987e-18
2502 901.095 1.39025e-18
2501 920.905 1.10293e-18
2500 995.508 2.1817e-19
2499 825.765 5.64604e-19
2498 909.027 5.92666e-20
2497 742.56 1.25806e-19
2496 819.993 -3.7076e-19
2495 829.644 -8.57288e-19
2494 671.622 -8.03566e-19
2493 801.324 7.17007e-19
2492 935.989 -8.68115e-19
2491 852.098 1.44625e-18
2490 949.357 5.5393e-20
2489 900.76 -1.32936e-18
2488 612.884 -1.06055e-18
2487 891.778 -5.83946e-20
2486 904.754 -1.05482e-18
2485 882.173 -7.75999e-19
2484 725.432 1.76769e-19
2483 714.971 5.4479e-19
2482 877.895 -8.31451e-19
2481 769.824 -7.73671e-19
2480 657.541 1.23501e-18
2479 791.454 -5.71312e-19
2478 708.876 -7.13635e-19
2477 1051.62 -7.09457e-19
2476 944.547 -2.82623e-19
2475 960.23 -9.99195e-19
2474 870.165 4.06836e-19
2473 835.489 9.72765e-19
2472 678.012 -1.40052e-18
2471 982.688 8.32918e-19
2470 671.662 -4.43365e-21
2469 844.432 -3.89592e-19
2468 850.129 -1.65598e-18
2467 875.704 -2.59499e-19
2466 796.113 -1.76588e-18
2465 953.178 4.11588e-19
2464 887.759 1.51719e-19
2463 953.11 1.86707e-20
2462 1050.79 -1.21058e-18
2461 882.771 -3.03644e-19
2460 745.209 2.37163e-18
2459 838.409 1.74837e-19
2458 952.185 2.53002e-18
2457 673.88 -1.34429e-18
2456 811.212 -1.13401e-18
2455 993.547 2.12344e-19
2454 714.613 6.39636e-19
2453 789.473 -1.33208e-18
2452 777.277 -1.08472e-18
2451 914.177 3.27345e-19
2450 820.626 -1.02975e-18
2449 836.413 -6.63331e-19
2448 651.313 -1.01354e-18
2447 730.358 -2.21656e-19
2446 860.704 -8.15699e-19
2445 700.969 -3.9017e-18
2444 694.51 1.18835e-18
2443 686.602 5.76912e-19
2442 923.347 -5.14739e-19
2441 651.741 1.25563e-19
2440 918.295 2.77057e-19
2439 817.095 -1.08562e-18
2438 706.294 -2.95156e-19
2437 935.754 1.10989e-18
2436 736.134 -2.02367e-20
2435 915.448 -1.83921e-18
2434 696.579 -6.88005e-19
2433 737.684 -7.05851e-19
2432 963.457 -4.02199e-19
2431 797.128 -2.0064e-19
2430 540.967 -7.83576e-19
2429 661.063 4.74355e-19
2428 728.654 -6.98074e-20
2427 729.667 2.24874e-19
2426 752.215 2.83767e-19
2425 702.663 4.19905e-19
2424 980.691 3.45887e-19
2423 763.086 -6.4602e-19
2422 786.972 6.52409e-19
2421 1006.43 -6.8703e-19
2420 717.321 -4.30947e-19
2419 714.249 -4.45257e-20
2418 581.246 -1.42242e-18
2417 595.022 -1.19675e-19
2416 791.709 4.40745e-19
2415 655.944 1.14098e-18
2414 752.298 -1.83398e-18
2413 778.917 1.74082e-19
2412 655.755 -6.98914e-19
2411 785.158 -4.86113e-19
2410 783.315 4.0928e-19
2409 620.717 9.05079e-19
2408 602.043 9.68304e-19
2407 642.078 -6.09176e-19
2406 707.863 -1.00674e-18
2405 624.471 -1.0244e-18
2404 791.487 9.93633e-19
2403 891.029 -1.78844e-19
2402 652.088 -3.7554e-19
2401 709.271 1.27284e-18
2400 803.451 -2.91611e-20
2399 707.143 2.85807e-19
2398 782.295 -7.58727e-20
2397 602.538 1.66144e-19
2396 716.676 5.36844e-19
2395 554.899 3.99991e-19
2394 812.69 9.5837e-19
2393 571.402 7.21525e-19
2392 694.099 -1.97427e-19
2391 631.176 1.2835e-18
2390 770.525 -3.74077e-19
2389 530.32 -8.9315e-19
2388 586.014 1.40181e-18
2387 642.135 6.63557e-19
2386 784.533 1.26203e-18
2385 922.179 -5.06356e-20
2384 719.569 9.16052e-21
2383 699.74 -5.40534e-19
2382 783.497 -3.64693e-19
2381 876.901 8.40914e-19
2380 647.463 5.76595e-19
2379 732.811 1.3022e-19
2378 629.096 -6.58024e-19
2377 843.006 -5.75463e-19
2376 542.688 3.52446e-19
2375 666.538 4.33291e-19
2374 695.507 3.83566e-19
2373 632.6 1.01e-18
2372 679.486 1.85332e-19
2371 691.872 1.52804e-19
2370 688.71 -1.21216e-18
2369 660.682 -5.57328e-19
2368 835.706 2.2533e-19
2367 631.285 4.63942e-19
2366 722.837 -3.21851e-20
2365 686.518 -1.52505e-19
2364 645.444 3.63355e-19
2363 520.555 1.24246e-18
2362 778.186 2.91512e-19
2361 652.771 -2.75003e-19
2360 724.573 -6.6091e-19
2359 835.702 7.37981e-19
2358 856.207 -2.51204e-19
2357 657.79 6.88849e-19
2356 670.354 9.09203e-19
2355 764.699 -2.02269e-19
2354 654.641 -1.41536e-18
2353 896.605 4.11814e-19
2352 706.587 4.32494e-20
2351 617.03 -1.19309e-18
2350 562.979 -6.63772e-19
2349 633.029 4.95859e-19
2348 612.908 -1.2224e-18
2347 570.636 4.21735e-19
2346 639.908 -7.95608e-19
2345 651.287 -9.54359e-19
2344 732.11 1.94452e-18
2343 899.442 1.19566e-19
2342 638.905 -9.60189e-19
2341 802.279 1.9135e-18
2340 542.051 1.75078e-19
2339 651.289 -4.39251e-19
2338 738.065 -8.90008e-19
2337 677.544 -4.39606e-19
2336 635.616 4.94336e-19
2335 632.986 1.23512e-19
2334 604.228 2.61531e-19
2333 700.186 -7.89158e-19
2332 790.092 -1.66649e-18
2331 505.77 -7.33754e-19
2330 577.392 -8.84881e-19
2329 695.489 -6.58652e-20
2328 473.664 -8.55537e-19
2327 648.621 1.79384e-20
2326 636.89 -1.67421e-18
2325 816.629 1.71348e-18
2324 602.713 8.44626e-20
2323 610.515 4.8291e-19
2322 572.931 8.96924e-19
2321 580.684 -4.12296e-19
2320 671.696 6.87041e-19
2319 540.169 -4.938e-19
2318 801.739 8.9173e-20
2317 566.762 4.03828e-19
2316 563.925 6.51576e-19
2315 733 7.08104e-19
2314 531.185 -1.04908e-18
2313 671.525 2.69207e-19
2312 680.193 -1.42104e-19
2311 565.917 -2.04057e-19
2310 689.922 1.36011e-18
2309 714.237 6.22425e-19
2308 799.932 -7.40653e-19
2307 662.273 3.83067e-20
2306 572.19 6.72452e-20
2305 537 6.47479e-19
2304 749.211 -2.32117e-19
2303 626.965 4.36491e-20
2302 561.517 9.31248e-19
2301 773.211 1.3125e-19
2300 627.239 -2.23166e-19
2299 618.388 7.87274e-19
2298 625.471 1.10655e-18
2297 620.836 3.54989e-19
2296 586.823 1.11031e-18
2295 612.006 -1.19139e-18
2294 474.381 -3.69068e-19
2293 706.004 -6.45222e-19
2292 585.505 -2.42724e-19
2291 552.183 3.54763e-19
2290 580.533 -2.75741e-20
2289 610.256 -1.11836e-19
2288 506.946 1.30628e-19
2287 649.712 2.47303e-19
2286 571.124 -1.02904e-18
2285 562.787 9.31291e-19
2284 543.378 -7.41248e-19
2283 620.222 -8.45497e-19
2282 759.535 3.03348e-19
2281 592.545 -5.45588e-19
2280 594.752 -2.81102e-19
2279 674.335 -1.82336e-18
2278 597.564 2.74757e-19
2277 367.927 -1.57777e-18
2276 626.495 6.02892e-19
2275 424.815 5.11545e-19
2274 423.988 -7.8192e-19
2273 550.247 2.05452e-19
2272 565.978 3.30852e-19
2271 510.579 1.69617e-19
2270 630.84 -1.51133e-18
2269 622.279 1.09374e-18
2268 690.441 4.73029e-20
2267 542.177 7.26621e-19
2266 659.769 1.91174e-19
2265 483.296 2.47105e-19
2264 523.281 -4.77227e-19
2263 481.356 -2.06284e-18
2262 433.445 -1.68812e-18
2261 508.206 3.64149e-19
2260 512.216 -3.4676e-19
2259 456.842 -9.00715e-19
2258 596.12 -3.1928e-20
2257 551.353 -1.23023e-18
2256 532.962 1.21897e-19
2255 444.979 -7.16805e-19
2254 527.799 -7.28514e-19
2253 543.492 4.48416e-19
2252 596.767 -1.02048e-18
2251 586.202 -1.07978e-18
2250 528.076 6.92589e-19
2249 550.13 8.03793e-19
2248 588.099 5.16857e-19
2247 468.617 -7.50858e-19
2246 593.884 3.68047e-19
2245 415.704 1.56576e-19
2244 592.959 5.95522e-19
2243 490.868 -3.4848e-19
2242 690.637 1.0478e-18
2241 466.274 5.46738e-19
2240 377.609 4.11304e-19
2239 569.099 -9.96431e-19
2238 407.585 2.19425e-19
2237 501.298 6.68283e-20
2236 419.077 -1.63943e-18
2235 506.088 1.33539e-18
2234 520.744 -6.78654e-19
2233 585.503 -3.45083e-19
2232 512.214 -4.32918e-21
2231 502.998 8.04841e-19
2230 465.698 1.11596e-19
2229 528.704 -7.92514e-21
2228 526.705 3.96832e-19
2227 544.642 -2.90593e-19
2226 555.525 4.77538e-19
2225 475.551 4.88493e-19
2224 556.188 -1.12829e-18
2223 463.188 1.41657e-19
2222 511.713 7.98097e-19
2221 682.602 3.71324e-20
2220 403.894 3.15341e-19
2219 513.878 4.71991e-19
2218 544.741 4.38303e-20
2217 475.426 9.01664e-21
2216 564.486 -1.09716e-19
2215 559.803 3.8206e-19
2214 605.598 -4.18657e-19
2213 482.636 -1.0666e-18
2212 452.549 -1.1512e-19
2211 679.564 -3.75156e-19
2210 484.546 3.80515e-19
2209 463.614 -1.92095e-20
2208 521.726 3.57462e-19
2207 433.836 1.03597e-18
2206 583.073 -3.59782e-19
2205 469.876 -6.34741e-19
2204 500.192 -9.04729e-19
2203 474.405 3.51567e-19
2202 566.683 9.59178e-19
2201 537.593 -1.79018e-20
2200 483.631 5.69663e-19
2199 500.112 -2.28293e-19
2198 540.885 1.12441e-18
2197 379.163 9.84002e-19
2196 389.335 9.97094e-19
2195 594.525 -1.26183e-18
2194 495.044 -1.73064e-18
2193 569.823 -5.08942e-19
2192 430.197 2.49762e-19
2191 416.369 1.21715e-20
2190 518.161 3.05664e-19
2189 439.569 -1.89992e-19
2188 518.482 1.28754e-19
2187 546.612 2.3738e-19
2186 369.362 1.01987e-18
2185 365.494 5.15811e-19
2184 453.526 2.34881e-19
2183 422.691 -2.33811e-20
2182 378.546 2.29036e-19
2181 511.938 5.35527e-19
2180 361.546 1.93863e-19
2179 384.711 3.55739e-19
2178 467.872 -4.5549e-19
2177 624.618 -5.96744e-20
2176 397.576 1.80101e-19
2175 531.971 -3.01367e-19
2174 497.69 -6.37293e-20
2173 386.774 3.03858e-19
2172 421.648 3.18692e-19
2171 469.618 1.82262e-19
2170 471.702 1.23967e-18
2169 381.219 4.51841e-19
2168 490.293 9.66022e-20
2167 454.616 6.19051e-19
2166 557.594 4.26803e-19
2165 444.394 -1.65766e-18
2164 408.006 9.44591e-19
2163 480.746 4.02134e-20
2162 365.8 -8.29948e-19
2161 419.672 2.57868e-19
2160 437.392 8.91143e-19
2159 415.766 -3.91571e-20
2158 354.193 2.44775e-19
2157 341.898 1.3292e-18
2156 373.444 -4.71828e-20
2155 493.859 -1.06408e-19
2154 426.933 2.83238e-20
2153 544.991 6.96811e-19
2152 497.643 -2.51134e-19
2151 487.982 -6.86027e-19
2150 383.96 -9.87051e-20
2149 587.728 2.13989e-19
2148 439.787 -2.92261e-19
2147 505.191 -2.25463e-19
2146 576.299 -7.52459e-19
2145 622.935 -1.62659e-19
2144 387.312 2.48705e-19
2143 399.636 -6.15909e-20
2142 472.596 6.44536e-20
2141 532.44 -8.48181e-19
2140 522.742 -9.8012e-20
2139 396.434 5.89315e-19
2138 532.845 6.07424e-20
2137 470.085 -4.05004e-20
2136 441.952 -3.89594e-19
2135 499.623 -8.59941e-20
2134 397.397 4.00446e-19
2133 357.273 2.70719e-19
2132 390.12 7.93229e-20
2131 365.384 -3.15788e-19
2130 342.406 -4.32523e-19
2129 340.301 5.94407e-19
2128 444.349 7.73422e-19
2127 374.104 1.30744e-18
2126 322.913 -3.08855e-19
2125 435.33 7.31346e-19
2124 411.889 -2.06826e-19
2123 391.261 5.85361e-20
2122 368.432 -4.03034e-19
2121 454.622 -2.20314e-19
2120 500.334 -1.71233e-18
2119 290.027 8.72647e-19
2118 539.875 2.82623e-19
2117 453.344 4.42696e-19
2116 315.445 -3.5031e-19
2115 439.784 -1.13834e-18
2114 309.491 -4.04507e-19
2113 368.519 -1.41955e-19
2112 454.943 2.98738e-19
2111 441.731 -5.41327e-19
2110 330.806 5.44943e-19
2109 367.765 8.37462e-19
2108 435.387 -1.09544e-18
2107 451.836 -1.78498e-18
2106 324.802 2.60895e-19
2105 566.801 -3.10438e-19
2104 310.78 4.44777e-19
2103 390.479 -6.32316e-19
2102 388.155 1.00552e-18
2101 332.395 -1.25021e-20
2100 334.336 2.90299e-19
2099 431.71 3.52452e-20
2098 404.359 3.71106e-19
2097 415.997 3.48837e-19
2096 371.545 2.24728e-19
2095 401.095 5.3247e-20
2094 344.465 6.39917e-20
2093 382.204 -3.06416e-19
2092 394.185 3.47248e-20
2091 348.217 2.91733e-20
2090 407.97 7.23479e-19
2089 374.49 -5.43523e-19
2088 357.336 -9.55779e-20
2087 323.214 8.4282e-20
2086 337.415 9.72016e-19
2085 463.13 2.98288e-19
2084 342.584 -3.59415e-19
2083 397.606 -1.605e-19
2082 308.979 -4.87434e-19
2081 373.809 2.61108e-19
2080 393.746 8.38963e-19
2079 355.757 2.98059e-19
2078 403.101 3.43428e-19
2077 384.18 6.13221e-19
2076 308.801 5.90952e-19
2075 448.809 9.98961e-19
2074 330.145 6.25507e-19
2073 402.133 3.4694e-20
2072 267.241 -4.54319e-19
2071 344.669 -7.17654e-20
2070 382.019 2.75332e-19
2069 345.977 -4.10104e-19
2068 392.436 4.60168e-19
2067 405.839 9.73889e-19
2066 402.155 -8.71228e-19
2065 336.064 3.07926e-19
2064 374.139 5.15503e-19
2063 317.965 2.62701e-19
2062 357.82 2.15113e-19
2061 264.052 -2.49503e-20
2060 329.813 -4.24108e-20
2059 284.253 7.46586e-19
2058 320.642 9.48143e-20
2057 388.403 -2.10243e-19
2056 321.474 -1.21528e-19
2055 356.113 -7.94358e-19
2054 492.16 2.44327e-20
2053 354.792 -6.02843e-19
2052 308.139 1.29879e-19
2051 246.834 4.65158e-19
2050 388.443 -1.62375e-20
2049 368.434 -3.56201e-19
2048 384.49 -4.33228e-19
2047 294.301 4.71634e-19
2046 344.333 4.12738e-19
2045 336.407 -7.86698e-19
2044 288.431 -1.55165e-19
2043 258.506 -1.19652e-20
2042 293.171 1.31952e-20
2041 272.371 3.99178e-19
2040 313.995 6.34648e-20
2039 359.267 -3.155e-19
2038 227.168 7.37361e-19
2037 331.996 2.22851e-19
2036 306.214 2.70272e-19
2035 349.119 -1.0177e-18
2034 296.204 -2.24507e-19
2033 389.973 -1.69468e-19
2032 314.324 -1.0592e-18
2031 341.226 3.29788e-19
2030 409.51 1.09772e-18
2029 311.662 -1.0044e-19
2028 291.716 2.7162e-19
2027 266.21 4.86256e-19
2026 361.462 -4.24169e-19
2025 236.748 4.67159e-19
2024 332.276 -3.1146e-19
2023 393.314 -6.64017e-19
2022 333.109 9.12831e-19
2021 226.388 -4.90762e-19
2020 362.054 5.82294e-19
2019 317.278 1.6934e-19
2018 313.611 -2.30122e-19
2017 391.083 3.86538e-19
2016 324.031 1.28589e-20
2015 332.094 -1.68689e-18
2014 328.823 -5.13793e-19
2013 277.144 -3.99888e-19
2012 260.021 -1.30307e-19
2011 337.764 -2.55626e-19
2010 365.976 4.05582e-19
2009 393.208 6.89853e-19
2008 339.018 -4.42859e-19
2007 300.195 -7.58739e-19
2006 279.765 -1.34089e-19
2005 323.563 -4.52154e-19
2004 351.62 -8.50271e-20
2003 273.985 3.59431e-19
2002 281.657 -9.2577e-19
2001 257.135 -1.78269e-19
2000 306.459 -6.20307e-19
1999 257.263 2.63271e-19
1998 271.072 -1.14646e-19
1997 287.795 6.55465e-19
1996 297.408 4.83908e-19
1995 311.224 6.99008e-20
1994 353.974 2.34747e-19
1993 274.247 2.75258e-19
1992 239.306 -1.61522e-19
1991 377.248 2.60274e-19
1990 212.821 -4.23662e-19
1989 280.128 1.04583e-20
1988 303.985 7.21467e-19
1987 264.746 -6.73254e-19
1986 291.442 5.26464e-19
1985 275.27 -5.73818e-19
1984 273.509 -9.865e-20
1983 231.217 5.79533e-19
1982 220.799 3.23977e-19
1981 202.632 1.20283e-19
1980 322.188 3.81278e-19
1979 412.606 8.68771e-19
1978 261.23 3.39703e-19
1977 270.386 -1.56002e-19
1976 191.939 1.2859e-19
1975 263.809 3.14334e-19
1974 211.604 3.26581e-20
1973 307.701 1.70739e-19
1972 253.033 5.93234e-19
1971 304.525 3.82788e-19
1970 286.315 -6.60555e-21
1969 203.62 6.24828e-19
1968 284.805 -2.87681e-19
1967 277.899 7.24207e-19
1966 280.227 7.77484e-19
1965 256.389 -5.42249e-19
1964 264.025 4.30551e-19
1963 290.998 -1.07833e-18
1962 271.724 7.6128e-22
1961 233.508 -1.29423e-18
1960 274.683 -2.84679e-19
1959 305.001 -7.16594e-19
1958 250.785 6.71771e-19
1957 342.223 1.33022e-19
1956 227.548 -3.49598e-19
1955 266.33 2.23591e-19
1954 149.56 2.24369e-19
1953 261.55 -4.73525e-20
1952 268.164 1.9253e-19
1951 235.401 6.43602e-19
1950 152.032 -1.58011e-20
1949 276.247 2.98902e-19
1948 224.164 5.1201e-19
1947 216.695 8.85234e-19
1946 322.457 -6.65349e-19
1945 209.679 4.38192e-19
1944 257.028 -7.11427e-19
1943 246.216 -5.06603e-19
1942 297.336 -5.99202e-19
1941 329.929 -7.15396e-19
1940 264.148 2.17335e-19
1939 213.889 -5.64933e-19
1938 280.918 -3.78229e-19
1937 264.008 -2.94711e-19
1936 204.327 -5.5641e-19
1935 232.631 4.57777e-19
1934 232.195 2.88544e-19
1933 275.628 6.95094e-19
1932 265.705 -1.29131e-19
1931 312.076 5.74807e-19
1930 255.857 -1.73629e-19
1929 210.463 -2.78706e-19
1928 290.127 -3.74937e-19
1927 238.514 1.75456e-19
1926 252.21 5.99044e-19
1925 257.846 -4.2082e-19
1924 232.1 -2.10787e-19
1923 308.42 -1.94761e-19
1922 263.246 3.83688e-19
1921 220.251 4.1075e-19
1920 209.58 -2.63682e-21
1919 280.491 6.65107e-19
1918 283.648 2.36688e-19
1917 241.654 -2.7114e-20
1916 215.1 -6.79304e-20
1915 331.711 2.98435e-19
1914 224.476 -5.15025e-19
1913 260.968 -1.13269e-18
1912 197.359 1.1822e-19
1911 221.614 4.1596e-20
1910 178.773 3.5872e-19
1909 219.714 1.77332e-19
1908 261.349 -1.2426e-19
1907 203.807 -9.66399e-19
1906 217.42 -1.14127e-19
1905 203.414 9.70734e-20
1904 186.764 1.68311e-19
1903 220.629 4.13997e-20
1902 188.403 -1.32547e-19
1901 215.64 5.22945e-20
1900 194.756 3.21069e-19
1899 225.991 1.09044e-19
1898 183.527 4.2773e-19
1897 204.773 -7.4849e-20
1896 259.734 3.02073e-19
1895 185.379 -1.41354e-20
1894 178.577 7.651e-20
1893 212.053 -6.77423e-19
1892 243.658 -1.53006e-19
1891 225.178 1.15645e-19
1890 172.87 -1.19537e-18
1889 225.662 -2.98818e-19
1888 188.549 4.71028e-19
1887 303.559 3.13445e-19
1886 188.676 -1.72242e-19
1885 297.992 1.87758e-19
1884 239.632 6.92525e-20
1883 219.906 3.67664e-19
1882 276.006 -6.85442e-19
1881 250.761 3.27782e-19
1880 178.331 5.05434e-20
1879 199.377 -1.02012e-18
1878 163.097 -3.98942e-20
1877 197.068 2.31225e-19
1876 234.542 2.80359e-19
1875 196.812 8.32587e-20
1874 221.817 -8.18342e-19
1873 256.74 -9.50174e-19
1872 129.859 -2.38761e-19
1871 166.255 3.95865e-19
1870 160.099 -4.16158e-19
1869 206.723 -2.97003e-21
1868 226.22 2.37398e-19
1867 203.62 4.10389e-19
1866 184.756 2.65112e-19
1865 311.119 2.58894e-19
1864 220.72 -1.66215e-18
1863 245.025 8.47463e-20
1862 211.871 4.54627e-19
1861 292.365 -5.23165e-19
1860 172.751 -6.90629e-19
1859 158.248 4.08633e-19
1858 289.621 7.98346e-20
1857 196.804 7.88428e-20
1856 204.706 -2.36574e-19
1855 221.874 2.9074e-19
1854 223.152 -5.99792e-19
1853 227.197 5.39438e-20
1852 179.141 -3.68665e-19
1851 203.878 -1.07742e-19
1850 161.054 2.35934e-19
1849 141.089 -2.5422e-19
1848 236.538 -7.40522e-20
1847 238.533 -1.48892e-19
1846 215.389 -2.79926e-20
1845 175.228 -2.19667e-20
1844 211.089 -2.52875e-19
1843 185.504 1.7881e-19
1842 163.812 1.78091e-19
1841 156.952 -5.04523e-19
1840 210.059 -4.69073e-19
1839 194.914 -2.21126e-19
1838 164.908 2.0078e-20
1837 181.263 -4.31919e-19
1836 188.009 3.70484e-19
1835 167.569 -2.80004e-19
1834 206.8 1.94105e-19
1833 212.936 2.04805e-19
1832 137.98 1.05503e-19
1831 198.599 3.25039e-19
1830 167.835 1.28161e-19
1829 201.858 3.16793e-19
1828 196.099 9.97376e-20
1827 184.967 -1.11219e-18
1826 202.206 1.33719e-19
1825 149.903 -7.83217e-19
1824 195.564 3.58746e-19
1823 136.368 -1.69044e-19
1822 148.93 4.78478e-19
1821 160.979 1.28114e-19
1820 172.872 -3.81906e-20
1819 139.424 2.38709e-19
1818 195.153 -9.28084e-20
1817 198.308 1.1443e-19
1816 135.621 -7.18286e-19
1815 155.556 5.40431e-20
1814 206.296 1.22382e-19
1813 173.969 -2.74117e-19
1812 213.345 6.1901e-20
1811 138.579 2.71848e-20
1810 171.033 4.56063e-19
1809 167.186 2.7969e-19
1808 220.929 3.79486e-19
1807 149.939 2.81134e-19
1806 173.024 -1.42842e-19
1805 180.053 1.16666e-19
1804 197.818 -1.20879e-20
1803 138.343 -1.51568e-19
1802 160.406 2.71303e-19
1801 132.911 -6.25736e-19
1800 168.521 4.78021e-19
1799 206.868 2.81635e-19
1798 230.026 1.9414e-19
1797 163.668 -3.16254e-19
1796 161.409 2.37443e-19
1795 130.522 -1.24102e-19
1794 190.128 -5.06419e-19
1793 137.366 2.43976e-19
1792 157.66 2.65444e-19
1791 163.655 2.48418e-19
1790 137.786 -2.0591e-19
1789 125.313 1.11889e-20
1788 211.766 -1.00213e-18
1787 181.036 -1.28292e-19
1786 183.28 8.45725e-20
1785 109.422 -3.91846e-19
1784 153.212 2.49106e-19
1783 165.584 -1.01762e-19
1782 142.287 9.7289e-20
1781 110.112 -6.02396e-19
1780 134.619 -5.62356e-19
1779 116.076 1.60207e-19
1778 187.074 2.47647e-19
1777 190.282 -5.37539e-19
1776 152.537 4.25308e-19
1775 100.408 -3.03477e-19
1774 116.977 -8.82336e-22
1773 126.526 2.94778e-20
1772 138.033 -1.90054e-20
1771 221.573 1.319e-19
1770 125.865 -2.11123e-19
1769 125.404 1.48179e-19
1768 106.295 3.38145e-19
1767 144.908 -1.76242e-19
1766 144.212 -1.61849e-19
1765 115.166 4.27498e-19
1764 161.548 -3.92653e-19
1763 158.996 -3.85288e-19
1762 141.425 3.49301e-19
1761 133.159 -2.44645e-20
1760 138.088 -2.48501e-19
1759 177.573 1.64729e-19
1758 145.736 3.59371e-19
1757 123.59 -2.32944e-19
1756 173.766 3.59805e-20
1755 119.152 -6.84219e-19
1754 146.047 -1.1477e-19
1753 114.828 1.65297e-19
1752 164.876 -4.98838e-19
1751 195.217 -1.16168e-20
1750 102.405 -4.6094e-20
1749 131.058 -1.93436e-19
1748 144.657 1.1771e-19
1747 126.423 1.58271e-19
1746 191.821 -2.70817e-19
1745 98.5581 -6.53001e-19
1744 104.376 -2.68264e-19
1743 110.279 -1.4669e-20
1742 158.412 7.51046e-21
1741 129.239 1.52967e-19
1740 143.111 5.34726e-21
1739 88.8669 6.90154e-20
1738 161.216 1.46186e-19
1737 133.877 1.84949e-19
1736 117.078 -4.97594e-19
1735 108.138 3.51764e-19
1734 119.541 -3.9187e-20
1733 139.356 -5.57834e-20
1732 146.249 1.2644e-19
1731 129.118 1.36972e-19
1730 128.693 3.50846e-19
1729 132.079 1.30247e-19
1728 151.445 1.73107e-19
1727 91.9439 3.5806e-20
1726 126.151 1.5597e-19
1725 144.902 -4.53082e-20
1724 122.149 9.03852e-20
1723 120.228 1.57165e-19
1722 115.123 1.00137e-19
1721 105.765 -1.13937e-19
1720 123.408 1.34416e-19
1719 150.499 1.61983e-19
1718 106.66 -7.9831e-20
1717 126.74 1.31481e-19
1716 104.901 1.13107e-19
1715 113.931 -3.02225e-19
1714 119.919 3.25666e-19
1713 121.678 -5.31629e-19
1712 146.42 -7.05563e-20
1711 129.605 -2.70071e-19
1710 112.261 3.59748e-19
1709 137.878 -5.60718e-20
1708 91.5555 2.92671e-19
1707 112.423 -1.00993e-19
1706 94.9595 7.31609e-20
1705 127.13 -9.50186e-20
1704 111.092 7.00161e-20
1703 115.383 3.08519e-19
1702 87.3883 -5.78442e-19
1701 102.732 -1.35557e-19
1700 94.8916 6.55961e-20
1699 106.975 -3.63633e-19
1698 114.128 -5.25326e-19
1697 117.26 -1.1135e-19
1696 118.993 8.4343e-20
1695 96.8126 7.9296e-20
1694 96.5106 -1.60089e-19
1693 85.7145 2.50158e-19
1692 107.55 3.03415e-19
1691 98.9511 4.15131e-20
1690 115.788 1.0129e-19
1689 97.5401 -3.68146e-19
1688 148.912 -1.09714e-19
1687 103.8 2.95682e-19
1686 108.324 -1.31366e-19
1685 68.4443 8.00488e-21
1684 111.627 2.66106e-19
1683 102.498 6.55587e-20
1682 84.4348 4.6972e-20
1681 72.9766 -2.20684e-20
1680 90.4115 3.00809e-19
1679 98.6059 2.42166e-19
1678 116.777 3.06935e-19
1677 74.679 6.28376e-20
1676 70.3535 -2.0935e-19
1675 106.503 1.01911e-19
1674 89.2695 -1.91234e-19
1673 114.456 2.50239e-19
1672 114.915 -3.50388e-19
1671 102.875 6.56791e-20
1670 84.9525 -1.74234e-19
1669 106.434 9.39692e-20
1668 109.644 8.9388e-21
1667 118.233 2.51432e-19
1666 70.1925 2.00601e-19
1665 69.8208 2.37972e-20
1664 77.4381 -4.07788e-19
1663 63.4418 1.9163e-20
1662 84.1998 2.27421e-19
1661 108.341 3.71182e-20
1660 89.6602 2.5371e-19
1659 95.4543 5.63183e-20
1658 100.246 2.37309e-19
1657 58.4472 -2.1886e-20
1656 115.794 2.6767e-19
1655 108.738 6.4822e-20
1654 106.257 -1.80193e-19
1653 72.7594 -1.94776e-19
1652 118.566 7.89204e-20
1651 112.331 -3.57489e-19
1650 113.103 2.45108e-19
1649 92.22 9.4457e-21
1648 84.864 -1.98057e-19
1647 56.2303 -2.07952e-20
1646 99.1663 2.7245e-19
1645 89.3116 -2.03044e-19
1644 79.0345 -4.24957e-19
1643 70.5837 1.67715e-19
1642 137.983 -1.55353e-19
1641 113.222 -1.40109e-19
1640 121.059 2.26939e-19
1639 68.6406 -2.22015e-19
1638 75.4501 2.20468e-19
1637 75.1815 1.4606e-19
1636 95.2408 -1.84087e-19
1635 63.3497 1.81888e-19
1634 94.4663 7.8963e-21
1633 71.3178 -1.88802e-19
1632 90.2446 -2.35847e-19
1631 57.8722 1.8066e-19
1630 85.11 -2.01696e-19
1629 74.9537 2.08268e-19
1628 65.5381 1.81434e-19
1627 82.6979 1.07742e-20
1626 126.028 6.18204e-20
1625 90.0629 1.90739e-19
1624 85.4504 1.81551e-19
1623 55.0274 -6.38674e-20
1622 80.7016 -1.71523e-20
1621 78.2401 -2.45098e-19
1620 56.609 -7.56956e-20
1619 79.1203 1.88797e-19
1618 88.595 -1.26922e-20
1617 87.864 2.02649e-19
1616 85.7389 -4.09074e-19
1615 88.7091 1.97695e-19
1614 57.7349 -4.9416e-20
1613 69.7586 3.41721e-20
1612 80.3428 -1.69229e-21
1611 53.394 -2.86725e-19
1610 67.8405 -6.28873e-20
1609 89.9407 1.00888e-20
1608 58.3912 -4.01902e-20
1607 82.3402 1.58061e-19
1606 60.4367 1.77962e-19
1605 61.6173 2.00085e-19
1604 76.6913 -2.77137e-20
1603 78.5174 -3.76859e-20
1602 52.887 1.64004e-19
1601 69.8992 -2.12882e-20
1600 75.8665 -4.92446e-20
1599 52.6036 -8.35563e-20
1598 87.8044 1.70841e-19
1597 92.516 -5.81984e-21
1596 46.6926 -2.73643e-19
1595 69.1879 -3.72145e-20
1594 61.4316 1.55926e-19
1593 80.3128 2.15875e-19
1592 75.7219 -3.7103e-21
1591 66.804 1.51661e-19
1590 83.7253 -5.08699e-20
1589 66.4401 1.55891e-19
1588 66.2482 -2.7601e-20
1587 62.9306 -8.04192e-20
1586 47.7113 1.32945e-19
1585 69.4949 1.47314e-19
1584 57.8899 -5.16015e-20
1583 65.1882 1.41982e-19
1582 48.2724 -2.78834e-19
1581 55.7136 1.09323e-19
1580 47.7143 -5.11426e-19
1579 68.1858 -5.83088e-20
1578 74.5744 -4.72707e-19
1577 58.6569 1.38011e-19
1576 82.0633 -2.30895e-19
1575 56.9229 1.25624e-19
1574 81.7488 -2.56602e-19
1573 62.0171 -2.90281e-19
1572 61.2826 -6.94972e-20
1571 41.0774 1.0421e-19
1570 41.4023 -3.10801e-19
1569 62.0737 1.39013e-19
1568 48.9161 1.22824e-19
1567 70.7421 -2.63428e-19
1566 51.0735 1.14238e-19
1565 45.8626 -1.03258e-19
1564 53.7362 -2.72636e-19
1563 51.0559 1.24972e-19
1562 49.2017 1.43174e-19
1561 70.335 1.56304e-19
1560 71.3685 1.38474e-19
1559 59.5269 1.51165e-19
1558 63.4957 -8.07109e-20
1557 75.1018 1.67797e-19
1556 51.5031 -9.8322e-20
1555 58.404 1.11651e-19
1554 82.5285 1.76105e-19
1553 67.8938 1.45126e-19
1552 66.5925 -5.69568e-20
1551 59.561 -2.7613e-19
1550 68.4248 -4.96436e-19
1549 41.0079 -3.25372e-19
1548 42.4084 -1.01698e-19
1547 50.4417 1.30466e-19
1546 39.5171 -1.11215e-19
1545 72.8711 -6.42246e-20
1544 54.4163 -7.87748e-20
1543 51.7893 -9.7225e-20
1542 45.5465 -1.07804e-19
1541 82.3324 -5.30148e-20
1540 49.3115 1.43045e-19
1539 46.3837 1.15152e-19
1538 97.22 -2.53355e-19
1537 44.5598 1.08861e-19
1536 56.0526 -8.79343e-20
1535 36.1208 9.34257e-20
1534 83.657 -7.42487e-20
1533 54.622 -5.31036e-20
1532 36.1509 -1.14919e-19
1531 37.6651 -3.33995e-19
1530 43.9858 -8.79873e-20
1529 61.9608 1.19412e-19
1528 56.0536 -2.92274e-19
1527 61.9044 -5.20358e-20
1526 54.5814 -8.48291e-20
1525 56.4521 -8.60207e-20
1524 44.7398 8.88905e-20
1523 40.132 -9.41658e-20
1522 48.5092 1.08018e-19
1521 48.7645 1.07043e-19
1520 37.0056 8.87368e-20
1519 48.7352 1.15656e-19
1518 49.792 9.40152e-20
1517 41.0424 9.36915e-20
1516 32.2395 7.18652e-20
1515 34.973 8.15897e-20
1514 49.5717 8.10873e-20
1513 41.6597 9.35892e-20
1512 38.0847 1.17066e-19
1511 59.7171 1.06598e-19
1510 39.3972 7.59803e-20
1509 64.7121 1.3165e-19
1508 49.0712 8.80458e-20
1507 31.3041 7.36611e-20
1506 47.2004 1.14988e-19
1505 35.4306 8.38731e-20
1504 32.4936 7.25583e-20
1503 45.6003 1.00174e-19
1502 43.229 1.08367e-19
1501 41.1228 9.20662e-20
1500 39.3504 -1.33266e-19
1499 42.5988 1.04587e-19
1498 33.0191 7.58801e-20
1497 34.4715 7.70511e-20
1496 23.4624 5.49494e-20
1495 64.2615 1.36083e-19
1494 35.4762 8.43003e-20
1493 31.1744 -1.2758e-19
1492 27.788 6.65862e-20
1491 28.3319 7.81288e-20
1490 38.3045 7.98504e-20
1489 40.3203 8.90236e-20
1488 39.798 7.60999e-20
1487 34.1414 8.00178e-20
1486 30.5779 6.9555e-20
1485 27.6634 5.8314e-20
1484 23.8712 4.5131e-20
1483 35.2565 8.62755e-20
1482 25.5927 4.71114e-20
1481 32.0339 5.98622e-20
1480 24.2161 4.46031e-20
1479 54.9357 9.7334e-20
1478 40.6054 -1.23896e-19
1477 34.2737 8.05295e-20
1476 72.6546 1.27797e-19
1475 39.4045 6.55541e-20
1474 28.2229 5.66205e-20
1473 27.8441 -1.44246e-19
1472 32.6907 -1.31765e-19
1471 41.3451 7.97374e-20
1470 26.3655 5.35848e-20
1469 27.5737 5.75619e-20
1468 33.2514 8.03687e-20
1467 31.6353 6.58162e-20
1466 60.6235 1.03369e-19
1465 42.3539 1.05256e-19
1464 40.8428 -1.29886e-19
1463 25.4811 5.50957e-20
1462 31.0674 7.24391e-20
1461 30.6149 5.28106e-20
1460 31.0578 8.69931e-20
1459 38.2282 6.90321e-20
1458 21.0681 4.04283e-20
1457 27.083 6.84678e-20
1456 24.9765 5.60215e-20
1455 33.4268 5.75257e-20
1454 56.1586 1.12701e-19
1453 27.6342 5.18715e-20
1452 18.6377 3.95722e-20
1451 21.907 4.17256e-20
1450 29.1471 5.97378e-20
1449 19.4511 4.01608e-20
1448 33.492 6.11503e-20
1447 23.5187 4.78851e-20
1446 24.6938 5.65666e-20
1445 33.8602 8.2639e-20
1444 25.4313 -1.53473e-19
1443 37.9624 -3.49093e-19
1442 35.9139 6.21916e-20
1441 35.3933 6.23609e-20
1440 38.1918 7.81425e-20
1439 28.7154 -1.46096e-19
1438 35.7242 8.0507e-20
1437 33.0119 -1.51497e-19
1436 30.8209 6.0601e-20
1435 27.1941 -3.6186e-19
1434 25.6704 4.92779e-20
1433 27.0604 5.83561e-20
1432 29.3869 5.87625e-20
1431 43.3161 9.62089e-20
1430 22.1503 4.35074e-20
1429 25.3884 -1.59912e-19
1428 21.9765 4.89295e-20
1427 37.2454 -3.43205e-19
1426 19.8108 -1.63444e-19
1425 15.7299 3.13179e-20
1424 27.4391 5.80066e-20
1423 31.7428 6.58636e-20
1422 22.6068 -1.60212e-19
1421 18.4189 3.95412e-20
1420 21.4703 4.46066e-20
1419 19.7497 -1.67364e-19
1418 27.2055 5.49657e-20
1417 28.2554 6.00365e-20
1416 37.2687 7.26415e-20
1415 21.79 3.74756e-20
1414 35.3129 6.79253e-20
1413 20.6771 4.12813e-20
1412 19.684 -1.64623e-19
1411 28.4376 4.24925e-20
1410 15.0231 3.2427e-20
1409 11.2287 2.26552e-20
1408 20.8592 4.2947e-20
1407 23.2103 4.63064e-20
1406 12.877 2.67754e-20
1405 22.1099 -1.60489e-19
1404 29.5542 -1.5403e-19
1403 22.5752 4.29861e-20
1402 29.8261 5.79087e-20
1401 17.7358 -1.78312e-19
1400 45.8494 8.24504e-20
1399 18.1564 -3.77208e-19
1398 16.059 -1.73971e-19
1397 24.0592 5.61103e-20
1396 17.9322 -1.74198e-19
1395 59.645 -1.26164e-19
1394 22.3898 3.85204e-20
1393 21.7594 4.59851e-20
1392 22.5745 3.74922e-20
1391 19.874 -3.75313e-19
1390 27.3476 5.11341e-20
1389 26.9574 4.41052e-20
1388 17.1498 2.98195e-20
1387 23.8584 -1.50858e-19
1386 20.6473 -3.70279e-19
1385 33.2561 -1.61594e-19
1384 12.3267 2.45315e-20
1383 14.5656 2.54627e-20
1382 18.5906 3.63507e-20
1381 24.0205 4.30325e-20
1380 29.4309 -1.62346e-19
1379 26.4019 4.83538e-20
1378 35.7441 -1.58755e-19
1377 22.9049 4.61427e-20
1376 22.6384 4.01893e-20
1375 32.0334 5.19128e-20
1374 24.1277 4.73491e-20
1373 18.2033 3.50823e-20
1372 8.93577 1.55715e-20
1371 24.9269 5.21839e-20
1370 17.3862 -1.78856e-19
1369 14.8509 2.36169e-20
1368 12.3113 2.28484e-20
1367 21.1488 4.16942e-20
1366 32.8516 5.44294e-20
1365 21.2764 3.61774e-20
1364 33.2442 4.59518e-20
1363 13.6851 2.67359e-20
1362 14.716 2.78048e-20
1361 10.7415 1.89619e-20
1360 18.4965 3.47797e-20
1359 11.7526 2.2278e-20
1358 9.73345 1.77773e-20
1357 15.5419 3.07842e-20
1356 21.1557 3.53136e-20
1355 18.487 -1.74164e-19
1354 23.2757 3.96899e-20
1353 21.447 3.79248e-20
1352 7.15924 1.27779e-20
1351 24.3411 4.553e-20
1350 9.83 1.79708e-20
1349 21.3801 3.67798e-20
1348 15.1356 2.64499e-20
1347 13.384 2.53425e-20
1346 9.34313 1.61063e-20
1345 14.8228 2.1986e-20
1344 15.0633 2.62194e-20
1343 5.73363 9.95363e-21
1342 24.9061 4.51081e-20
1341 23.0759 3.96548e-20
1340 19.1386 3.81607e-20
1339 12.34 -1.85893e-19
1338 37.1049 6.39933e-20
1337 11.4689 1.96912e-20
1336 13.6872 1.95992e-20
1335 20.0846 -1.69184e-19
1334 3.77542 6.35107e-21
1333 28.7583 5.34537e-20
1332 19.1751 3.57858e-20
1331 11.5545 -1.91255e-19
1330 16.2547 3.09579e-20
1329 14.3713 1.98257e-20
1328 17.9557 3.1486e-20
1327 24.933 -1.76502e-19
1326 12.5516 2.2703e-20
1325 8.7724 -1.92771e-19
1324 16.9346 2.91816e-20
1323 16.0092 3.00096e-20
1322 16.0622 2.28892e-20
1321 8.11539 1.34466e-20
1320 12.909 2.24284e-20
1319 19.5896 -1.81141e-19
1318 20.2889 3.559e-20
1317 34.6061 4.88334e-20
1316 3.78051 6.18405e-21
1315 13.4287 1.49619e-20
1314 11.2382 1.95834e-20
1313 13.8847 2.4923e-20
1312 14.6839 -1.81446e-19
1311 13.05 2.01904e-20
1310 11.4592 1.47948e-20
1309 19.2227 -1.83977e-19
1308 9.33345 1.58402e-20
1307 15.5374 1.88036e-20
1306 16.9044 2.79953e-20
1305 8.12418 1.35641e-20
1304 9.82924 1.57419e-20
1303 9.68942 1.22113e-20
1302 7.5293 1.24413e-20
1301 14.9268 1.92271e-20
1300 3.96464 -2.01667e-19
1299 19.5859 3.07549e-20
1298 14.7143 2.42002e-20
1297 12.9229 2.11677e-20
1296 28.3006 4.13217e-20
1295 10.1705 1.70244e-20
1294 6.85862 1.11191e-20
1293 10.2751 1.71583e-20
1292 10.0283 1.66785e-20
1291 10.2968 1.30445e-20
1290 6.16373 9.86814e-21
1289 12.9809 2.21177e-20
1288 10.1644 1.6812e-20
1287 16.082 2.07222e-20
1286 5.51492 8.72435e-21
1285 11.4103 1.82229e-20
1284 17.4119 2.48808e-20
1283 4.21576 6.56698e-21
1282 9.35329 1.51984e-20
1281 12.8659 2.03018e-20
1280 6.44706 1.01783e-20
1279 1.95434 2.97232e-21
1278 9.01097 1.44982e-20
1277 1.77742 2.6911e-21
1276 12.0532 1.90152e-20
1275 6.3739 9.97402e-21
1274 11.0581 1.42386e-20
1273 14.7088 1.7206e-20
1272 11.5656 1.88592e-20
1271 6.83879 1.06721e-20
1270 12.4497 1.72203e-20
1269 13.031 1.9922e-20
1268 2.90886 4.0899e-21
1267 4.63249 7.05432e-21
1266 8.16371 1.27265e-20
1265 11.0803 1.77669e-20
1264 7.94453 1.23677e-20
1263 8.71641 1.13298e-20
1262 14.068 2.22448e-20
1261 5.8952 -1.99022e-19
1260 29.7975 4.18348e-20
1259 8.53386 1.32392e-20
1258 1.81377 2.66469e-21
1257 12.1534 1.94095e-20
1256 10.6661 1.54494e-20
1255 9.5511 1.48458e-20
1254 12.8806 2.06032e-20
1253 4.01136 5.94131e-21
1252 5.53452 8.28006e-21
1251 3.10499 4.55291e-21
1250 4.06185 5.98874e-21
1249 5.72896 8.5411e-21
1248 5.60716 8.19707e-21
1247 7.18624 1.08019e-20
1246 5.53141 8.1927e-21
1245 24.8384 3.35508e-20
1244 5.01488 7.3736e-21
1243 9.59455 1.46118e-20
1242 2.69176 3.87754e-21
1241 1.40987 2.00928e-21
1240 0.608723 8.61328e-22
1239 4.36008 5.55734e-21
1238 16.2893 1.91976e-20
1237 10.3244 1.56564e-20
1236 13.7101 1.61714e-20
1235 3.92918 5.64533e-21
1234 1.73031 2.44338e-21
1233 1.77597 2.50453e-21
1232 9.98163 1.49604e-20
1231 2.16194 3.04699e-21
1230 10.4802 1.57184e-20
1229 4.69143 6.7105e-21
1228 10.2206 1.52414e-20
1227 7.30315 1.06184e-20
1226 4.4103 6.26371e-21
1225 11.5995 1.69089e-20
1224 10.0547 1.48676e-20
1223 0.659014 9.07296e-22
1222 4.26903 6.01619e-21
1221 4.97136 7.02978e-21
1220 13.0764 1.94411e-20
1219 21.4737 3.51994e-20
1218 13.0548 1.95946e-20
1217 11.4773 1.30805e-20
1216 2.28694 3.14662e-21
1215 11.6333 1.39312e-20
1214 9.68832 1.40321e-20
1213 12.7973 1.89898e-20
1212 11.4813 1.68156e-20
1211 6.09386 8.54069e-21
1210 5.00114 6.942e-21
1209 0.325397 4.368e-22
1208 3.04011 4.14835e-21
1207 9.22543 1.31481e-20
1206 2.29414 3.10419e-21
1205 4.91716 6.76312e-21
1204 0 0
1203 2.71874 3.67058e-21
1202 10.9702 1.28769e-20
1201 7.6787 1.07008e-20
1200 3.35145 4.52109e-21
1199 6.69826 9.23478e-21
1198 7.53123 1.04285e-20
1197 15.8686 1.48063e-20
1196 0.338829 4.4512e-22
1195 2.15054 2.85355e-21
1194 3.48368 4.65566e-21
1193 2.68508 3.56325e-21
1192 1.33885 1.75822e-21
1191 4.78886 6.42366e-21
1190 8.04953 1.10315e-20
1189 2.69465 3.55181e-21
1188 1.07849 1.40442e-21
1187 0 0
1186 8.8771 1.0452e-20
1185 3.38766 4.45494e-21
1184 0.569663 7.34448e-22
1183 1.52159 1.97018e-21
1182 6.83472 9.15387e-21
1181 1.14363 1.47222e-21
1180 1.93925 2.50474e-21
1179 6.94024 9.25267e-21
1178 6.9632 9.26827e-21
1177 15.8059 1.89939e-20
1176 5.21251 6.83072e-21
1175 0.371017 4.70496e-22
1174 2.67531 3.43595e-21
1173 1.3996 1.78006e-21
1172 1.99564 2.54322e-21
1171 6.05191 7.90566e-21
1170 1.99681 2.53594e-21
1169 2.63028 3.34797e-21
1168 0 0
1167 8.76771 1.15885e-20
1166 4.53228 5.80923e-21
1165 3.36334 4.27107e-21
1164 0.934488 1.16688e-21
1163 4.05943 5.15986e-21
1162 0.609963 7.57536e-22
1161 4.63925 5.89805e-21
1160 6.29025 8.06998e-21
1159 1.02506 1.26963e-21
1158 11.9362 1.5881e-20
1157 0 0
1156 7.70887 9.91328e-21
1155 0.931274 1.14483e-21
1154 3.43823 4.28438e-21
1153 4.9187 6.17594e-21
1152 0 0
1151 1.70631 2.09269e-21
1150 3.15421 3.89584e-21
1149 0.13073 1.58288e-22
1148 5.40517 6.7471e-21
1147 8.99331 1.14762e-20
1146 6.44552 8.07082e-21
1145 6.69003 8.37512e-21
1144 0.103126 1.2376e-22
1143 4.75685 5.8604e-21
1142 0 0
1141 3.02021 3.66808e-21
1140 3.12065 3.7856e-21
1139 6.36392 7.86344e-21
1138 0.697877 8.31584e-22
1137 0 0
1136 1.2551 1.4951e-21
1135 0 0
1134 2.08202 2.48331e-21
1133 5.67017 6.89936e-21
1132 0 0
1131 14.6559 1.18895e-20
1130 8.55889 1.05508e-20
1129 7.0532 8.59414e-21
1128 2.54725 3.01392e-21
1127 3.33723 3.9599e-21
1126 0 0
1125 1.66441 1.94875e-21
1124 0 0
1123 3.83593 4.53211e-21
1122 7.31065 8.80714e-21
1121 6.08172 7.25712e-21
1120 0 0
1119 0.30021 3.45072e-22
1118 3.22927 3.7673e-21
1117 0.768564 8.82544e-22
1116 2.96378 3.4397e-21
1115 0.740727 8.47392e-22
1114 5.36833 6.29595e-21
1113 0 0
1112 4.3721 5.07853e-21
1111 2.29467 2.62891e-21
1110 3.56453 4.10592e-21
1109 0 0
1108 5.51481 6.40162e-21
1107 1.84846 2.09706e-21
1106 0 0
1105 0.617847 6.9368e-22
1104 0.609162 6.82656e-22
1103 4.73955 5.42589e-21
1102 1.88889 2.12389e-21
1101 5.88735 6.76e-21
1100 0.155183 1.72224e-22
1099 2.91962 3.28349e-21
1098 0 0
1097 4.18157 4.71869e-21
1096 0 0
1095 0.992873 1.09678e-21
1094 0.500266 5.5016e-22
1093 1.83467 2.02842e-21
1092 1.10336 1.21285e-21
1091 0.087483 9.5472e-23
1090 1.86426 2.05005e-21
1089 0 0
1088 5.63878 6.30843e-21
1087 0 0
1086 0 0
1085 1.1346 1.23136e-21
1084 2.52687 2.75766e-21
1083 12.7494 1.47501e-20
1082 0.108505 1.1648e-22
1081 0 0
1080 0 0
1079 0 0
1078 0 0
1077 0.553741 5.90304e-22
1076 3.0171 3.25208e-21
1075 0.712686 7.57536e-22
1074 4.60813 4.99096e-21
1073 1.72474 1.83602e-21
1072 0 0
1071 0 0
1070 1.54163 1.6303e-21
1069 0.488173 5.12512e-22
1068 1.3796 1.45226e-21
1067 3.3561 3.56262e-21
1066 0 0
1065 0 0
1064 0 0
1063 2.00682 2.09934e-21
1062 2.29431 2.39907e-21
1061 1.01063 1.0479e-21
1060 1.41684 1.46931e-21
1059 0 0
1058 0 0
1057 0 0
1056 7.10208 7.53064e-21
1055 0.0309908 3.1616e-23
1054 0 0
1053 4.50138 4.67938e-21
1052 3.06112 3.15245e-21
1051 0 0
1050 0 0
1049 0.71753 7.26128e-22
1048 0 0
1047 0.914587 9.22896e-22
1046 0 0
1045 0 0
1044 0 0
1043 0 0
1042 0 0
1041 0.450787 4.48656e-22
1040 6.62354 6.78683e-21
1039 0 0
1038 1.50432 1.49614e-21
1037 3.28919 3.29368e-21
1036 0.00740105 7.28e-24
1035 6.29492 6.3752e-21
1034 0 0
1033 0 0
1032 0.937987 9.19568e-22
1031 0 0
1030 0 0
1029 0 0
1028 0 0
1027 0 0
1026 4.41286 4.34803e-21
1025 1.73928 1.68834e-21
1024 3.95424 3.87192e-21
1023 0 0
1022 0.946741 9.10208e-22
1021 7.50581 7.43642e-21
1020 0.978132 9.36832e-22
1019 0 0
1018 0 0
1017 0 0
1016 0 0
1015 0 0
1014 0 0
1013 0 0
1012 0 0
1011 0 0
1010 0 0
1009 0 0
1008 1.82546 1.71392e-21
1007 0 0
1006 0 0
1005 0 0
1004 9.96842 9.65702e-21
1003 0 0
1002 0.988945 9.13952e-22
1001 0 0
1000 1.2291 1.13256e-21
999 1.43877 1.32434e-21
998 7.5056 7.0928e-21
997 0 0
996 0.0123541 1.1232e-23
995 2.19431 2.01032e-21
994 0 0
993 0.355762 3.21984e-22
992 0 0
991 2.20957 2.00803e-21
990 3.01079 2.7404e-21
989 0 0
988 0.928175 8.33664e-22
987 0 0
986 0 0
985 0 0
984 0 0
983 0 0
982 0 0
981 0 0
980 3.72755 3.33424e-21
979 0 0
978 0 0
977 0.497574 4.36176e-22
976 0 0
975 0 0
974 0 0
973 0 0
972 0.713753 6.1984e-22
971 0 0
970 0 0
969 0 0
968 10.3554 9.30904e-21
967 0.531361 -2.07544e-19
966 0 0
965 0 0
964 3.53059 3.05157e-21
963 0 0
962 0 0
961 0 0
960 0 0
959 0 0
958 0 0
957 0 0
956 3.10804 2.63661e-21
955 0 0
954 0 0
953 0 0
952 0 0
951 2.62335 2.19752e-21
950 0 0
949 0 0
948 4.7189 3.96198e-21
947 0 0
946 0 0
945 0 0
944 2.13096 1.7551e-21
943 0 0
942 0 0
941 0 0
940 0 0
939 0 0
938 0 0
937 0 0
936 0 0
935 0 0
934 1.53523 1.23469e-21
933 0 0
932 0 0
931 0 0
930 0 0
929 0 0
928 0 0
927 0 0
926 0.761955 6.00496e-22
925 0 0
924 0 0
923 0 0
922 0 0
921 0 0
920 0 0
919 0 0
918 0 0
917 0 0
916 0 0
915 0 0
914 0 0
913 0 0
912 0 0
911 0 0
910 1.13896 8.67984e-22
909 0 0
908 0 0
907 0 0
906 0 0
905 0 0
904 0 0
903 0 0
902 0 0
901 0 0
900 0 0
899 0 0
898 0 0
897 0 0
896 0 0
895 0 0
894 0 0
893 0 0
892 0 0
891 0 0
890 0 0
889 0 0
888 0 0
887 0 0
886 0 0
885 0 0
884 0 0
883 0 0
882 0 0
881 0 0
880 0 0
879 0 0
878 0 0
877 0 0
876 0 0
875 0 0
874 0 0
873 0 0
872 0 0
871 2.93661 2.06211e-21
870 0 0
869 0 0
868 0 0
867 0 0
866 0 0
865 0 0
864 0 0
863 0 0
862 0 0
861 0 0
860 0 0
859 0 0
858 0 0
857 0 0
856 0 0
855 0 0
854 0 0
853 0 0
852 0 0
851 0 0
850 0 0
849 0 0
848 0 0
847 0 0
846 0 0
845 0 0
844 0 0
843 0 0
842 0 0
841 0 0
840 0 0
839 0 0
838 0 0
837 0 0
836 0 0
835 0 0
834 0 0
833 0 0
832 0 0
831 0 0
830 0 0
829 0 0
828 0 0
827 0 0
826 0 0
825 0 0
824 0 0
823 0 0
822 0 0
821 0 0
820 0 0
819 0 0
818 0 0
817 0 0
816 0 0
815 0 0
814 0 0
813 0 0
812 0 0
811 0 0
810 0 0
809 0 0
808 0 0
807 0 0
806 0 0
805 0 0
804 0 0
803 0 0
802 0 0
801 0 0
800 0 0
799 0 0
798 0 0
797 0 0
796 0 0
795 0 0
794 0 0
793 0 0
792 0 0
791 0 0
790 7.96301 4.65878e-21
789 0 0
788 0 0
787 0 0
786 0 0
785 0 0
784 0 0
783 0 0
782 0 0
781 0 0
780 0 0
779 0 0
778 0 0
777 0 0
776 0 0
775 0 0
774 0 0
773 0 0
772 0 0
771 0 0
770 0 0
769 0 0
768 0 0
767 0 0
766 0 0
765 0 0
764 0 0
763 0 0
762 0 0
761 0 0
760 0 0
759 0 0
758 0 0
757 0 0
756 0 0
755 0 0
754 0 0
753 0 0
752 0 0
751 0 0
750 0 0
749 0 0
748 0 0
747 0 0
746 0 0
745 0 0
744 0 0
743 0 0
742 0 0
741 0 0
740 0 0
739 0 0
738 0 0
737 0 0
736 0 0
735 0 0
734 0 0
733 0 0
732 0 0
731 0 0
730 0 0
729 0 0
728 0 0
727 0 0
726 0 0
725 0 0
724 0 0
723 0 0
722 0 0
721 0 0
720 0 0
719 0 0
718 0 0
717 0 0
716 0 0
715 0 0
714 0 0
713 0 0
712 0 0
711 0 0
710 0 0
709 0 0
708 0 0
707 0 0
706 0 0
705 0 0
704 0 0
703 0 0
702 0 0
701 0 0
700 0 0
699 0 0
698 0 0
697 0 0
696 0 0
695 0 0
694 0 0
693 0 0
692 0 0
691 0 0
690 0 0
689 0 0
688 0 0
687 0 0
686 0 0
685 0 0
684 0 0
683 0 0
682 0 0
681 0 0
680 0 0
679 0 0
678 0 0
677 0 0
676 0 0
675 0 0
674 0 0
673 0 0
672 0 0
671 0 0
670 0 0
669 0 0
668 0 0
667 0 0
666 0 0
665 0 0
664 0 0
663 0 0
662 0 0
661 0 0
660 0 0
659 0 0
658 0 0
657 0 0
656 0 0
655 0 0
654 0 0
653 0 0
652 0 0
651 0 0
650 0 0
649 0 0
648 0 0
647 0 0
646 0 0
645 0 0
644 0 0
643 0 0
642 0 0
641 0 0
640 0 0
639 0 0
638 0 0
637 0 0
636 0 0
635 0 0
634 0 0
633 0 0
632 0 0
631 0 0
630 0 0
629 0 0
628 0 0
627 0 0
626 0 0
625 0 0
624 0 0
623 0 0
622 0 0
621 0 0
620 0 0
619 0 0
618 0 0
617 0 0
616 0 0
615 0 0
614 0 0
613 0 0
612 0 0
611 0 0
610 0 0
609 0 0
608 0 0
607 0 0
606 0 0
605 0 0
604 0 0
603 0 0
602 0 0
601 0 0
600 0 0
599 0 0
598 0 0
597 0 0
596 0 0
595 0 0
594 0 0
593 0 0
592 0 0
591 0 0
590 0 0
589 0 0
588 0 0
587 0 0
586 0 0
585 0 0
584 0 0
583 0 0
582 0 0
581 0 0
580 0 0
579 0 0
578 0 0
577 0 0
576 0 0
575 0 0
574 0 0
573 0 0
572 0 0
571 0 0
570 0 0
569 0 0
568 0 0
567 0 0
566 0 0
565 0 0
564 0 0
563 0 0
562 0 0
561 0 0
560 0 0
559 0 0
558 0 0
557 0 0
556 0 0
555 0 0
554 0 0
553 0 0
552 0 0
551 0 0
550 0 0
549 0 0
548 0 0
547 0 0
546 0 0
545 0 0
544 0 0
543 0 0
542 0 0
541 0 0
540 0 0
539 0 0
538 0 0
537 0 0
536 0 0
535 0 0
534 0 0
533 0 0
532 0 0
531 0 0
530 0 0
529 0 0
528 0 0
527 0 0
526 0 0
525 0 0
524 0 0
523 0 0
522 0 0
521 0 0
520 0 0
519 0 0
518 0 0
517 0 0
516 0 0
515 0 0
514 0 0
513 0 0
512 0 0
511 0 0
510 0 0
509 0 0
508 0 0
507 0 0
506 0 0
505 0 0
504 0 0
503 0 0
502 0 0
501 0 0
500 0 0
499 0 0
498 0 0
497 0 0
496 0 0
495 0 0
494 0 0
493 0 0
492 0 0
491 0 0
490 0 0
489 0 0
488 0 0
487 0 0
486 0 0
485 0 0
484 0 0
483 0 0
482 0 0
481 0 0
480 0 0
479 0 0
478 0 0
477 0 0
476 0 0
475 0 0
474 0 0
473 0 0
472 0 0
471 0 0
470 0 0
469 0 0
468 0 0
467 0 0
466 0 0
465 0 0
464 0 0
463 0 0
462 0 0
461 0 0
460 0 0
459 0 0
458 0 0
457 0 0
456 0 0
455 0 0
454 0 0
453 0 0
452 0 0
451 0 0
450 0 0
449 0 0
448 0 0
447 0 0
446 0 0
445 0 0
444 0 0
443 0 0
442 0 0
441 0 0
440 0 0
439 0 0
438 0 0
437 0 0
436 0 0
435 0 0
434 0 0
433 0 0
432 0 0
431 0 0
430 0 0
429 0 0
428 0 0
427 0 0
426 0 0
425 0 0
424 0 0
423 0 0
422 0 0
421 0 0
420 0 0
419 0 0
418 0 0
417 0 0
416 0 0
415 0 0
414 0 0
413 0 0
412 0 0
411 0 0
410 0 0
409 0 0
408 0 0
407 0 0
406 0 0
405 0 0
404 0 0
403 0 0
402 0 0
401 0 0
400 0 0
399 0 0
398 0 0
397 0 0
396 0 0
395 0 0
394 0 0
393 0 0
392 0 0
391 0 0
390 0 0
389 0 0
388 0 0
387 0 0
386 0 0
385 0 0
384 0 0
383 0 0
382 0 0
381 0 0
380 0 0
379 0 0
378 0 0
377 0 0
376 0 0
375 0 0
374 0 0
373 0 0
372 0 0
371 0 0
370 0 0
369 0 0
368 0 0
367 0 0
366 0 0
365 0 0
364 0 0
363 0 0
362 0 0
361 0 0
360 0 0
359 0 0
358 0 0
357 0 0
356 0 0
355 0 0
354 0 0
353 0 0
352 0 0
351 0 0
350 0 0
349 0 0
348 0 0
347 0 0
346 0 0
345 0 0
344 0 0
343 0 0
342 0 0
341 0 0
340 0 0
339 0 0
338 0 0
337 0 0
336 0 0
335 0 0
334 0 0
333 0 0
332 0 0
331 0 0
330 0 0
329 0 0
328 0 0
327 0 0
326 0 0
325 0 0
324 0 0
323 0 0
322 0 0
321 0 0
320 0 0
319 0 0
318 0 0
317 0 0
316 0 0
315 0 0
314 0 0
313 0 0
312 0 0
311 0 0
310 0 0
309 0 0
308 0 0
307 0 0
306 0 0
305 0 0
304 0 0
303 0 0
302 0 0
301 0 0
300 0 0
299 0 0
298 0 0
297 0 0
296 0 0
295 0 0
294 0 0
293 0 0
292 0 0
291 0 0
290 0 0
289 0 0
288 0 0
287 0 0
286 0 0
285 0 0
284 0 0
283 0 0
282 0 0
281 0 0
280 0 0
279 0 0
278 0 0
277 0 0
276 0 0
275 0 0
274 0 0
273 0 0
272 0 0
271 0 0
270 0 0
269 0 0
268 0 0
267 0 0
266 0 0
265 0 0
264 0 0
263 0 0
262 0 0
261 0 0
260 0 0
259 0 0
258 0 0
257 0 0
256 0 0
255 0 0
254 0 0
253 0 0
252 0 0
251 0 0
250 0 0
249 0 0
248 0 0
247 0 0
246 0 0
245 0 0
244 0 0
243 0 0
242 0 0
241 0 0
240 0 0
239 0 0
238 0 0
237 0 0
236 0 0
235 0 0
234 0 0
233 0 0
232 0 0
231 0 0
230 0 0
229 0 0
228 0 0
227 0 0
226 0 0
225 0 0
224 0 0
223 0 0
222 0 0
221 0 0
220 0 0
219 0 0
218 0 0
217 0 0
216 0 0
215 0 0
214 0 0
213 0 0
212 0 0
211 0 0
210 0 0
209 0 0
208 0 0
207 0 0
206 0 0
205 0 0
204 0 0
203 0 0
202 0 0
201 0 0
200 0 0
199 0 0
198 0 0
197 0 0
196 0 0
195 0 0
194 0 0
193 0 0
192 0 0
191 0 0
190 0 0
189 0 0
188 0 0
187 0 0
186 0 0
185 0 0
184 0 0
183 0 0
182 0 0
181 0 0
180 0 0
179 0 0
178 0 0
177 0 0
176 0 0
175 0 0
174 5.75293 1.59744e-22
173 0 0
172 0 0
171 0 0
170 0 0
169 0 0
168 0 0
167 0 0
166 0 0
165 0 0
164 0 0
163 0 0
162 0 0
161 0 0
160 0 0
159 0 0
158 0 0
157 0 0
156 0 0
155 0 0
154 0 0
153 0 0
152 0 0
151 0 0
150 0 0
149 0 0
148 0 0
147 0 0
146 0 0
145 0 0
144 0 0
143 0 0
142 0 0
141 0 0
140 0 0
139 0 0
138 0 0
137 0 0
136 0 0
135 0 0
134 0 0
133 0 0
132 0 0
131 0 0
130 0 0
129 0 0
128 0 0
127 0 0
126 0 0
125 0 0
124 0 0
123 0 0
122 0 0
121 0 0
120 0 0
119 0 0
118 0 0
117 0 0
116 0 0
115 0 0
114 0 0
113 0 0
112 0 0
111 0 0
110 0 0
109 0 0
108 0 0
107 0 0
106 0 0
105 0 0
104 0 0
103 0 0
102 0 0
101 0 0
100 0 0
99 0 0
98 0 0
97 0 0
96 0 0
95 0 0
94 0 0
93 0 0
92 0 0
91 0 0
90 0 0
89 0 0
88 0 0
87 0 0
86 0 0
85 0 0
84 0 0
83 0 0
82 0 0
81 0 0
80 0 0
79 0 0
78 0 0
77 0 0
76 0 0
75 0 0
74 0 0
73 0 0
72 0 0
71 0 0
70 0 0
69 0 0
68 0 0
67 0 0
66 0 0
65 0 0
64 0 0
63 0 0
62 0 0
61 0 0
60 0 0
59 0 0
58 0 0
57 0 0
56 0 0
55 0 0
54 0 0
53 0 0
52 0 0
51 0 0
50 0 0
49 0 0
48 0 0
47 0 0
46 0 0
45 0 0
44 0 0
43 0 0
42 0 0
41 0 0
40 0 0
39 0 0
38 0 0
37 0 0
36 0 0
35 0 0
34 0 0
33 0 0
32 0 0
31 0 0
30 0 0
29 0 0
28 0 0
27 0 0
26 0 0
25 0 0
24 0 0
23 0 0
22 0 0
21 0 0
20 0 0
19 0 0
18 0 0
17 0 0
16 0 0
15 0 0
14 0 0
13 0 0
12 0 0
11 0 0
10 0 0
9 0 0
8 0 0
7 0 0
6 0 0
5 0 0
4 0 0
3 0 0
2 0 0
1 0 0
