600 3.12808 -1.29013e-20
599 3.13318 -1.26848e-20
598 3.17422 -1.28293e-20
597 3.15502 -1.27138e-20
596 3.22023 -1.27181e-20
595 3.23126 -1.3026e-20
594 3.20877 -1.31418e-20
593 3.20494 -1.29013e-20
592 3.19044 -1.3251e-20
591 3.22393 -1.30107e-20
590 3.27454 -1.32097e-20
589 3.29851 -1.31308e-20
588 3.25824 -1.31096e-20
587 3.26463 -1.33147e-20
586 3.27283 -1.32189e-20
585 3.2775 -1.33471e-20
584 3.31751 -1.34736e-20
583 3.39952 -1.35797e-20
582 3.37775 -1.36902e-20
581 3.32309 -1.35217e-20
580 3.34539 -1.37927e-20
579 3.37392 -1.35515e-20
578 3.38061 -1.36791e-20
577 3.45951 -1.38898e-20
576 3.48008 -1.40252e-20
575 3.43544 -1.36455e-20
574 3.46095 -1.39074e-20
573 3.49095 -1.40394e-20
572 3.45979 -1.40069e-20
571 3.42557 -1.39361e-20
570 3.52685 -1.40709e-20
569 3.54879 -1.41401e-20
568 3.55955 -1.41003e-20
567 3.54266 -1.42951e-20
566 3.60429 -1.46163e-20
565 3.60619 -1.43361e-20
564 3.5685 -1.437e-20
563 3.57634 -1.44753e-20
562 3.56893 -1.43951e-20
561 3.6791 -1.43047e-20
560 3.62209 -1.46508e-20
559 3.62003 -1.46192e-20
558 3.62803 -1.45484e-20
557 3.6819 -1.46229e-20
556 3.64364 -1.47179e-20
555 3.75801 -1.49267e-20
554 3.76936 -1.49354e-20
553 3.72672 -1.51719e-20
552 3.81335 -1.48838e-20
551 3.76544 -1.515e-20
550 3.84106 -1.52177e-20
549 3.72578 -1.50812e-20
548 3.80424 -1.54251e-20
547 3.76069 -1.51495e-20
546 3.83345 -1.52393e-20
545 3.78817 -1.5214e-20
544 3.81045 -1.5447e-20
543 3.81594 -1.53031e-20
542 3.93883 -1.56552e-20
541 3.92229 -1.55182e-20
540 3.99124 -1.57157e-20
539 3.9346 -1.58803e-20
538 3.98845 -1.57211e-20
537 4.06968 -1.57976e-20
536 4.02016 -1.57602e-20
535 3.97524 -1.55384e-20
534 4.01679 -1.5976e-20
533 4.05401 -1.61764e-20
532 4.10152 -1.58991e-20
531 4.04294 -1.60241e-20
530 4.10117 -1.62271e-20
529 4.12866 -1.60523e-20
528 4.16802 -1.61162e-20
527 4.18747 -1.64613e-20
526 4.23075 -1.63253e-20
525 4.10441 -1.64873e-20
524 4.17882 -1.65641e-20
523 4.18255 -1.64737e-20
522 4.24949 -1.64773e-20
521 4.27209 -1.69056e-20
520 4.24626 -1.66299e-20
519 4.33818 -1.68048e-20
518 4.27086 -1.70557e-20
517 4.32246 -1.70402e-20
516 4.31244 -1.69697e-20
515 4.41533 -1.71202e-20
514 4.4443 -1.69858e-20
513 4.48625 -1.73665e-20
512 4.36223 -1.73314e-20
511 4.37846 -1.75905e-20
510 4.50324 -1.72158e-20
509 4.50347 -1.73687e-20
508 4.46656 -1.75578e-20
507 4.56699 -1.77105e-20
506 4.52161 -1.7568e-20
505 4.58326 -1.78175e-20
504 4.56006 -1.78272e-20
503 4.57841 -1.78452e-20
502 4.62615 -1.81253e-20
501 4.65181 -1.79646e-20
500 4.61906 -1.80532e-20
499 4.67357 -1.80874e-20
498 4.71672 -1.8075e-20
497 4.75728 -1.80729e-20
496 4.73138 -1.80926e-20
495 4.83281 -1.85368e-20
494 4.86127 -1.85058e-20
493 4.80938 -1.83554e-20
492 4.81015 -1.87174e-20
491 4.78898 -1.85491e-20
490 4.77958 -1.86618e-20
489 4.91072 -1.8775e-20
488 4.90267 -1.87319e-20
487 5.00876 -1.89786e-20
486 4.94172 -1.90556e-20
485 5.04866 -1.91449e-20
484 5.03462 -1.9289e-20
483 5.04681 -1.95743e-20
482 4.98851 -1.92045e-20
481 5.14266 -1.93061e-20
480 5.13891 -1.93403e-20
479 5.128 -1.94667e-20
478 5.22907 -1.94782e-20
477 5.31606 -1.95711e-20
476 5.26905 -1.95583e-20
475 5.26814 -1.97555e-20
474 5.18923 -1.9906e-20
473 5.25172 -2.01383e-20
472 5.30676 -1.9982e-20
471 5.26039 -1.99408e-20
470 5.45003 -2.00305e-20
469 5.37493 -2.03e-20
468 5.43505 -2.00772e-20
467 5.47079 -1.99668e-20
466 5.42065 -2.03092e-20
465 5.48201 -2.05239e-20
464 5.5025 -2.03878e-20
463 5.52838 -2.07863e-20
462 5.6013 -2.07655e-20
461 5.63316 -2.10259e-20
460 5.62444 -2.09866e-20
459 5.66027 -2.1186e-20
458 5.54871 -2.10785e-20
457 5.75663 -2.11288e-20
456 5.69136 -2.12801e-20
455 5.78022 -2.13312e-20
454 5.76795 -2.13406e-20
453 5.7424 -2.14084e-20
452 5.90047 -2.15396e-20
451 5.91029 -2.13488e-20
450 5.84377 -2.16631e-20
449 5.91897 -2.16835e-20
448 5.95232 -2.15495e-20
447 6.0007 -2.17392e-20
446 5.94281 -2.22635e-20
445 6.07857 -2.18236e-20
444 6.05613 -2.2102e-20
443 6.21463 -2.22785e-20
442 6.23585 -2.22365e-20
441 6.31218 -2.24133e-20
440 6.1494 -2.25296e-20
439 6.06747 -2.25659e-20
438 6.25975 -2.26617e-20
437 6.34376 -2.2589e-20
436 6.43577 -2.30875e-20
435 6.35338 -2.30205e-20
434 6.40996 -2.3207e-20
433 6.41557 -2.30659e-20
432 6.42962 -2.30732e-20
431 6.38687 -2.31828e-20
430 6.56606 -2.32856e-20
429 6.40973 -2.3532e-20
428 6.71148 -2.37034e-20
427 6.61013 -2.38677e-20
426 6.6418 -2.3607e-20
425 6.74571 -2.35416e-20
424 6.77806 -2.40438e-20
423 6.73635 -2.42623e-20
422 6.76654 -2.40542e-20
421 6.85954 -2.4009e-20
420 6.86632 -2.4533e-20
419 6.88753 -2.43284e-20
418 7.00154 -2.44997e-20
417 7.03982 -2.46548e-20
416 7.01789 -2.45758e-20
415 7.09729 -2.47818e-20
414 7.17838 -2.47815e-20
413 7.0683 -2.48608e-20
412 7.22657 -2.50501e-20
411 7.22848 -2.50464e-20
410 7.29655 -2.5374e-20
409 7.47579 -2.57626e-20
408 7.50649 -2.55629e-20
407 7.22882 -2.5438e-20
406 7.42424 -2.55548e-20
405 7.49032 -2.59542e-20
404 7.52677 -2.57465e-20
403 7.41894 -2.63202e-20
402 7.64402 -2.58173e-20
401 7.50406 -2.61165e-20
400 7.64361 -2.63721e-20
399 7.84995 -2.6439e-20
398 7.64295 -2.64444e-20
397 7.81265 -2.6707e-20
396 7.93821 -2.66178e-20
395 8.00712 -2.66406e-20
394 8.01112 -2.67467e-20
393 8.01558 -2.71983e-20
392 8.1201 -2.7191e-20
391 8.15099 -2.7319e-20
390 8.11242 -2.7156e-20
389 8.20186 -2.76194e-20
388 8.24898 -2.76861e-20
387 8.36275 -2.76401e-20
386 8.49121 -2.79829e-20
385 8.38284 -2.77621e-20
384 8.41016 -2.80035e-20
383 8.45893 -2.80702e-20
382 8.50379 -2.82699e-20
381 8.68222 -2.83995e-20
380 8.80877 -2.85354e-20
379 8.68596 -2.86172e-20
378 8.79597 -2.9083e-20
377 8.63499 -2.87393e-20
376 9.05899 -2.90682e-20
375 9.00371 -2.8932e-20
374 8.90723 -2.93788e-20
373 9.28586 -2.95943e-20
372 9.07824 -2.93087e-20
371 9.24423 -2.95124e-20
370 9.16218 -2.99197e-20
369 9.27744 -2.99608e-20
368 9.57889 -3.00537e-20
367 9.31076 -3.0106e-20
366 9.4595 -3.00999e-20
365 9.75057 -3.07357e-20
364 9.53586 -3.04604e-20
363 9.72597 -3.06297e-20
362 9.98222 -3.08371e-20
361 9.91143 -3.11166e-20
360 9.77946 -3.08618e-20
359 9.84535 -3.10099e-20
358 10.0638 -3.13884e-20
357 10.0692 -3.1383e-20
356 10.0182 -3.1316e-20
355 10.1279 -3.19707e-20
354 10.3137 -3.19616e-20
353 10.5288 -3.22159e-20
352 10.4382 -3.21678e-20
351 10.3234 -3.2421e-20
350 10.4509 -3.25576e-20
349 10.464 -3.18645e-20
348 10.754 -3.27444e-20
347 10.7558 -3.30082e-20
346 11.0493 -3.33439e-20
345 11.0352 -3.32977e-20
344 10.8722 -3.30137e-20
343 11.2358 -3.35152e-20
342 11.3403 -3.39432e-20
341 11.1585 -3.40656e-20
340 11.3865 -3.40982e-20
339 11.2727 -3.41431e-20
338 11.2378 -3.41436e-20
337 11.5948 -3.45187e-20
336 11.6524 -3.43105e-20
335 11.9234 -3.47758e-20
334 11.9865 -3.51057e-20
333 12.1183 -3.50331e-20
332 11.9873 -3.5448e-20
331 12.2452 -3.55341e-20
330 12.1892 -3.55557e-20
329 12.4829 -3.56167e-20
328 12.3519 -3.60282e-20
327 12.5501 -3.62757e-20
326 12.7553 -3.6436e-20
325 12.6613 -3.6469e-20
324 12.7758 -3.67545e-20
323 12.8331 -3.67912e-20
322 13.1239 -3.69423e-20
321 13.0422 -3.70783e-20
320 13.2258 -3.72568e-20
319 13.4291 -3.72386e-20
318 13.5532 -3.76968e-20
317 13.6999 -3.82439e-20
316 13.5372 -3.81672e-20
315 13.7205 -3.79676e-20
314 13.437 -3.83729e-20
313 14.0965 -3.87784e-20
312 14.1195 -3.8752e-20
311 14.1815 -3.89635e-20
310 14.6533 -3.93106e-20
309 14.6739 -3.97214e-20
308 14.6373 -3.95992e-20
307 15.0053 -3.99483e-20
306 15.0121 -3.95497e-20
305 14.8722 -4.04708e-20
304 15.289 -4.07137e-20
303 14.9122 -4.08011e-20
302 15.5124 -4.09526e-20
301 15.4556 -4.09934e-20
300 15.451 -4.16148e-20
299 16.1031 -4.16496e-20
298 15.7701 -4.2073e-20
297 15.6923 -4.1857e-20
296 16.3825 -4.22874e-20
295 16.0842 -4.22979e-20
294 16.5276 -4.25215e-20
293 16.2949 -4.30591e-20
292 16.5136 -4.31782e-20
291 17.2039 -4.37942e-20
290 17.1275 -4.32047e-20
289 17.4461 -4.40293e-20
288 17.582 -4.42991e-20
287 17.3606 -4.46958e-20
286 18.1058 -4.44754e-20
285 17.817 -4.49388e-20
284 17.8649 -4.50429e-20
283 18.6476 -4.54526e-20
282 18.0047 -4.52992e-20
281 18.4863 -4.59936e-20
280 19.0688 -4.66978e-20
279 19.0082 -4.61154e-20
278 19.2276 -4.66298e-20
277 19.4282 -4.69838e-20
276 19.438 -4.67237e-20
275 19.8503 -4.73962e-20
274 19.9782 -4.81052e-20
273 20.0383 -4.78155e-20
272 20.2771 -4.83399e-20
271 20.9057 -4.8589e-20
270 20.7658 -4.88809e-20
269 20.7765 -4.95334e-20
268 21.4326 -5.00319e-20
267 21.3746 -4.97208e-20
266 22.2401 -5.00915e-20
265 21.8094 -5.01453e-20
264 22.256 -5.0616e-20
263 21.9377 -5.12024e-20
262 22.0416 -5.14095e-20
261 22.7521 -5.12558e-20
260 23.6949 -5.25053e-20
259 23.9084 -5.22945e-20
258 24.3554 -5.22558e-20
257 24.8365 -5.31305e-20
256 24.0015 -5.27338e-20
255 24.8723 -5.36402e-20
254 24.6961 -5.33719e-20
253 24.8213 -5.40444e-20
252 25.2261 -5.44156e-20
251 26.2345 -5.50983e-20
250 26.2768 -5.57354e-20
249 26.26 -5.55846e-20
248 26.1614 -5.542e-20
247 28.0048 -5.67259e-20
246 28.4945 -5.68118e-20
245 27.8446 -5.74963e-20
244 27.9351 -5.73676e-20
243 28.0853 -5.803e-20
242 29.3196 -5.921e-20
241 29.0471 -5.89334e-20
240 30.8373 -5.95174e-20
239 29.6321 -5.92117e-20
238 30.7927 -5.99572e-20
237 31.0682 -6.05674e-20
236 32.2038 -6.09082e-20
235 32.678 -6.21746e-20
234 32.3057 -6.15599e-20
233 33.2375 -6.23268e-20
232 33.4902 -6.22403e-20
231 33.9085 -6.31646e-20
230 34.1893 -6.35159e-20
229 36.2153 -6.43749e-20
228 36.2727 -6.42855e-20
227 36.3702 -6.59017e-20
226 37.2873 -6.56135e-20
225 38.0724 -6.61008e-20
224 38.8124 -6.65281e-20
223 39.9473 -6.75136e-20
222 40.0876 -6.75373e-20
221 39.6874 -6.8522e-20
220 41.5545 -6.96334e-20
219 42.374 -6.99679e-20
218 43.57 -6.99956e-20
217 45.4391 -7.11181e-20
216 46.5587 -7.13044e-20
215 46.2874 -7.16774e-20
214 48.6691 -7.21948e-20
213 47.7905 -7.34809e-20
212 48.9614 -7.35395e-20
211 50.9152 -7.55108e-20
210 51.3044 -7.57003e-20
209 48.8739 -7.5607e-20
208 51.7367 -7.6228e-20
207 55.7665 -7.75949e-20
206 58.0279 -7.89152e-20
205 57.5033 -7.90097e-20
204 58.9105 -7.89182e-20
203 60.3694 -8.04241e-20
202 65.3296 -8.17757e-20
201 65.9309 -8.26645e-20
200 66.2471 -8.33335e-20
199 66.5829 -8.41084e-20
198 73.4593 -8.68552e-20
197 71.5158 -8.58369e-20
196 81.1625 -8.76632e-20
195 72.6398 -8.75093e-20
194 75.7641 -8.74937e-20
193 78.3748 -8.95701e-20
192 80.266 -9.18896e-20
191 83.5229 -9.20674e-20
190 86.7205 -9.46196e-20
189 94.4917 -9.60062e-20
188 98.2773 -9.71387e-20
187 98.6964 -9.72286e-20
186 100.213 -1.00098e-19
185 100.796 -1.00806e-19
184 104.02 -1.0301e-19
183 112.943 -1.04055e-19
182 106.09 -1.05311e-19
181 111.576 -1.08083e-19
180 113.25 -1.06815e-19
179 119.024 -1.09356e-19
178 125.796 -1.11446e-19
177 123.59 -1.137e-19
176 125.075 -1.16211e-19
175 131.156 -1.16302e-19
174 131.007 -1.1702e-19
173 128.127 -1.18933e-19
172 128.347 -1.2162e-19
171 134.721 -1.22916e-19
170 133.605 -1.25178e-19
169 132.62 -1.28236e-19
168 133.419 -1.28419e-19
167 133.972 -1.2935e-19
166 126.728 -1.33449e-19
165 133.822 -1.34136e-19
164 127.579 -1.36239e-19
163 123.363 -1.36953e-19
162 115.53 -1.40469e-19
161 121.428 -1.4116e-19
160 113.601 -1.43892e-19
159 111.08 -1.44384e-19
158 113.555 -1.45522e-19
157 104.088 -1.48751e-19
156 117.038 -1.47295e-19
155 101.763 -1.50253e-19
154 103.925 -1.51324e-19
153 89.6717 -1.53792e-19
152 92.114 -1.54897e-19
151 91.6376 -1.5544e-19
150 85.5571 -1.56436e-19
149 82.2683 -1.57988e-19
148 80.7749 -1.5912e-19
147 82.5923 -1.59926e-19
146 72.1974 -1.61897e-19
145 73.1971 -1.62126e-19
144 69.3304 -1.63971e-19
143 64.6319 -1.64565e-19
142 65.1693 -1.65514e-19
141 61.9912 -1.66259e-19
140 60.2576 -1.6689e-19
139 60.2675 -1.67829e-19
138 57.3014 -1.68746e-19
137 54.3347 -1.70075e-19
136 52.4611 -1.69923e-19
135 53.1052 -1.70776e-19
134 51.5206 -1.71467e-19
133 46.0772 -1.73044e-19
132 44.909 -1.73082e-19
131 43.0038 -1.73987e-19
130 41.9114 -1.74518e-19
129 40.7583 -1.75006e-19
128 41.0653 -1.75366e-19
127 38.8353 -1.76047e-19
126 37.4067 -1.76692e-19
125 37.2468 -1.7691e-19
124 32.3114 -1.77792e-19
123 32.9759 -1.7802e-19
122 31.9318 -1.78374e-19
121 29.6425 -1.79005e-19
120 29.6631 -1.7932e-19
119 28.4013 -1.79561e-19
118 27.3063 -1.80168e-19
117 25.4388 -1.80508e-19
116 26.3817 -1.80796e-19
115 25.3706 -1.81079e-19
114 24.6074 -1.81427e-19
113 23.7218 -1.81694e-19
112 22.7429 -1.8209e-19
111 22.924 -1.82356e-19
110 20.7472 -1.82718e-19
109 19.9321 -1.83024e-19
108 19.0027 -1.83336e-19
107 18.7229 -1.83466e-19
106 16.7145 -1.83871e-19
105 16.4611 -1.8407e-19
104 16.0291 -1.84319e-19
103 15.1403 -1.84614e-19
102 14.1199 -1.84841e-19
101 13.814 -1.84918e-19
100 13.4532 -1.85113e-19
99 13.2114 -1.852e-19
98 11.3943 -1.85524e-19
97 11.7075 -1.85591e-19
96 11.4172 -1.85677e-19
95 10.8172 -1.85873e-19
94 9.6364 -1.86122e-19
93 9.06177 -1.86238e-19
92 8.70359 -1.86308e-19
91 8.17298 -1.86487e-19
90 8.10296 -1.86542e-19
89 7.64976 -1.86638e-19
88 6.74177 -1.86808e-19
87 7.02375 -1.86837e-19
86 6.21726 -1.86969e-19
85 6.10911 -1.87025e-19
84 5.43002 -1.87149e-19
83 5.57911 -1.87144e-19
82 4.95537 -1.87234e-19
81 4.88092 -1.87264e-19
80 4.19391 -1.87393e-19
79 3.94829 -1.87444e-19
78 3.76146 -1.87476e-19
77 3.5628 -1.87509e-19
76 2.96349 -1.87613e-19
75 2.65844 -1.87647e-19
74 2.75876 -1.87649e-19
73 2.14861 -1.87733e-19
72 2.11907 -1.87752e-19
71 2.13218 -1.87753e-19
70 1.89334 -1.87786e-19
69 1.99868 -1.87782e-19
68 1.70985 -1.87825e-19
67 1.093 -1.87885e-19
66 1.26186 -1.87871e-19
65 1.17433 -1.87886e-19
64 1.22813 -1.87883e-19
63 0.900298 -1.87918e-19
62 0.702486 -1.87936e-19
61 0.593508 -1.87948e-19
60 0.710325 -1.87941e-19
59 0.607002 -1.8795e-19
58 0.54019 -1.87956e-19
57 0.28466 -1.87978e-19
56 0.469291 -1.87965e-19
55 0.335869 -1.87976e-19
54 0.168549 -1.87988e-19
53 0.157568 -1.87989e-19
52 0.192296 -1.87988e-19
51 0.29469 -1.87983e-19
50 0.0554447 -1.87997e-19
49 0.104242 -1.87994e-19
48 0.077195 -1.87996e-19
47 0.0793002 -1.87996e-19
46 0.00603175 -1.88e-19
45 0.0139287 -1.87999e-19
44 0.0627592 -1.87997e-19
43 0.0379458 -1.87998e-19
42 0.0169411 -1.87999e-19
41 3.12376e-06 -1.88e-19
40 0.000422966 -1.88e-19
39 0.0463494 -1.87998e-19
38 3.63646e-06 -1.88e-19
37 3.83568e-06 -1.88e-19
36 4.05173e-06 -1.88e-19
35 4.28657e-06 -1.88e-19
34 4.54243e-06 -1.88e-19
33 4.8219e-06 -1.88e-19
32 5.12798e-06 -1.88e-19
31 5.46415e-06 -1.88e-19
30 5.8345e-06 -1.88e-19
29 6.24381e-06 -1.88e-19
28 6.69777e-06 -1.88e-19
27 7.20308e-06 -1.88e-19
26 7.76782e-06 -1.88e-19
25 8.40168e-06 -1.88e-19
24 9.1164e-06 -1.88e-19
23 9.92637e-06 -1.88e-19
22 1.08493e-05 -1.88e-19
21 1.19071e-05 -1.88e-19
20 1.31276e-05 -1.88e-19
19 1.45458e-05 -1.88e-19
18 1.62069e-05 -1.88e-19
17 1.81697e-05 -1.88e-19
16 2.05119e-05 -1.88e-19
15 2.3338e-05 -1.88e-19
14 2.67911e-05 -1.88e-19
13 3.10713e-05 -1.88e-19
12 3.64656e-05 -1.88e-19
11 4.33971e-05 -1.88e-19
10 5.25105e-05 -1.88e-19
9 6.48278e-05 -1.88e-19
8 8.20476e-05 -1.88e-19
7 0.000107164 -1.88e-19
6 0.000145862 -1.88e-19
5 0.000210042 -1.88e-19
4 0.00032819 -1.88e-19
3 0.00058345 -1.88e-19
2 0.00131276 -1.88e-19
1 0.00525105 -1.88e-19
