600 470.187 -2.48896e-18
599 352.1 -2.52639e-18
598 284.246 -2.50187e-18
597 285.34 -2.50161e-18
596 333.812 -2.52241e-18
595 337.375 -2.50395e-18
594 279.055 -2.53235e-18
593 296.914 -2.5128e-18
592 304.436 -2.52946e-18
591 400.275 -2.5486e-18
590 364.225 -2.52965e-18
589 377.045 -2.55391e-18
588 334.623 -2.5407e-18
587 294.007 -2.54756e-18
586 319.344 -2.56405e-18
585 314.755 -2.5691e-18
584 296.55 -2.55991e-18
583 344.617 -2.59714e-18
582 353.399 -2.59366e-18
581 337.414 -2.57521e-18
580 376.966 -2.62841e-18
579 272.171 -2.60931e-18
578 354.463 -2.59654e-18
577 331.168 -2.58198e-18
576 277.424 -2.61069e-18
575 245.063 -2.60472e-18
574 338.731 -2.60672e-18
573 356.615 -2.6259e-18
572 344.543 -2.63442e-18
571 314.619 -2.63857e-18
570 363.21 -2.62933e-18
569 357.463 -2.63968e-18
568 348.937 -2.65465e-18
567 331.508 -2.66324e-18
566 357.687 -2.65735e-18
565 349.185 -2.65728e-18
564 327.475 -2.65642e-18
563 332.769 -2.66013e-18
562 308.995 -2.66437e-18
561 320.153 -2.70523e-18
560 367.702 -2.66791e-18
559 366.595 -2.70433e-18
558 361.82 -2.71791e-18
557 338.054 -2.69559e-18
556 341.282 -2.6962e-18
555 335.717 -2.70719e-18
554 380.002 -2.70914e-18
553 368.783 -2.7241e-18
552 350.462 -2.72098e-18
551 366.216 -2.72996e-18
550 373.536 -2.73508e-18
549 406.007 -2.749e-18
548 374.735 -2.7188e-18
547 431.458 -2.75287e-18
546 337.864 -2.76864e-18
545 416.37 -2.75279e-18
544 412.211 -2.78035e-18
543 370.672 -2.77187e-18
542 414.078 -2.7665e-18
541 401.571 -2.79088e-18
540 424.67 -2.79054e-18
539 377.713 -2.80174e-18
538 378.919 -2.79385e-18
537 366.907 -2.78828e-18
536 447.372 -2.80152e-18
535 359.36 -2.82738e-18
534 373.624 -2.84004e-18
533 453.812 -2.80839e-18
532 404.326 -2.84133e-18
531 468.377 -2.83803e-18
530 370.119 -2.8319e-18
529 400.078 -2.83466e-18
528 447.857 -2.84772e-18
527 458.851 -2.84735e-18
526 432.67 -2.85549e-18
525 419.025 -2.8994e-18
524 416.149 -2.87087e-18
523 391.558 -2.87283e-18
522 369.569 -2.88008e-18
521 419.739 -2.90323e-18
520 481.23 -2.90016e-18
519 415.35 -2.90687e-18
518 411.271 -2.89196e-18
517 455.947 -2.90324e-18
516 577.524 -2.94097e-18
515 456.199 -2.9216e-18
514 476.167 -2.94084e-18
513 391.542 -2.93748e-18
512 478.481 -2.9503e-18
511 387.591 -2.95722e-18
510 471.789 -2.98939e-18
509 478.763 -2.9307e-18
508 406.476 -2.99752e-18
507 482.935 -3.01135e-18
506 460.073 -2.96088e-18
505 455.52 -2.99865e-18
504 511.113 -2.99562e-18
503 478.341 -2.99987e-18
502 497.259 -3.01721e-18
501 394.382 -3.00678e-18
500 477.142 -3.03179e-18
499 424.883 -3.01601e-18
498 446.05 -3.03184e-18
497 438.915 -3.04494e-18
496 449.983 -3.02285e-18
495 394.21 -3.06295e-18
494 420.013 -3.05735e-18
493 406.889 -3.07737e-18
492 447.954 -3.11149e-18
491 532.498 -3.09464e-18
490 474.568 -3.06571e-18
489 428.404 -3.09087e-18
488 535.355 -3.09835e-18
487 486.528 -3.11287e-18
486 534.356 -3.13866e-18
485 477.405 -3.13165e-18
484 459.732 -3.13467e-18
483 508.575 -3.15984e-18
482 408.807 -3.12864e-18
481 510.359 -3.15391e-18
480 456.413 -3.16549e-18
479 493.068 -3.16995e-18
478 448.711 -3.16886e-18
477 457.307 -3.19354e-18
476 489.74 -3.18731e-18
475 472.803 -3.2071e-18
474 524.353 -3.21235e-18
473 621.987 -3.23506e-18
472 525.69 -3.22614e-18
471 527.625 -3.22365e-18
470 536.282 -3.25657e-18
469 614.898 -3.223e-18
468 482.001 -3.25775e-18
467 568.08 -3.26448e-18
466 549.228 -3.24711e-18
465 578.517 -3.27624e-18
464 551.236 -3.29175e-18
463 478.956 -3.28562e-18
462 499.748 -3.28861e-18
461 554.537 -3.26797e-18
460 569.11 -3.3214e-18
459 536.711 -3.32511e-18
458 531.903 -3.3021e-18
457 558.2 -3.32374e-18
456 485.357 -3.35363e-18
455 617.756 -3.32572e-18
454 530.384 -3.34152e-18
453 491.028 -3.39831e-18
452 489.781 -3.3759e-18
451 591.451 -3.35214e-18
450 550.117 -3.40799e-18
449 652.126 -3.39047e-18
448 651.264 -3.40915e-18
447 587.432 -3.40407e-18
446 597.62 -3.39801e-18
445 627.211 -3.43507e-18
444 643.624 -3.44529e-18
443 552.583 -3.44604e-18
442 539.293 -3.44223e-18
441 631.717 -3.43782e-18
440 546.597 -3.48927e-18
439 591.796 -3.46374e-18
438 565.675 -3.49114e-18
437 669.556 -3.4925e-18
436 647.733 -3.48245e-18
435 593.859 -3.49418e-18
434 548.838 -3.52624e-18
433 847.141 -3.52272e-18
432 611.828 -3.55189e-18
431 673.191 -3.56503e-18
430 658.296 -3.55809e-18
429 708.648 -3.55632e-18
428 600.846 -3.54677e-18
427 577.87 -3.596e-18
426 707.724 -3.62206e-18
425 677.241 -3.62325e-18
424 561.842 -3.62013e-18
423 655.009 -3.62112e-18
422 633.34 -3.64574e-18
421 650.328 -3.62045e-18
420 589.638 -3.65001e-18
419 748.998 -3.68685e-18
418 651.233 -3.65712e-18
417 631.185 -3.68727e-18
416 757.603 -3.70904e-18
415 696.831 -3.70467e-18
414 643.228 -3.68355e-18
413 669.729 -3.71152e-18
412 647.439 -3.70537e-18
411 849.355 -3.72134e-18
410 757.5 -3.73274e-18
409 725.846 -3.73803e-18
408 823.668 -3.76613e-18
407 751.671 -3.7925e-18
406 721.429 -3.79216e-18
405 823.174 -3.79982e-18
404 782.637 -3.82597e-18
403 846.75 -3.82042e-18
402 765.368 -3.81692e-18
401 825.709 -3.84815e-18
400 808.95 -3.89014e-18
399 645.549 -3.88356e-18
398 784.573 -3.85465e-18
397 732.523 -3.8496e-18
396 741.569 -3.85761e-18
395 918.129 -3.94269e-18
394 669.114 -3.9168e-18
393 751.326 -3.93122e-18
392 770.499 -3.93277e-18
391 840.926 -3.94476e-18
390 812.545 -3.9647e-18
389 866.231 -3.96464e-18
388 797.005 -3.97299e-18
387 839.767 -3.97087e-18
386 894.109 -4.01441e-18
385 899.487 -4.0278e-18
384 897.522 -4.02925e-18
383 1037.93 -4.05138e-18
382 745.489 -4.07009e-18
381 819.865 -4.04539e-18
380 823.058 -4.04623e-18
379 730.186 -4.06991e-18
378 931.792 -4.09899e-18
377 812.346 -4.08151e-18
376 750.847 -4.11091e-18
375 962.977 -4.14571e-18
374 859.201 -4.13239e-18
373 907.535 -4.15999e-18
372 828.211 -4.19223e-18
371 809.959 -4.22146e-18
370 792.104 -4.18486e-18
369 877.625 -4.19092e-18
368 897.595 -4.24352e-18
367 828.525 -4.23524e-18
366 918.072 -4.27453e-18
365 1015.04 -4.24463e-18
364 938.36 -4.29618e-18
363 880.312 -4.28847e-18
362 1079.75 -4.29468e-18
361 915.101 -4.35892e-18
360 928.465 -4.33417e-18
359 795.875 -4.37681e-18
358 999.557 -4.36596e-18
357 870.788 -4.39007e-18
356 1025.44 -4.38074e-18
355 934.7 -4.4172e-18
354 1070.97 -4.38871e-18
353 1098.2 -4.43933e-18
352 1120.36 -4.45561e-18
351 867.897 -4.50156e-18
350 866.975 -4.47496e-18
349 1000.69 -4.49051e-18
348 1078.5 -4.48846e-18
347 986.421 -4.54692e-18
346 1150.18 -4.54562e-18
345 1078.69 -4.55007e-18
344 909.526 -4.57338e-18
343 1152.91 -4.59333e-18
342 1091.44 -4.57518e-18
341 932.124 -4.63978e-18
340 1326.31 -4.61678e-18
339 1397.23 -4.65251e-18
338 1229.53 -4.66325e-18
337 1186.97 -4.69879e-18
336 1033.72 -4.71403e-18
335 977.657 -4.70135e-18
334 887.918 -4.71535e-18
333 1294.5 -4.71882e-18
332 1072.17 -4.78624e-18
331 1119.23 -4.7794e-18
330 1208.81 -4.79015e-18
329 1261.99 -4.8395e-18
328 1344.33 -4.82956e-18
327 1462.76 -4.85982e-18
326 1405.55 -4.84033e-18
325 1309.54 -4.88162e-18
324 1369.4 -4.92488e-18
323 1016.7 -4.87802e-18
322 1351.43 -4.92348e-18
321 1487.41 -4.99414e-18
320 1430.69 -4.96248e-18
319 1166.45 -5.00164e-18
318 1304.77 -5.02531e-18
317 1526.69 -5.02237e-18
316 1243 -5.08446e-18
315 1837.77 -5.05444e-18
314 1454.47 -5.11027e-18
313 1551.2 -5.12471e-18
312 1355.39 -5.09263e-18
311 1104.59 -5.11002e-18
310 1447.03 -5.19726e-18
309 1710.58 -5.21759e-18
308 1610.4 -5.17704e-18
307 1641.73 -5.22134e-18
306 1596.15 -5.21697e-18
305 1703.46 -5.25527e-18
304 1832.9 -5.27624e-18
303 1448.86 -5.29399e-18
302 1712.51 -5.33458e-18
301 1632.32 -5.33268e-18
300 1831.24 -5.41521e-18
299 1455.21 -5.42525e-18
298 1268.34 -5.40465e-18
297 1767.26 -5.40542e-18
296 1546.83 -5.45087e-18
295 2036.13 -5.50095e-18
294 1472.12 -5.45855e-18
293 1733.69 -5.59289e-18
292 1643.97 -5.5108e-18
291 1878.84 -5.56818e-18
290 1861.44 -5.55504e-18
289 1309.37 -5.60692e-18
288 1576.43 -5.66132e-18
287 1775.18 -5.67413e-18
286 1602.27 -5.67276e-18
285 1922.06 -5.65535e-18
284 1673.08 -5.74563e-18
283 1554.19 -5.76811e-18
282 1425.08 -5.8072e-18
281 1711 -5.83596e-18
280 1458.45 -5.85949e-18
279 1678.3 -5.88062e-18
278 1926.24 -5.86995e-18
277 1968.25 -5.9144e-18
276 1469.09 -5.96113e-18
275 2278 -5.98875e-18
274 2077.15 -5.96899e-18
273 1782.51 -6.01902e-18
272 2123.02 -6.0115e-18
271 2399.14 -6.12386e-18
270 2319.33 -6.08082e-18
269 2214.26 -6.14492e-18
268 2184.07 -6.1534e-18
267 2320.23 -6.18219e-18
266 2726.97 -6.26919e-18
265 2372.71 -6.26738e-18
264 2506.36 -6.2561e-18
263 2180.13 -6.30355e-18
262 2740.74 -6.38662e-18
261 2165.3 -6.38241e-18
260 2444.84 -6.3657e-18
259 2703.14 -6.43711e-18
258 2304.47 -6.5e-18
257 2576.31 -6.48552e-18
256 2157.32 -6.52512e-18
255 1989.52 -6.63335e-18
254 2323.34 -6.66448e-18
253 2243.33 -6.69178e-18
252 2022.26 -6.66499e-18
251 3025.34 -6.70382e-18
250 2412.27 -6.75495e-18
249 2733.26 -6.79433e-18
248 2636.2 -6.81216e-18
247 2593.79 -6.87929e-18
246 1989.55 -6.85392e-18
245 2766.63 -6.88613e-18
244 3073.3 -6.97885e-18
243 2773.1 -6.96142e-18
242 2781.55 -7.04185e-18
241 2668.91 -7.03893e-18
240 3039.54 -7.11584e-18
239 3202.98 -7.17748e-18
238 2357.45 -7.22073e-18
237 3188.53 -7.24788e-18
236 3191.89 -7.24159e-18
235 2424.24 -7.31267e-18
234 3763.14 -7.40643e-18
233 3668.03 -7.41589e-18
232 3946.38 -7.51083e-18
231 3082.76 -7.60528e-18
230 2802.62 -7.565e-18
229 3469.13 -7.56682e-18
228 3286.51 -7.65808e-18
227 3252.91 -7.69951e-18
226 4879.24 -7.74024e-18
225 2937.95 -7.76058e-18
224 3442.04 -7.90465e-18
223 4215.14 -7.89343e-18
222 4425.2 -8.00966e-18
221 3158.91 -8.03853e-18
220 3919.08 -8.02537e-18
219 3004.09 -8.05868e-18
218 2938.95 -8.20312e-18
217 3267.57 -8.2665e-18
216 3332.53 -8.263e-18
215 3037.41 -8.31347e-18
214 4533.25 -8.3979e-18
213 4284.65 -8.4211e-18
212 3340.28 -8.5018e-18
211 4786.77 -8.46745e-18
210 4992.84 -8.64459e-18
209 6328.14 -8.70278e-18
208 3751.03 -8.6873e-18
207 4596.82 -8.83357e-18
206 6157.02 -8.95363e-18
205 5132.15 -8.97757e-18
204 3675.4 -8.9349e-18
203 6526.97 -9.11367e-18
202 5208.94 -9.19122e-18
201 4667.98 -9.26713e-18
200 4915.11 -9.2454e-18
199 6064.37 -9.34295e-18
198 4280.76 -9.45894e-18
197 3941.24 -9.55048e-18
196 4836.69 -9.55355e-18
195 6216 -9.71678e-18
194 5672.8 -9.7821e-18
193 6051.07 -9.77477e-18
192 4004.55 -9.96053e-18
191 6772.29 -1.0096e-17
190 6461.82 -1.01506e-17
189 7086.32 -1.0226e-17
188 4502.34 -1.03336e-17
187 4572.21 -1.04577e-17
186 7593.46 -1.05721e-17
185 8392.31 -1.06342e-17
184 7814.45 -1.06799e-17
183 5790.93 -1.07592e-17
182 7077.65 -1.10652e-17
181 5402.51 -1.11129e-17
180 6594.89 -1.11149e-17
179 9281.14 -1.13951e-17
178 5172.68 -1.15353e-17
177 11001.8 -1.1593e-17
176 6785.11 -1.16958e-17
175 10524.5 -1.16732e-17
174 8525.59 -1.21789e-17
173 10728 -1.22939e-17
172 6781.73 -1.23819e-17
171 10694.7 -1.23779e-17
170 9841.22 -1.26153e-17
169 7663.1 -1.28806e-17
168 5677.64 -1.31056e-17
167 4967.68 -1.32488e-17
166 7351.16 -1.35392e-17
165 10355.8 -1.37552e-17
164 8813.72 -1.3887e-17
163 10936.5 -1.42918e-17
162 11355.9 -1.45889e-17
161 10965.4 -1.47583e-17
160 8156.31 -1.49852e-17
159 8771.44 -1.50319e-17
158 11171.1 -1.54381e-17
157 9702.41 -1.54745e-17
156 7644.7 -1.58165e-17
155 9807.76 -1.59926e-17
154 5769.06 -1.60126e-17
153 8677.73 -1.62815e-17
152 4891.81 -1.66638e-17
151 6947.77 -1.68325e-17
150 8405.24 -1.70027e-17
149 9573.49 -1.70211e-17
148 11671.6 -1.71304e-17
147 9265.37 -1.71923e-17
146 5593.57 -1.7371e-17
145 6992.82 -1.74429e-17
144 6893.21 -1.7511e-17
143 6197.84 -1.76238e-17
142 5427.75 -1.777e-17
141 4219.24 -1.7812e-17
140 7544.66 -1.79711e-17
139 6190.82 -1.79765e-17
138 4664.11 -1.80722e-17
137 4555.68 -1.81717e-17
136 5933.37 -1.82412e-17
135 3794.64 -1.8391e-17
134 4855.19 -1.84474e-17
133 3743.5 -1.84505e-17
132 4409.66 -1.85416e-17
131 4078.48 -1.85472e-17
130 5273.32 -1.86378e-17
129 3243.74 -1.87105e-17
128 3582.93 -1.87288e-17
127 5391.88 -1.88025e-17
126 3353.45 -1.88659e-17
125 3109.02 -1.89139e-17
124 2473.06 -1.8934e-17
123 2299.9 -1.90335e-17
122 2571.12 -1.90485e-17
121 3268.06 -1.91111e-17
120 2479.56 -1.91164e-17
119 3055.48 -1.91691e-17
118 2703.03 -1.9232e-17
117 2318.44 -1.92617e-17
116 2219.56 -1.93085e-17
115 2382.98 -1.93388e-17
114 2934.87 -1.93483e-17
113 2735.67 -1.9414e-17
112 2250.96 -1.94416e-17
111 1585.11 -1.94631e-17
110 1251.52 -1.94975e-17
109 2218.96 -1.95217e-17
108 1621.34 -1.95545e-17
107 1506.65 -1.95802e-17
106 1294.15 -1.95984e-17
105 2004.54 -1.96343e-17
104 1340.57 -1.96555e-17
103 1483.1 -1.96553e-17
102 1440.43 -1.96943e-17
101 1314.59 -1.97288e-17
100 1266.38 -1.97206e-17
99 1388.31 -1.9746e-17
98 909.015 -1.97678e-17
97 878.508 -1.97794e-17
96 1166.83 -1.98005e-17
95 965.48 -1.98128e-17
94 405.93 -1.98274e-17
93 763.95 -1.98376e-17
92 570.723 -1.98575e-17
91 404.845 -1.98595e-17
90 540.917 -1.98699e-17
89 531.856 -1.989e-17
88 256.179 -1.98995e-17
87 318.52 -1.99168e-17
86 381.801 -1.99135e-17
85 276.581 -1.9927e-17
84 113.819 -1.99309e-17
83 320.161 -1.99388e-17
82 280.266 -1.99444e-17
81 128.712 -1.99569e-17
80 86.5781 -1.99632e-17
79 165.747 -1.99669e-17
78 33.0759 -1.99709e-17
77 -50.8263 -1.99787e-17
76 131.58 -1.99793e-17
75 -50.4831 -1.99854e-17
74 -148.654 -1.99906e-17
73 -168.916 -1.99932e-17
72 -134.983 -1.9995e-17
71 -255.725 -1.99969e-17
70 -283.985 -2.0002e-17
69 -270.712 -2.0006e-17
68 -357.118 -2.00094e-17
67 -300.918 -2.00097e-17
66 -329.532 -2.00087e-17
65 -384.271 -2.00119e-17
64 -393.925 -2.00114e-17
63 -443.163 -2.00149e-17
62 -454.247 -2.00157e-17
61 -502.432 -2.00193e-17
60 -528.638 -2.00182e-17
59 -556.345 -2.00194e-17
58 -587.976 -2.00207e-17
57 -599.39 -2.002e-17
56 -620.912 -2.00209e-17
55 -666.898 -2.00219e-17
54 -691.686 -2.00219e-17
53 -732.594 -2.00227e-17
52 -761.336 -2.0023e-17
51 -801.902 -2.00236e-17
50 -831.834 -2.00235e-17
49 -867.092 -2.00235e-17
48 -903.304 -2.00235e-17
47 -949.928 -2.00239e-17
46 -992.007 -2.00239e-17
45 -1034.86 -2.00238e-17
44 -1086.52 -2.0024e-17
43 -1134.78 -2.00239e-17
42 -1192.46 -2.0024e-17
41 -1249.41 -2.00239e-17
40 -1314.69 -2.0024e-17
39 -1382.98 -2.0024e-17
38 -1456.72 -2.0024e-17
37 -1536.53 -2.0024e-17
36 -1623.07 -2.0024e-17
35 -1717.15 -2.0024e-17
34 -1819.64 -2.0024e-17
33 -1931.59 -2.0024e-17
32 -2054.2 -2.0024e-17
31 -2188.87 -2.0024e-17
30 -2337.23 -2.0024e-17
29 -2501.2 -2.0024e-17
28 -2683.04 -2.0024e-17
27 -2885.47 -2.0024e-17
26 -3111.69 -2.0024e-17
25 -3365.61 -2.0024e-17
24 -3651.92 -2.0024e-17
23 -3976.38 -2.0024e-17
22 -4346.08 -2.0024e-17
21 -4769.85 -2.0024e-17
20 -5258.76 -2.0024e-17
19 -5826.88 -2.0024e-17
18 -6492.3 -2.0024e-17
17 -7278.56 -2.0024e-17
16 -8216.82 -2.0024e-17
15 -9348.91 -2.0024e-17
14 -10732.2 -2.0024e-17
13 -12446.8 -2.0024e-17
12 -14607.7 -2.0024e-17
11 -17384.3 -2.0024e-17
10 -21035.1 -2.0024e-17
9 -25969.2 -2.0024e-17
8 -32867.3 -2.0024e-17
7 -42928.7 -2.0024e-17
6 -58430.7 -2.0024e-17
5 -84140.2 -2.0024e-17
4 -131469 -2.0024e-17
3 -233723 -2.0024e-17
2 -525876 -2.0024e-17
1 -2.10351e+06 -2.0024e-17
