3000 20.0559 -6.93893e-19
2999 18.9555 3.43659e-19
2998 21.2759 2.23915e-19
2997 18.8601 -2.30885e-19
2996 17.1734 2.28583e-20
2995 18.3175 -1.30441e-19
2994 18.8144 -4.80249e-20
2993 18.7736 -8.90393e-20
2992 17.4266 1.35626e-19
2991 16.3975 2.44879e-19
2990 20.506 1.97564e-19
2989 21.4396 3.46481e-19
2988 18.205 -1.97466e-19
2987 20.9991 -1.4098e-19
2986 19.0468 7.49255e-20
2985 18.0752 6.25186e-20
2984 17.9869 2.30601e-19
2983 20.5075 1.2887e-19
2982 18.7532 3.59865e-20
2981 19.5425 -4.47721e-20
2980 19.8887 4.60284e-19
2979 20.0907 -2.49102e-19
2978 19.9732 -3.14064e-19
2977 19.0746 1.09932e-19
2976 19.5712 -1.35011e-19
2975 16.8336 1.09418e-19
2974 20.1728 -5.86039e-21
2973 21.5287 5.92801e-20
2972 20.4927 1.63773e-20
2971 22.5245 -6.50395e-20
2970 19.2675 -1.54633e-19
2969 22.3857 1.09096e-20
2968 21.3184 1.67182e-19
2967 17.3823 2.4172e-19
2966 18.6901 -9.33855e-20
2965 19.2615 -1.64207e-19
2964 18.6147 -2.00023e-19
2963 21.9053 1.15429e-19
2962 17.4472 -2.43949e-19
2961 19.7034 -1.97633e-19
2960 18.4992 -5.14627e-21
2959 18.567 1.10619e-20
2958 18.851 -1.4129e-19
2957 17.8236 2.13304e-19
2956 21.4141 2.38055e-19
2955 18.9228 -1.90164e-19
2954 18.6257 -3.79611e-20
2953 18.5538 9.20063e-20
2952 16.7269 -1.37911e-19
2951 18.7937 -2.17608e-19
2950 20.9683 1.09895e-19
2949 19.3793 -6.01877e-20
2948 19.8062 2.18012e-19
2947 20.8555 9.61976e-20
2946 18.9738 6.26334e-20
2945 17.3108 -3.70231e-20
2944 21.6321 -1.81266e-21
2943 21.408 -1.00612e-19
2942 21.8512 3.65763e-19
2941 19.9568 1.23174e-19
2940 21.6805 1.74443e-19
2939 21.5226 -3.08923e-19
2938 18.3297 5.80886e-19
2937 19.9344 -5.29277e-20
2936 18.789 1.98434e-19
2935 20.0845 -8.36341e-20
2934 17.9071 -8.10391e-20
2933 25.6636 1.4197e-19
2932 21.2327 -9.58587e-20
2931 20.8934 -8.69909e-20
2930 18.3685 2.86438e-19
2929 21.4559 -4.45978e-19
2928 19.9425 -2.18459e-19
2927 22.9117 -1.78437e-19
2926 19.137 2.54904e-20
2925 19.6332 9.60942e-20
2924 21.0611 1.0655e-19
2923 20.2614 -1.59314e-19
2922 25.2067 -2.0669e-19
2921 21.3285 -4.7916e-19
2920 21.5181 6.79838e-21
2919 24.6211 -7.43026e-20
2918 19.5571 -4.67652e-20
2917 19.3115 1.08676e-19
2916 16.2769 1.70694e-19
2915 23.2394 -1.05515e-19
2914 23.0982 -1.88501e-19
2913 19.452 2.90086e-19
2912 19.1501 -1.73682e-19
2911 22.0621 -2.14565e-20
2910 21.5999 -2.01108e-19
2909 22.6514 1.49916e-19
2908 19.5196 1.63739e-19
2907 22.7875 1.27433e-19
2906 21.3041 2.05456e-19
2905 22.1877 1.26544e-19
2904 20.8327 -4.11555e-19
2903 19.0207 3.97646e-20
2902 18.6798 -4.48578e-19
2901 23.5823 -2.69189e-20
2900 21.7347 -5.89495e-19
2899 19.6805 -1.75133e-19
2898 19.1812 8.1492e-20
2897 22.4429 -1.8677e-19
2896 18.3854 -7.57429e-20
2895 20.3323 1.67585e-19
2894 21.4905 -6.29293e-20
2893 21.2641 2.62243e-19
2892 18.6887 -3.30636e-19
2891 21.2215 -1.44251e-19
2890 19.0919 1.61255e-19
2889 20.444 -2.62214e-19
2888 22.5515 1.10739e-19
2887 21.2228 -2.59657e-19
2886 20.6041 1.09963e-19
2885 20.8397 3.86638e-19
2884 22.4024 -2.21203e-19
2883 24.1754 -2.0175e-19
2882 20.7227 -4.35354e-20
2881 18.1311 1.64741e-19
2880 20.3875 -1.28944e-19
2879 20.8271 -1.86314e-19
2878 21.8603 -5.77263e-20
2877 18.9305 -1.4693e-19
2876 19.4463 1.52004e-19
2875 17.7927 1.32865e-19
2874 21.7226 1.08151e-19
2873 20.5633 1.65314e-21
2872 21.4098 1.74413e-19
2871 19.1431 -8.73936e-20
2870 21.9064 1.06093e-20
2869 22.6743 6.59434e-20
2868 18.0295 -1.3381e-19
2867 18.1573 9.7886e-20
2866 21.8279 -1.51386e-19
2865 19.8284 -8.42989e-20
2864 21.1861 7.74647e-20
2863 18.7012 3.53918e-20
2862 21.4786 -1.63665e-20
2861 20.0028 -3.39072e-19
2860 22.6326 -2.86148e-21
2859 22.0528 -7.86306e-20
2858 22.2777 1.12032e-19
2857 21.9251 2.07754e-20
2856 21.3161 -1.86101e-19
2855 23.0453 3.02857e-19
2854 22.1722 2.67391e-20
2853 19.7614 9.89055e-20
2852 22.5894 -1.16073e-19
2851 20.5299 6.89581e-20
2850 23.3985 1.13774e-19
2849 22.1511 1.82164e-19
2848 23.5649 -1.11502e-19
2847 19.8087 -1.2603e-19
2846 22.7549 9.21415e-20
2845 24.8842 2.69024e-19
2844 23.4411 1.15299e-19
2843 20.8131 -4.49985e-20
2842 23.2297 1.74622e-19
2841 21.2101 6.62535e-20
2840 19.7387 6.9431e-20
2839 20.5413 1.15635e-19
2838 20.6007 2.7813e-20
2837 22.8184 -7.79656e-20
2836 19.9805 1.17913e-19
2835 21.1123 2.06976e-20
2834 21.0629 -8.64789e-20
2833 24.1921 -6.20312e-21
2832 19.9124 -1.26653e-20
2831 21.4231 1.03872e-20
2830 23.5496 -1.71344e-19
2829 21.5457 -3.446e-19
2828 25.0115 -2.94804e-20
2827 21.2935 2.83307e-20
2826 20.1202 -2.50943e-19
2825 20.3911 1.05909e-19
2824 19.6928 1.75693e-19
2823 21.4434 -1.32526e-19
2822 18.0126 6.76389e-20
2821 19.7874 1.97115e-19
2820 22.186 5.89075e-20
2819 19.9502 9.82844e-20
2818 18.8492 4.05067e-19
2817 20.3795 5.73243e-20
2816 28.362 -1.43641e-19
2815 20.5946 9.02955e-20
2814 24.298 -1.43396e-19
2813 21.3864 8.19408e-21
2812 22.5406 7.43563e-20
2811 19.5653 4.39378e-20
2810 23.313 2.0602e-19
2809 20.7933 -3.36083e-20
2808 22.3548 -1.38185e-19
2807 20.9307 -1.68971e-19
2806 22.6902 1.97548e-19
2805 25.3494 1.73716e-19
2804 22.5909 1.51757e-19
2803 18.755 1.91282e-20
2802 21.2235 2.49823e-19
2801 25.2912 5.23873e-20
2800 21.0041 -2.72171e-19
2799 20.9194 1.52742e-19
2798 19.6552 7.06801e-20
2797 24.5059 1.91901e-19
2796 22.606 -1.61812e-19
2795 20.2286 -2.34954e-19
2794 21.9171 1.6018e-19
2793 22.3257 -1.11986e-19
2792 22.7475 -3.97004e-20
2791 26.1153 -1.13543e-19
2790 21.833 2.19624e-20
2789 22.5542 1.37865e-19
2788 24.6129 1.02797e-19
2787 21.6097 -1.69527e-19
2786 23.2789 -3.21978e-19
2785 23.9045 -9.035e-20
2784 22.3881 8.27464e-20
2783 24.4357 3.53536e-20
2782 23.198 1.2098e-19
2781 21.2083 3.65098e-19
2780 20.1064 -2.42121e-19
2779 25.945 1.63309e-19
2778 21.2124 6.85561e-20
2777 22.6569 2.53776e-19
2776 22.3281 4.01633e-20
2775 30.8922 -5.53199e-19
2774 24.7958 6.14299e-20
2773 25.844 -4.24103e-21
2772 22.9319 1.30694e-20
2771 26.3041 -9.08657e-21
2770 25.3365 3.65273e-19
2769 19.7007 -4.39285e-19
2768 22.9953 -3.74714e-19
2767 23.7327 -3.7105e-20
2766 25.7501 1.37913e-19
2765 19.1134 1.74523e-19
2764 21.9429 3.17938e-19
2763 24.8144 2.38897e-19
2762 21.7524 9.1251e-20
2761 28.0072 -1.75192e-19
2760 23.948 5.08447e-20
2759 23.588 -2.15393e-19
2758 20.5132 3.85516e-19
2757 24.5129 -3.54587e-20
2756 22.2887 -3.36605e-19
2755 21.8783 8.00653e-20
2754 24.0488 1.26453e-19
2753 19.1882 -2.52419e-20
2752 27.4667 -3.07302e-21
2751 23.5263 3.22851e-19
2750 24.8994 -7.66776e-20
2749 20.0837 2.23202e-19
2748 23.2193 1.14218e-19
2747 22.3962 2.30127e-19
2746 22.642 3.82075e-19
2745 26.9685 2.28981e-19
2744 23.4758 4.16969e-19
2743 20.925 1.12563e-19
2742 25.1322 -3.75473e-20
2741 22.3709 -4.49693e-19
2740 21.1558 -2.48069e-20
2739 24.835 -7.08691e-20
2738 23.6309 1.35855e-19
2737 22.7868 4.60711e-20
2736 21.6188 1.19756e-20
2735 25.4496 1.16296e-19
2734 21.7689 4.82933e-19
2733 20.4788 -9.75189e-20
2732 23.0134 1.67766e-19
2731 27.2723 1.02399e-19
2730 23.8893 -8.40761e-20
2729 25.5659 -1.17272e-20
2728 23.0006 1.12017e-19
2727 19.8354 -2.39735e-20
2726 22.7732 1.42182e-19
2725 26.081 -2.58635e-19
2724 26.3384 -3.3286e-19
2723 21.0354 2.73182e-20
2722 20.2824 2.21428e-20
2721 23.2159 -3.48812e-19
2720 25.352 3.09131e-20
2719 23.0745 1.73126e-19
2718 22.9465 -1.25549e-20
2717 22.5298 3.49773e-21
2716 25.6696 2.75774e-19
2715 22.7304 -1.31067e-20
2714 22.8818 9.28033e-20
2713 27.9059 1.71794e-19
2712 21.8949 -7.00522e-20
2711 26.1872 -1.67929e-19
2710 24.9604 -2.89118e-19
2709 23.1035 1.30563e-19
2708 21.4981 4.48277e-20
2707 24.4176 2.11074e-19
2706 24.8597 3.1041e-19
2705 24.3006 -1.52919e-19
2704 28.056 2.65381e-19
2703 23.0542 -1.75019e-20
2702 24.7905 -7.81199e-20
2701 22.2788 1.93639e-19
2700 20.9877 2.58805e-19
2699 24.6223 -2.60309e-20
2698 24.0054 -1.82007e-19
2697 21.2421 2.09108e-19
2696 24.707 -5.79178e-20
2695 23.0701 -6.97501e-20
2694 23.4732 -3.01855e-19
2693 21.5505 -1.10608e-19
2692 22.0236 -9.98269e-20
2691 26.4566 -2.19675e-19
2690 24.7827 -1.6902e-19
2689 22.2007 -1.00284e-19
2688 26.2117 -4.85349e-19
2687 23.7513 -5.19205e-20
2686 24.4138 2.52661e-19
2685 25.6764 -2.0441e-21
2684 25.9565 1.01115e-19
2683 22.5176 -3.06334e-19
2682 22.1547 -3.82912e-19
2681 23.8845 1.6301e-19
2680 24.9741 1.59958e-19
2679 22.4825 2.16123e-19
2678 25.2543 1.31988e-19
2677 23.1618 -1.70422e-19
2676 21.3546 2.67642e-19
2675 23.3416 -1.07134e-19
2674 24.7031 -1.84784e-19
2673 22.4115 -2.48165e-19
2672 25.5746 -2.13542e-19
2671 25.4493 1.38407e-19
2670 24.0803 2.6548e-21
2669 31.9083 1.09573e-21
2668 30.0517 -1.89456e-19
2667 28.0875 -1.5819e-19
2666 23.7153 -2.29908e-19
2665 24.2763 -1.09424e-19
2664 23.6636 3.36973e-20
2663 23.2538 -8.82098e-20
2662 24.1945 1.28674e-19
2661 24.8264 4.24889e-19
2660 23.9165 5.74574e-20
2659 21.722 1.57738e-19
2658 27.5042 -3.28927e-19
2657 26.0435 9.33545e-20
2656 26.8037 -5.94535e-20
2655 22.9951 1.99188e-19
2654 23.277 -2.60847e-19
2653 31.7817 1.18142e-21
2652 23.1526 -8.84247e-20
2651 26.4502 1.56866e-20
2650 24.3085 1.19585e-19
2649 28.8036 -1.44464e-19
2648 24.6055 -3.35532e-19
2647 24.4816 1.32885e-19
2646 26.2997 3.5556e-20
2645 25.7932 -3.97492e-19
2644 22.1993 2.14481e-19
2643 24.6423 4.43055e-20
2642 20.8314 -2.94398e-19
2641 27.0778 -3.22708e-19
2640 21.2686 -2.88547e-19
2639 28.1401 8.45561e-20
2638 27.102 1.13418e-19
2637 28.2755 -9.09226e-20
2636 23.609 3.04644e-19
2635 23.4253 -2.43323e-20
2634 28.0367 -3.87507e-19
2633 24.5458 2.24899e-19
2632 22.666 -2.5991e-19
2631 23.0189 -6.74981e-20
2630 26.6655 -1.52867e-19
2629 27.1595 3.01176e-19
2628 25.9852 6.62876e-20
2627 26.9426 1.92824e-19
2626 26.234 1.85785e-19
2625 26.2225 4.99275e-20
2624 25.1981 -1.18237e-19
2623 24.7262 -2.66221e-19
2622 24.6092 -1.49915e-19
2621 27.2869 -2.28648e-20
2620 25.5599 -6.25446e-20
2619 23.3445 1.67169e-20
2618 27.4306 -7.9552e-20
2617 25.7962 -1.78871e-19
2616 22.7412 -2.82503e-19
2615 25.3795 -6.00042e-20
2614 27.4768 3.26942e-19
2613 24.1752 -1.13666e-19
2612 30.1596 1.7193e-19
2611 26.1032 -1.49876e-19
2610 26.3394 3.20413e-20
2609 29.4739 -4.10492e-19
2608 24.096 -5.25632e-20
2607 23.6473 6.22975e-20
2606 22.0388 -1.95102e-19
2605 26.0449 -9.00815e-20
2604 25.8662 -2.55856e-21
2603 29.7649 2.4007e-19
2602 29.0065 3.48886e-19
2601 21.6836 1.44362e-19
2600 26.0605 1.03769e-19
2599 22.9178 -2.08152e-19
2598 24.9982 3.72674e-19
2597 27.1012 -8.90153e-20
2596 31.6999 5.28403e-20
2595 28.8406 1.57492e-19
2594 28.0263 4.13926e-19
2593 25.0978 -2.83148e-19
2592 27.4893 4.66874e-20
2591 25.4404 -1.28118e-19
2590 27.8496 -1.2066e-19
2589 28.2211 5.59763e-20
2588 26.1122 1.5554e-19
2587 27.4564 1.07697e-19
2586 25.6479 1.55183e-20
2585 28.849 3.3523e-20
2584 25.3489 -2.63433e-19
2583 27.2079 1.8378e-19
2582 27.854 3.69016e-20
2581 24.2925 -2.22839e-19
2580 24.4398 -1.69849e-19
2579 27.4533 -5.45771e-20
2578 29.7385 3.27107e-20
2577 23.4123 -9.61248e-21
2576 26.8523 1.17639e-19
2575 29.8916 6.15944e-20
2574 27.4562 3.04645e-19
2573 30.7851 -9.57887e-20
2572 29.108 2.47194e-19
2571 25.6087 -4.60444e-20
2570 29.6297 -3.5931e-19
2569 27.2642 1.47173e-19
2568 33.2126 4.51856e-19
2567 28.021 1.36834e-19
2566 29.4521 1.12438e-19
2565 29.4579 1.01584e-19
2564 28.0605 2.54723e-19
2563 25.8428 -1.32443e-19
2562 29.9649 2.79711e-19
2561 29.3131 8.41906e-20
2560 25.3557 4.99321e-20
2559 25.2586 -9.74734e-21
2558 27.6943 8.29991e-20
2557 30.1199 2.84087e-19
2556 28.8476 -3.06926e-20
2555 22.9388 -1.20971e-21
2554 27.49 -2.50559e-19
2553 31.6652 -3.00282e-19
2552 25.8819 -1.93521e-19
2551 24.562 2.28737e-19
2550 31.1187 1.5312e-19
2549 28.2627 -1.12769e-19
2548 25.0726 -5.94999e-20
2547 25.4049 -1.81414e-19
2546 23.3503 1.03285e-20
2545 23.9593 -4.98622e-20
2544 28.2677 -2.7821e-20
2543 26.7567 1.02853e-19
2542 31.0357 3.62979e-19
2541 25.6912 7.54529e-20
2540 24.6649 -1.84098e-19
2539 25.5174 -1.70371e-19
2538 29.583 -4.87047e-20
2537 29.2624 4.20211e-20
2536 27.5134 -3.00302e-19
2535 26.9375 1.70786e-19
2534 25.3772 -2.31728e-19
2533 27.1302 1.21706e-19
2532 29.523 -2.32674e-19
2531 23.006 1.37534e-19
2530 31.5726 -2.34975e-20
2529 25.5154 -8.46865e-20
2528 24.9706 -1.23279e-19
2527 28.5337 2.06534e-19
2526 25.8498 9.65753e-20
2525 31.7586 -8.62985e-20
2524 29.5878 5.74566e-20
2523 27.9681 1.50281e-19
2522 27.2091 -1.69851e-19
2521 27.504 2.74656e-19
2520 32.3157 4.07525e-20
2519 32.873 2.70172e-20
2518 24.9361 4.97545e-19
2517 25.434 -6.57442e-20
2516 27.5841 -1.5895e-19
2515 27.6216 1.1809e-19
2514 30.885 1.58139e-19
2513 26.7733 1.60085e-19
2512 28.4572 2.31063e-19
2511 25.611 -5.25014e-20
2510 30.0893 1.76068e-19
2509 28.0606 -3.87106e-19
2508 28.0696 -5.93071e-20
2507 25.4753 2.57755e-19
2506 26.7849 1.44406e-19
2505 27.116 6.74159e-20
2504 29.233 -2.02549e-20
2503 27.6247 -4.07241e-19
2502 31.0862 -2.67581e-19
2501 29.9369 -2.75464e-19
2500 26.3585 1.39282e-19
2499 27.5225 2.10682e-19
2498 36.2199 1.54294e-19
2497 27.5216 2.13746e-19
2496 28.4091 1.88691e-19
2495 29.1341 2.16593e-19
2494 30.4182 3.32971e-20
2493 27.602 6.76609e-20
2492 30.7117 3.08717e-19
2491 28.6118 -3.54705e-19
2490 31.5343 -2.88438e-19
2489 29.0389 -1.0131e-19
2488 26.5019 3.26303e-20
2487 28.7265 7.8554e-20
2486 30.7422 8.70283e-21
2485 27.1391 -2.13242e-20
2484 26.0835 1.33289e-19
2483 22.7905 -2.71219e-21
2482 29.5314 8.44249e-21
2481 30.7181 3.74298e-19
2480 29.8798 9.40427e-20
2479 32.4415 7.27939e-20
2478 26.656 3.10149e-19
2477 30.4823 -2.27095e-19
2476 30.4721 -1.53862e-19
2475 24.9906 -2.72359e-19
2474 29.2139 -2.8089e-19
2473 28.5479 4.67704e-20
2472 33.3716 2.78756e-19
2471 36.5385 -9.88136e-20
2470 24.0307 9.70606e-20
2469 33.0032 8.91609e-20
2468 29.1862 5.72212e-20
2467 29.673 -1.30403e-19
2466 33.6103 1.12444e-20
2465 26.6922 9.42495e-20
2464 28.246 -1.53308e-19
2463 27.979 -2.02666e-19
2462 29.4509 1.29444e-19
2461 26.0149 -4.51859e-21
2460 29.1564 3.34884e-19
2459 31.2731 -3.79247e-20
2458 28.9804 -8.87491e-20
2457 29.1912 -3.36811e-19
2456 26.228 1.0336e-19
2455 28.5235 1.63647e-19
2454 30.2577 5.29348e-20
2453 29.2498 2.54142e-19
2452 31.0803 1.06253e-19
2451 31.7626 1.57352e-19
2450 30.078 -3.15051e-19
2449 31.4089 1.03548e-19
2448 31.426 -3.67937e-19
2447 28.6207 -4.55851e-20
2446 29.2877 3.30543e-20
2445 31.7806 -1.41671e-19
2444 29.9086 3.82512e-19
2443 32.771 -1.16616e-19
2442 35.8667 -5.80015e-19
2441 27.2334 2.36884e-19
2440 30.99 -4.31834e-20
2439 31.1034 -9.28621e-20
2438 30.9155 9.40984e-20
2437 33.3177 -2.05295e-19
2436 25.3807 3.18936e-20
2435 29.2853 -1.51087e-19
2434 27.1631 6.12981e-20
2433 29.2648 4.96451e-21
2432 27.6506 1.84558e-19
2431 30.7312 1.79084e-19
2430 31.4002 -1.41483e-20
2429 31.7008 2.30753e-20
2428 29.078 -9.1585e-20
2427 33.4777 -1.39615e-19
2426 29.5692 3.275e-20
2425 27.3206 1.67908e-21
2424 29.2875 -2.22721e-19
2423 29.5531 -1.88564e-19
2422 27.9271 -6.59399e-20
2421 26.7483 -3.33851e-20
2420 32.7583 3.99311e-19
2419 30.9994 5.44169e-20
2418 31.491 2.26421e-19
2417 33.7983 1.91029e-19
2416 34.4997 -3.43084e-19
2415 33.404 1.12778e-19
2414 28.3404 -2.71384e-19
2413 27.5256 -1.26789e-19
2412 32.0427 3.27384e-20
2411 33.5451 1.06831e-19
2410 28.6433 7.83656e-20
2409 29.7623 -2.60867e-20
2408 29.8319 -8.18853e-21
2407 32.0236 -8.67331e-21
2406 31.4097 4.27849e-20
2405 29.7816 1.43829e-20
2404 30.0808 -1.63257e-19
2403 35.2275 1.45445e-19
2402 31.5254 -1.47368e-19
2401 32.1036 -3.47826e-19
2400 32.7308 2.37898e-19
2399 30.928 6.04871e-19
2398 30.8712 -3.87221e-19
2397 31.7483 -2.19827e-20
2396 30.2698 1.33249e-19
2395 32.9268 2.6838e-19
2394 32.4697 -1.84673e-19
2393 36.5055 -3.56679e-19
2392 34.7012 -2.67926e-19
2391 29.2985 2.53594e-19
2390 31.7137 1.27626e-19
2389 30.1168 -2.47487e-19
2388 27.3701 2.64917e-19
2387 32.2414 2.09054e-20
2386 33.5927 -7.06235e-20
2385 31.887 2.20684e-19
2384 30.7274 -5.16729e-20
2383 32.82 2.52953e-19
2382 34.0762 -2.53792e-20
2381 31.3717 8.22688e-21
2380 30.1085 -2.17297e-19
2379 31.7647 -1.91577e-19
2378 29.1288 3.37496e-20
2377 28.8188 -7.27899e-20
2376 35.405 3.73395e-19
2375 33.4266 8.89903e-20
2374 35.2661 1.1733e-19
2373 32.7469 2.48742e-19
2372 32.4535 -7.39246e-20
2371 32.6437 -1.01255e-19
2370 30.7211 2.71813e-19
2369 30.524 -2.44178e-19
2368 29.2602 2.91944e-19
2367 28.1854 8.17053e-20
2366 35.1476 1.00163e-19
2365 28.8282 -1.24088e-19
2364 30.3089 3.70781e-20
2363 30.8535 -8.15848e-20
2362 36.9968 -1.02162e-19
2361 32.3514 2.76383e-19
2360 28.1582 4.79254e-19
2359 33.1443 -3.28624e-19
2358 32.5928 5.55281e-19
2357 30.4963 4.94471e-20
2356 28.5878 2.49027e-19
2355 34.1438 -9.80747e-20
2354 35.3931 -4.80153e-20
2353 36.2848 5.59389e-19
2352 31.1659 -1.6332e-21
2351 27.4203 -1.15511e-19
2350 31.6679 -8.44803e-21
2349 31.7817 2.96877e-20
2348 29.989 -7.3132e-20
2347 28.0495 1.86956e-20
2346 39.2303 3.66058e-20
2345 34.0887 3.28458e-19
2344 35.3652 -3.10588e-19
2343 28.2132 2.5179e-19
2342 38.7727 4.53532e-19
2341 30.2669 2.4008e-19
2340 30.1293 -1.03833e-19
2339 33.3305 -1.15936e-19
2338 32.0479 2.44394e-19
2337 31.0229 1.69751e-20
2336 32.8125 -4.56275e-20
2335 32.6035 -2.58493e-19
2334 27.4841 8.38593e-21
2333 30.7428 6.64438e-20
2332 33.4505 1.38827e-19
2331 35.4915 -4.08335e-20
2330 33.4154 1.54937e-19
2329 30.8247 -9.87058e-20
2328 33.6352 1.51804e-19
2327 34.4856 2.49704e-19
2326 38.2826 1.09209e-19
2325 36.4259 -6.44236e-20
2324 32.112 -1.41718e-19
2323 30.66 -1.9791e-19
2322 36.0079 2.28658e-19
2321 33.6038 2.97188e-20
2320 36.7745 -4.06971e-19
2319 34.8021 -3.90796e-19
2318 32.7811 -1.13889e-19
2317 37.6089 1.86708e-19
2316 39.0399 -7.15805e-20
2315 28.2493 9.9663e-20
2314 35.1489 -2.47632e-19
2313 34.2959 1.4858e-19
2312 36.9743 -1.96487e-19
2311 37.6477 3.82361e-20
2310 36.9934 1.78471e-19
2309 32.2229 -1.70894e-19
2308 35.8926 1.26762e-19
2307 38.229 -2.01799e-19
2306 38.8391 1.18072e-19
2305 32.6519 2.02004e-19
2304 33.1974 3.4762e-19
2303 30.5249 1.65534e-19
2302 29.7895 2.39712e-19
2301 36.6056 -2.12101e-19
2300 33.2256 1.21418e-19
2299 33.7468 -1.82514e-19
2298 34.5031 1.41007e-19
2297 39.5531 -1.27915e-20
2296 40.6679 2.42369e-19
2295 34.3092 -2.42799e-19
2294 34.2965 -1.65102e-20
2293 31.1906 5.31346e-20
2292 37.9464 1.32088e-20
2291 34.7461 -2.39479e-19
2290 34.7921 -1.20264e-19
2289 36.9095 2.37263e-20
2288 34.6957 1.35657e-19
2287 34.6029 -6.66395e-20
2286 33.6103 -1.34095e-19
2285 34.7904 -4.57114e-19
2284 38.3526 -7.35448e-20
2283 33.7404 -3.36283e-19
2282 33.5846 1.65802e-19
2281 34.9771 -4.83538e-20
2280 36.7817 -2.30557e-19
2279 35.6851 1.90729e-19
2278 33.9001 2.93874e-19
2277 40.017 6.94659e-20
2276 37.8572 6.34811e-20
2275 33.4925 9.19578e-20
2274 39.345 2.47816e-20
2273 34.3672 -6.27683e-20
2272 35.833 2.68718e-20
2271 37.7908 -5.09075e-20
2270 33.2681 9.75107e-20
2269 31.993 -6.36924e-20
2268 35.2659 -1.20771e-19
2267 35.8299 2.70979e-19
2266 39.5595 2.20579e-19
2265 35.8343 -3.18158e-19
2264 31.7197 -2.96714e-20
2263 32.1653 -2.96726e-19
2262 36.4513 -1.59528e-19
2261 35.218 1.71488e-19
2260 32.7832 6.50996e-20
2259 39.6894 1.57674e-19
2258 33.8824 1.12437e-21
2257 33.8001 1.06076e-19
2256 38.1571 8.75308e-20
2255 36.4998 -1.02106e-19
2254 40.7193 -2.36359e-20
2253 42.5095 -2.23587e-19
2252 40.5488 -3.70675e-20
2251 35.7594 -7.08836e-20
2250 40.2672 -2.17046e-19
2249 35.428 2.03372e-20
2248 35.9052 2.61964e-19
2247 38.3017 -5.07784e-20
2246 40.2806 3.04619e-20
2245 36.213 2.28019e-19
2244 30.8914 -2.14764e-19
2243 39.2889 7.23308e-20
2242 37.6354 -8.52147e-20
2241 36.2443 2.58391e-19
2240 41.9798 1.45205e-19
2239 46.693 -2.16131e-20
2238 39.5875 8.47541e-20
2237 37.1965 -8.90022e-20
2236 30.5858 8.14126e-20
2235 40.9084 2.7966e-19
2234 34.5051 -1.86382e-19
2233 37.1085 -1.25727e-19
2232 39.9036 -9.83174e-20
2231 39.8267 5.18014e-20
2230 34.5502 -9.6437e-20
2229 37.7424 8.35759e-20
2228 31.8186 -3.22287e-20
2227 42.2237 1.82379e-19
2226 35.75 -8.86538e-20
2225 38.5611 -1.26592e-19
2224 38.9485 -4.8417e-20
2223 37.2985 -5.58327e-20
2222 36.5351 2.06622e-19
2221 38.2961 -2.48827e-19
2220 38.5805 1.40068e-19
2219 35.048 -9.30318e-20
2218 43.8406 -2.97321e-19
2217 40.252 5.92973e-19
2216 37.3531 -8.3342e-20
2215 34.4098 -4.48292e-20
2214 42.7011 1.53094e-19
2213 40.0167 -3.0359e-19
2212 34.2214 -5.49276e-20
2211 35.49 -1.92237e-19
2210 34.643 -6.91088e-20
2209 32.9546 3.0302e-19
2208 42.2701 2.27721e-19
2207 38.7283 -1.02138e-19
2206 40.5807 2.09285e-19
2205 41.9005 1.05254e-19
2204 40.282 2.20453e-21
2203 36.5249 2.88928e-19
2202 40.3491 -7.46848e-20
2201 30.7008 2.5697e-20
2200 37.3107 -1.28641e-19
2199 40.7919 2.06761e-19
2198 35.6911 2.23421e-19
2197 38.4779 8.34717e-20
2196 39.5269 2.59274e-19
2195 41.4121 -7.71141e-20
2194 37.006 -2.506e-19
2193 33.4071 -1.34956e-19
2192 45.5429 3.08313e-19
2191 38.241 -3.14606e-19
2190 33.3127 -1.26082e-19
2189 39.6206 -1.20486e-19
2188 34.986 -3.33325e-19
2187 40.4033 1.92987e-19
2186 34.311 3.03711e-19
2185 37.2468 1.12404e-19
2184 34.1406 1.51088e-19
2183 36.6119 -7.64399e-20
2182 38.3459 3.73298e-20
2181 35.8639 -1.40428e-19
2180 37.0615 2.36076e-20
2179 39.9303 -6.13829e-20
2178 34.8155 -2.26899e-19
2177 40.5499 -3.79115e-19
2176 35.4837 -3.16495e-19
2175 47.1293 -1.58498e-19
2174 37.0241 2.07678e-20
2173 41.7751 1.35309e-19
2172 44.8269 -9.03009e-20
2171 39.5459 -2.56773e-19
2170 33.7642 -8.53299e-21
2169 40.6135 -3.17918e-20
2168 36.2286 8.49922e-20
2167 43.5195 -3.89768e-19
2166 36.8648 3.91679e-20
2165 36.9348 2.89247e-20
2164 37.1715 8.41301e-20
2163 44.3091 -6.60608e-20
2162 44.6374 1.678e-19
2161 36.3205 -2.45774e-19
2160 37.428 -1.51388e-19
2159 34.6054 1.46564e-19
2158 46.8123 2.7352e-19
2157 41.4891 -3.50795e-19
2156 52.3211 2.62319e-19
2155 48.0417 1.75219e-19
2154 35.9473 -2.93533e-19
2153 40.0396 1.211e-20
2152 44.3741 -1.77546e-19
2151 33.5657 1.37825e-19
2150 34.7573 1.52096e-19
2149 44.8748 -2.36072e-19
2148 41.5809 4.85548e-19
2147 34.3237 -4.31058e-20
2146 37.5715 1.03021e-21
2145 40.1451 -2.70409e-20
2144 39.1302 3.97288e-19
2143 37.6459 -3.36019e-19
2142 43.5111 -2.02116e-19
2141 39.9218 1.50045e-19
2140 44.4552 -1.59906e-19
2139 39.5264 -3.04933e-19
2138 38.157 -1.20041e-19
2137 40.1414 -5.76134e-20
2136 45.6301 -2.31802e-19
2135 41.3418 -2.24421e-19
2134 33.8057 -7.9735e-20
2133 39.0874 -2.03475e-19
2132 36.0261 1.99832e-20
2131 38.3542 -2.11747e-19
2130 42.4443 -2.94028e-19
2129 39.0537 1.92942e-19
2128 39.2327 -3.70882e-20
2127 43.3979 -2.96128e-19
2126 36.3899 -1.47034e-20
2125 41.4545 1.43579e-19
2124 40.6052 -3.10083e-19
2123 41.3921 -4.17771e-20
2122 40.4615 -5.423e-20
2121 38.394 -2.2509e-20
2120 34.2773 7.10309e-20
2119 48.6221 -3.86475e-21
2118 40.4814 1.0141e-19
2117 41.2024 -3.94192e-20
2116 40.6354 1.35053e-20
2115 43.8773 -1.98906e-19
2114 47.9513 3.47945e-19
2113 39.29 5.85724e-20
2112 47.0649 -1.19139e-19
2111 50.9143 2.81951e-19
2110 41.9631 -9.68e-20
2109 38.6572 2.42085e-19
2108 39.5357 -1.52274e-19
2107 36.3119 1.59586e-19
2106 42.0729 -6.68368e-21
2105 48.8769 1.5211e-19
2104 37.5489 4.90568e-20
2103 48.5043 1.3939e-19
2102 35.623 -3.0671e-20
2101 38.7817 -1.71343e-19
2100 36.0323 1.09202e-19
2099 45.8177 9.62265e-21
2098 44.5635 -1.428e-19
2097 39.6365 -1.03125e-19
2096 47.8565 -1.01027e-19
2095 41.1769 -1.58796e-19
2094 49.3715 7.4219e-21
2093 45.2744 4.73829e-20
2092 39.1288 -3.3673e-19
2091 38.3345 6.07476e-20
2090 42.8398 2.9882e-20
2089 46.8015 -5.23855e-20
2088 44.012 -3.86558e-19
2087 46.6996 6.08868e-20
2086 43.8443 -3.13191e-19
2085 41.654 -3.1575e-19
2084 35.5047 -8.18074e-20
2083 41.477 2.9453e-19
2082 35.3579 3.51483e-19
2081 40.3634 -2.70163e-19
2080 41.2924 -9.63111e-20
2079 40.884 -1.62217e-19
2078 36.2986 1.03825e-19
2077 33.9571 1.73245e-19
2076 41.0354 1.63021e-19
2075 38.2692 5.5534e-19
2074 36.9337 1.31039e-19
2073 41.279 -2.40171e-19
2072 47.1131 -7.22639e-20
2071 44.108 -8.40954e-20
2070 43.2609 2.22431e-19
2069 40.2567 -1.19465e-19
2068 37.6813 1.39432e-20
2067 44.5747 3.56088e-19
2066 46.5464 -4.21883e-19
2065 42.9494 -1.05859e-19
2064 47.4966 2.73874e-19
2063 43.0485 1.68428e-19
2062 43.3689 1.3618e-19
2061 45.9917 1.88546e-19
2060 44.1024 -3.78879e-19
2059 43.5303 -3.13648e-20
2058 37.0969 -1.24136e-19
2057 43.2641 1.75971e-19
2056 44.4357 8.12462e-20
2055 52.908 1.88006e-19
2054 40.2975 7.28724e-20
2053 36.6257 2.20791e-19
2052 47.6848 -1.70609e-20
2051 39.5782 6.67113e-20
2050 46.3884 -6.77005e-20
2049 40.8904 -6.86486e-20
2048 43.1001 1.37314e-19
2047 44.4092 -4.39215e-20
2046 42.1022 -2.75857e-19
2045 47.4435 1.4279e-19
2044 42.9544 -7.10881e-20
2043 41.7304 -1.07404e-19
2042 44.4898 1.48447e-20
2041 42.712 -1.72461e-19
2040 48.7871 -2.51054e-19
2039 51.9778 -4.12997e-20
2038 36.9082 -2.04579e-19
2037 45.0386 -9.15081e-20
2036 46.1227 -1.15159e-19
2035 46.3726 7.52305e-20
2034 44.7376 -5.34136e-20
2033 37.8757 4.42499e-20
2032 41.7387 8.14905e-21
2031 42.5871 -2.11503e-20
2030 38.1997 -5.77552e-20
2029 50.4408 -1.56222e-19
2028 44.8448 4.49386e-19
2027 50.329 1.0603e-19
2026 45.7329 1.04725e-19
2025 48.2854 4.37878e-19
2024 50.575 7.61978e-20
2023 43.2656 2.86002e-20
2022 53.3705 -2.50995e-19
2021 40.5068 2.03794e-19
2020 47.0822 -1.1958e-19
2019 47.1558 1.04398e-19
2018 39.8037 1.13821e-20
2017 42.0159 -5.12277e-19
2016 43.6497 -3.52399e-19
2015 41.0124 1.62175e-19
2014 49.0752 -4.05691e-19
2013 45.8842 -4.23027e-19
2012 46.322 2.51036e-20
2011 43.0244 -2.91655e-19
2010 48.0913 -8.94109e-20
2009 47.8883 -1.17212e-19
2008 47.6492 -4.09052e-19
2007 47.65 -1.80892e-19
2006 47.4338 1.36288e-19
2005 37.962 1.49675e-19
2004 44.7533 -1.74152e-19
2003 50.9425 -4.50057e-19
2002 35.0087 -4.28718e-21
2001 39.596 2.26991e-20
2000 48.1698 2.60405e-21
1999 40.0722 -1.30921e-19
1998 39.1302 2.68596e-19
1997 46.5281 -1.95058e-21
1996 44.1294 -3.2718e-20
1995 48.0528 1.15527e-19
1994 43.0428 -8.24709e-20
1993 44.5209 8.21137e-20
1992 46.1546 2.63919e-19
1991 56.0658 -1.03616e-19
1990 47.1658 2.13249e-19
1989 52.8706 5.1849e-19
1988 46.703 -1.79518e-19
1987 52.8508 -8.08679e-20
1986 50.0371 -1.91129e-19
1985 41.287 1.93438e-20
1984 47.5521 -2.22728e-19
1983 47.6441 -1.10513e-19
1982 50.9604 -2.52734e-19
1981 53.8102 -3.42301e-19
1980 43.8676 1.95244e-19
1979 49.864 5.82754e-20
1978 38.7057 -6.31937e-20
1977 47.395 1.43216e-19
1976 47.199 6.44065e-20
1975 43.4188 -1.93525e-19
1974 51.59 1.09138e-19
1973 41.5269 3.14353e-19
1972 37.1139 1.84765e-19
1971 44.1285 -1.97697e-20
1970 49.2862 -9.53588e-20
1969 42.899 1.22124e-20
1968 46.75 8.36103e-20
1967 50.3661 -1.4987e-19
1966 37.0832 1.83545e-19
1965 51.3418 2.98706e-19
1964 45.2201 -3.05337e-19
1963 45.7582 4.16575e-19
1962 41.4593 3.02427e-19
1961 49.0274 -1.03982e-19
1960 41.8792 -3.94031e-19
1959 45.714 1.96991e-19
1958 47.7338 -3.56334e-20
1957 51.1119 -2.07264e-19
1956 49.153 -3.07683e-19
1955 50.5808 2.79654e-19
1954 50.457 2.13114e-19
1953 45.368 1.78374e-19
1952 50.6947 3.75842e-19
1951 44.7468 5.19162e-21
1950 46.7766 -6.26874e-20
1949 45.2472 1.83348e-19
1948 49.5315 -2.18282e-20
1947 48.9423 -4.4854e-19
1946 42.4683 2.66839e-19
1945 58.1825 -3.62155e-20
1944 39.3879 -1.3073e-19
1943 50.3087 -1.43747e-19
1942 49.3922 2.45118e-20
1941 51.1693 5.36337e-20
1940 52.8915 8.87085e-20
1939 47.7074 1.12771e-19
1938 45.6715 8.89976e-20
1937 50.1747 9.82624e-20
1936 46.2512 -2.08233e-19
1935 50.8207 3.52891e-19
1934 46.8386 1.93829e-20
1933 46.4994 -1.67452e-19
1932 47.578 2.59071e-19
1931 50.7905 1.04495e-19
1930 53.8583 -1.50891e-19
1929 49.9465 -1.07777e-19
1928 52.9582 -9.79637e-21
1927 47.4376 2.30191e-19
1926 46.2527 -8.31864e-20
1925 51.7446 1.1498e-19
1924 49.3317 2.20594e-19
1923 41.988 -2.9796e-19
1922 56.8394 -2.88555e-19
1921 46.3865 -2.71619e-19
1920 48.8866 -4.6678e-22
1919 44.8184 -1.51454e-21
1918 54.2498 1.2555e-19
1917 55.3223 -6.11742e-20
1916 46.9001 4.68137e-20
1915 49.6317 -7.72547e-20
1914 45.5322 -1.4245e-19
1913 51.8212 -1.46497e-19
1912 45.8116 -2.35382e-19
1911 51.6212 -2.98557e-20
1910 54.958 -7.10527e-20
1909 41.466 -4.03398e-21
1908 51.0246 4.31769e-20
1907 51.8266 -1.96911e-20
1906 55.4176 -4.74933e-20
1905 53.7677 -4.59384e-20
1904 51.804 9.86548e-20
1903 53.1979 9.95884e-21
1902 52.4579 6.44147e-20
1901 49.0172 -3.37122e-19
1900 47.5683 4.1738e-21
1899 54.2834 3.60409e-20
1898 47.2461 -1.82902e-19
1897 49.019 -4.71685e-20
1896 56.3493 1.98505e-19
1895 51.1971 3.65037e-20
1894 52.6626 7.18609e-20
1893 54.8657 2.55257e-19
1892 50.5958 2.56036e-19
1891 48.2359 -2.43683e-20
1890 49.9051 -1.37751e-19
1889 50.8774 -3.22224e-20
1888 53.2747 -6.48702e-20
1887 52.5843 1.84889e-19
1886 52.9582 1.10978e-19
1885 50.9322 4.48357e-21
1884 53.8646 -5.31322e-20
1883 55.7082 -4.1988e-19
1882 50.0272 2.99381e-19
1881 49.4746 1.24389e-19
1880 49.2925 6.51344e-20
1879 53.4301 1.45588e-19
1878 48.1508 -2.87574e-19
1877 52.9982 -9.3678e-20
1876 51.5412 1.92379e-19
1875 52.9873 -2.13641e-19
1874 57.6157 -1.51683e-19
1873 53.8205 -5.44673e-20
1872 60.4518 7.71903e-20
1871 55.7606 -2.01197e-19
1870 44.7192 -4.18635e-19
1869 49.8454 5.97585e-20
1868 56.0696 -1.30951e-19
1867 53.3461 -2.81848e-19
1866 49.1566 1.05514e-19
1865 56.6524 -1.94268e-19
1864 56.2058 1.57033e-19
1863 49.9544 -8.90018e-20
1862 53.6588 2.50527e-19
1861 62.2473 -2.7235e-20
1860 58.3163 -2.37602e-20
1859 51.6992 -3.6455e-20
1858 46.5722 -2.0757e-19
1857 50.8591 -1.13763e-19
1856 53.5037 -6.31278e-20
1855 53.7301 1.22433e-19
1854 54.4207 -8.99815e-20
1853 56.8489 -2.84652e-19
1852 49.9308 2.7361e-20
1851 58.3105 1.06889e-19
1850 57.6251 1.85131e-19
1849 61.5865 1.62644e-20
1848 57.1147 1.61222e-19
1847 57.9102 -3.36535e-20
1846 48.6172 -2.159e-19
1845 51.6768 -5.03971e-20
1844 49.2536 1.17877e-19
1843 51.9743 1.49551e-19
1842 53.6415 -8.20095e-20
1841 48.9256 -3.42767e-20
1840 50.7475 1.11322e-19
1839 58.7685 -1.59741e-20
1838 59.3552 -5.51622e-20
1837 60.1184 -3.3327e-19
1836 57.2166 1.89456e-19
1835 61.7736 -5.19246e-19
1834 50.8339 1.96952e-19
1833 65.4133 1.07504e-19
1832 46.125 -6.11824e-20
1831 56.8254 -1.21288e-19
1830 59.3221 6.80133e-20
1829 51.1218 -1.74242e-19
1828 65.8316 -1.15569e-19
1827 63.0668 -2.45935e-19
1826 53.9468 5.16335e-19
1825 56.9708 -1.6056e-19
1824 67.9213 -3.48988e-19
1823 56.358 -9.86833e-21
1822 63.9492 -1.00737e-19
1821 57.0238 3.59161e-20
1820 59.6386 8.8108e-21
1819 54.4558 2.47857e-19
1818 56.6619 4.12478e-20
1817 65.0996 -1.2195e-19
1816 58.2374 2.36286e-19
1815 66.0977 -1.36192e-20
1814 48.0035 -9.82323e-20
1813 64.2567 -2.60513e-19
1812 59.9631 -5.22618e-20
1811 70.4539 -1.66498e-19
1810 49.4479 3.12232e-19
1809 51.3855 2.14318e-20
1808 46.378 1.13306e-19
1807 61.2693 -2.66608e-20
1806 59.1192 -9.03999e-20
1805 56.9959 1.15866e-19
1804 54.2823 1.15353e-19
1803 47.5351 7.50234e-20
1802 63.5878 -1.81557e-19
1801 63.7378 -6.73544e-20
1800 60.7482 -2.43772e-19
1799 66.4544 1.03656e-19
1798 49.8731 3.10638e-19
1797 53.4198 -2.48017e-19
1796 70.6997 -2.34545e-19
1795 66.6369 3.38499e-20
1794 59.3962 -3.02282e-19
1793 58.0523 -1.71279e-20
1792 53.2664 2.7217e-19
1791 63.1999 -1.59263e-19
1790 57.9631 3.68925e-19
1789 60.3236 -3.04878e-19
1788 52.3376 -7.06973e-20
1787 53.8411 -1.17656e-19
1786 54.9431 -1.08512e-19
1785 61.9396 -9.41834e-20
1784 57.005 3.40614e-20
1783 69.0193 -1.38548e-20
1782 53.0104 3.09615e-19
1781 53.3348 -3.15815e-21
1780 72.902 1.52907e-19
1779 63.5726 5.06744e-21
1778 47.8978 8.26347e-20
1777 61.1685 2.20193e-21
1776 59.7235 -1.81622e-19
1775 55.0148 -7.1841e-20
1774 59.5229 -6.055e-20
1773 56.5986 3.02558e-20
1772 57.9084 9.88427e-21
1771 69.1765 5.66917e-20
1770 53.8619 2.28506e-19
1769 56.9001 1.43774e-19
1768 62.7409 -5.59435e-19
1767 66.6596 -2.53295e-19
1766 62.1817 4.15555e-21
1765 69.1179 -1.38357e-20
1764 54.6248 -4.7581e-19
1763 66.2243 -1.3383e-19
1762 62.02 -1.64254e-19
1761 59.4777 2.64746e-19
1760 63.9607 3.61262e-20
1759 62.7739 2.70322e-19
1758 67.5063 1.44281e-19
1757 62.6247 -7.20418e-20
1756 48.7179 1.15937e-19
1755 58.0324 -1.92794e-19
1754 69.3665 1.13097e-19
1753 62.5677 -1.51537e-19
1752 64.4517 -2.29383e-19
1751 83.8943 2.55356e-20
1750 71.5844 -5.44393e-20
1749 67.1356 2.79958e-19
1748 61.9845 -1.25571e-19
1747 56.447 3.66761e-20
1746 64.2291 1.04589e-19
1745 58.2645 2.25536e-19
1744 73.3614 -4.93571e-19
1743 61.8506 -1.92336e-19
1742 64.5201 -9.38283e-20
1741 68.5503 -4.15036e-19
1740 62.7083 -1.22269e-19
1739 73.4986 -7.67424e-21
1738 59.6755 1.69592e-19
1737 56.5234 -6.26891e-20
1736 63.697 -1.42394e-20
1735 66.8602 1.75554e-19
1734 61.4966 -1.99632e-19
1733 61.7147 2.26319e-19
1732 73.1908 3.69426e-19
1731 64.9988 -3.89627e-19
1730 60.5273 4.65169e-20
1729 63.6133 1.16565e-19
1728 60.2676 -1.40683e-19
1727 65.8048 3.1566e-19
1726 67.8548 -1.09918e-21
1725 73.1045 2.20919e-19
1724 67.4929 1.07401e-19
1723 63.3884 -1.59271e-20
1722 67.5804 4.25815e-21
1721 70.3732 1.08036e-19
1720 66.9253 2.38835e-19
1719 60.0677 -2.44952e-19
1718 73.2819 9.72818e-20
1717 65.6075 1.3805e-19
1716 62.2589 6.43256e-20
1715 57.6544 1.98392e-19
1714 62.9828 -9.91827e-20
1713 58.6702 -9.71703e-20
1712 59.8641 -3.67275e-20
1711 72.4887 3.51147e-19
1710 71.6921 -2.57974e-20
1709 67.9364 3.50364e-19
1708 64.68 6.80035e-21
1707 71.1562 2.01054e-19
1706 62.9324 2.33678e-19
1705 68.7536 -1.80256e-19
1704 62.8885 1.37583e-20
1703 67.1645 -2.07214e-20
1702 64.5438 4.96399e-19
1701 74.0287 -3.05741e-20
1700 63.107 8.85536e-20
1699 59.3745 7.42444e-20
1698 65.3894 1.47092e-19
1697 68.5112 -1.25185e-19
1696 55.5316 -1.27756e-19
1695 64.7485 4.99846e-21
1694 55.7927 -4.46534e-20
1693 63.9676 1.95866e-19
1692 71.6323 -1.31389e-19
1691 55.8519 2.62956e-19
1690 67.6077 -1.94181e-19
1689 59.1104 -8.55964e-20
1688 60.6156 2.72845e-20
1687 65.7319 -7.98283e-20
1686 70.3204 -7.62797e-20
1685 63.5827 1.04472e-19
1684 67.9989 3.96323e-20
1683 61.7874 1.30356e-19
1682 71.9781 -7.8303e-20
1681 69.1177 4.68504e-20
1680 57.7833 1.64544e-19
1679 84.7707 1.101e-19
1678 72.1922 1.91257e-20
1677 69.4057 -4.93823e-20
1676 71.5343 -2.13408e-19
1675 68.5093 -1.70844e-19
1674 70.9051 -1.39753e-19
1673 65.0882 3.03902e-19
1672 72.6164 8.20515e-20
1671 67.4046 -8.67078e-20
1670 62.1097 -7.11644e-20
1669 76.0757 1.24586e-19
1668 65.3751 -1.20843e-19
1667 63.0339 1.06009e-19
1666 64.5739 -5.35884e-20
1665 71.6331 -1.92685e-19
1664 69.3446 -1.43967e-19
1663 75.0203 -2.15031e-19
1662 66.6886 1.09916e-19
1661 84.4501 -7.8224e-20
1660 70.5075 -2.88109e-20
1659 65.1139 -1.45967e-19
1658 71.6523 -1.34753e-20
1657 73.5347 -1.08233e-19
1656 67.441 -1.14694e-19
1655 66.8351 7.478e-20
1654 63.8096 1.7234e-20
1653 61.2859 1.30852e-19
1652 71.0613 1.21251e-19
1651 70.001 -1.61193e-19
1650 61.3204 -2.89228e-20
1649 65.2381 2.52649e-19
1648 78.0548 1.57465e-20
1647 65.6974 2.91101e-19
1646 73.2092 -2.44342e-19
1645 69.6055 -1.16557e-20
1644 75.5157 8.75396e-20
1643 78.8589 -2.30965e-19
1642 75.5661 2.37855e-19
1641 69.3575 -1.09793e-19
1640 74.7838 -5.5492e-21
1639 71.322 1.78211e-19
1638 71.0591 8.3648e-20
1637 82.9615 -7.12462e-20
1636 78.1392 -4.77978e-20
1635 65.2806 -1.10848e-19
1634 74.6755 -7.02155e-20
1633 76.4679 1.11024e-19
1632 79.9521 -6.43428e-20
1631 75.6 1.06128e-19
1630 71.1453 -1.54742e-20
1629 77.1913 -6.28003e-20
1628 81.2891 -8.3295e-20
1627 76.5296 -3.13791e-19
1626 87.1056 4.79011e-19
1625 73.0363 -2.14383e-19
1624 68.8103 -3.03408e-19
1623 80.7643 -8.29272e-20
1622 76.834 -4.46997e-19
1621 68.9808 5.43626e-20
1620 76.636 3.18143e-19
1619 63.5523 2.94619e-19
1618 77.7989 3.60372e-19
1617 91.1287 -1.60775e-19
1616 68.2582 1.0645e-19
1615 72.2424 2.02271e-19
1614 78.6355 -1.0159e-19
1613 67.4952 -7.25368e-20
1612 70.0816 3.28823e-19
1611 74.0809 -5.54935e-20
1610 82.4688 1.6549e-19
1609 76.7733 -1.66525e-19
1608 89.8371 -3.85066e-20
1607 86.6434 -1.94644e-20
1606 70.8433 7.41069e-20
1605 68.7883 -4.45026e-20
1604 86.8522 -1.24864e-19
1603 75.4013 -9.79621e-20
1602 92.4213 2.09442e-19
1601 73.232 5.53666e-20
1600 61.2837 8.45232e-20
1599 82.9878 3.62345e-21
1598 69.253 1.49918e-19
1597 78.9645 -2.88843e-19
1596 80.1218 -2.22205e-19
1595 92.0962 5.30645e-20
1594 76.9649 1.11754e-19
1593 82.5102 5.90275e-20
1592 77.3321 -1.83429e-19
1591 64.0772 -4.55912e-19
1590 62.7224 2.39e-19
1589 83.1728 6.19908e-20
1588 96.0746 4.43393e-19
1587 88.9975 7.00341e-20
1586 78.0532 2.21229e-20
1585 70.9913 -1.91108e-19
1584 88.2925 1.81462e-19
1583 76.0563 1.21215e-19
1582 77.1987 -2.32234e-19
1581 94.7814 1.90473e-19
1580 75.9261 2.36908e-19
1579 68.6698 2.06543e-19
1578 73.3046 -4.6598e-20
1577 71.8068 1.43633e-19
1576 67.9124 -1.2283e-19
1575 70.1407 -3.13239e-20
1574 76.8832 -4.64908e-21
1573 75.2067 1.62645e-20
1572 81.1716 2.83447e-19
1571 70.7039 1.68757e-19
1570 79.7971 2.61846e-19
1569 80.4246 1.12104e-20
1568 77.2474 -1.03051e-19
1567 76.0833 1.13775e-19
1566 74.0037 1.0217e-19
1565 100.634 4.21536e-19
1564 76.9073 -5.2391e-20
1563 88.7314 6.15317e-21
1562 87.2544 1.71494e-19
1561 91.9302 1.124e-19
1560 80.2956 -1.88813e-19
1559 86.9106 2.38096e-20
1558 80.275 -2.50834e-19
1557 90.8984 3.8053e-21
1556 75.4688 -1.40731e-19
1555 83.827 1.00508e-19
1554 90.4183 2.00017e-20
1553 69.608 -1.23221e-19
1552 86.0337 -2.48475e-20
1551 81.6689 -1.00252e-19
1550 77.4601 3.45384e-19
1549 70.3572 -9.41019e-20
1548 94.3884 8.92547e-20
1547 85.7839 2.03512e-19
1546 93.2657 1.29659e-19
1545 79.5536 -1.22422e-19
1544 99.2445 -2.24502e-19
1543 87.4105 -7.18806e-20
1542 76.2914 -5.69769e-20
1541 73.9706 1.50879e-19
1540 78.0233 -6.3316e-20
1539 79.342 4.36466e-20
1538 83.1599 -8.65742e-20
1537 76.5444 -4.05428e-19
1536 77.6259 -9.56051e-20
1535 77.3931 -1.66134e-19
1534 70.7076 -3.24187e-19
1533 90.4259 -2.47724e-19
1532 83.6381 -7.47741e-20
1531 85.4595 -8.02396e-20
1530 82.74 -5.49827e-20
1529 91.9566 4.0422e-20
1528 81.8556 -1.72877e-19
1527 83.0792 1.79609e-19
1526 91.4021 -2.54491e-19
1525 85.4485 -7.48211e-20
1524 71.1799 -1.52831e-19
1523 92.8561 2.05763e-19
1522 91.9117 6.87473e-20
1521 78.5956 8.46386e-20
1520 90.9116 -3.82839e-20
1519 87.6601 -3.93095e-19
1518 82.1918 -1.9475e-20
1517 88.4453 -5.82324e-20
1516 94.2519 -2.40646e-19
1515 66.8121 2.57179e-19
1514 75.7906 1.46712e-19
1513 85.1158 -2.62995e-19
1512 75.7223 -9.96484e-20
1511 83.4506 2.0219e-19
1510 103.959 -1.7041e-19
1509 72.8373 -2.8032e-19
1508 96.4736 -2.3843e-19
1507 73.4707 1.96343e-19
1506 89.9716 -2.65744e-19
1505 85.1486 -1.6683e-19
1504 74.6435 -5.07004e-20
1503 65.4015 9.99255e-20
1502 81.3416 -1.59381e-20
1501 79.8523 -1.32537e-19
1500 86.8286 -2.02216e-20
1499 89.0552 1.33809e-19
1498 99.56 -7.5608e-20
1497 72.1383 -2.58467e-19
1496 95.0789 -1.02438e-19
1495 80.44 1.17784e-19
1494 98.3147 -1.00841e-19
1493 90.2442 -1.28479e-20
1492 83.1762 -3.52073e-20
1491 82.2777 4.67807e-20
1490 97.3664 2.04885e-19
1489 92.8586 -5.54235e-20
1488 83.7769 -1.00118e-19
1487 91.7502 2.74016e-19
1486 93.2971 -1.80379e-19
1485 90.1046 4.24316e-19
1484 87.6459 -7.0626e-20
1483 88.9159 -3.32534e-19
1482 92.4484 6.48332e-20
1481 91.7639 1.91094e-20
1480 87.8226 1.67163e-19
1479 88.7241 -7.3656e-20
1478 105.056 -3.07247e-20
1477 104.719 1.82315e-20
1476 89.6027 -3.13904e-19
1475 82.5339 -8.22496e-21
1474 100.012 -1.31801e-19
1473 89.9976 9.86527e-20
1472 85.4634 -4.82648e-20
1471 99.3011 7.65357e-20
1470 95.27 5.62096e-20
1469 97.6872 -4.40406e-20
1468 104.433 -4.24807e-19
1467 94.6878 -2.00684e-19
1466 90.9751 8.58721e-20
1465 99.022 4.66352e-19
1464 95.613 2.57846e-19
1463 89.2862 2.53491e-19
1462 91.7927 8.02775e-20
1461 92.0354 -2.61352e-19
1460 101.614 -3.48763e-20
1459 101.384 1.94902e-19
1458 96.4677 -2.00339e-19
1457 92.9537 1.0837e-19
1456 89.4052 2.00824e-19
1455 88.5707 1.03287e-19
1454 94.6858 -3.70503e-19
1453 82.7511 1.67209e-20
1452 105.021 -7.34995e-20
1451 81.3372 3.05164e-19
1450 92.4424 -6.93025e-20
1449 107.995 -9.51338e-20
1448 106.935 9.05837e-20
1447 87.7177 -1.06045e-19
1446 89.1567 -1.03665e-19
1445 96.7154 5.78687e-20
1444 81.9567 2.92293e-19
1443 86.2021 3.09574e-19
1442 96.9208 6.57249e-20
1441 91.6198 1.9238e-19
1440 94.2103 -1.7716e-19
1439 98.8929 2.38291e-19
1438 105.665 -3.95411e-20
1437 105.757 -3.88596e-19
1436 98.599 7.55948e-20
1435 104.334 -1.76622e-19
1434 100.869 5.32967e-20
1433 112.596 -3.92665e-19
1432 104.871 -1.63625e-19
1431 102.611 2.107e-19
1430 86.0126 -2.15249e-19
1429 99.2518 -2.84753e-19
1428 85.0371 -2.96561e-20
1427 118.14 -6.05309e-20
1426 99.1412 5.00254e-19
1425 92.6453 -3.21392e-19
1424 96.9284 -2.71111e-21
1423 93.9587 -2.85726e-19
1422 102.852 -1.41053e-19
1421 108.529 1.45594e-19
1420 120.543 1.77755e-19
1419 106.425 3.22875e-19
1418 101.742 -1.95727e-19
1417 90.4329 6.26033e-20
1416 102.16 -8.39696e-21
1415 103.718 -7.4297e-22
1414 103.027 -2.21835e-19
1413 103.745 -2.33011e-19
1412 106.824 2.15623e-19
1411 105.888 -2.05686e-20
1410 99.4614 1.49397e-19
1409 88.7262 -7.11147e-20
1408 95.3978 -3.01374e-19
1407 110.913 1.23124e-19
1406 121.603 -1.77397e-19
1405 93.4379 -2.44071e-20
1404 110.026 5.56902e-20
1403 96.8749 -2.86309e-19
1402 88.3665 1.89846e-19
1401 97.9679 -1.07315e-19
1400 99.9009 -1.57811e-20
1399 103.414 -1.87971e-19
1398 93.2479 1.27932e-19
1397 113.544 -2.28775e-19
1396 119.713 -1.46574e-19
1395 109.678 5.11761e-21
1394 99.5948 -2.16071e-19
1393 109.727 7.0104e-20
1392 100.484 2.07514e-20
1391 91.2109 -2.21726e-19
1390 104.117 4.34462e-22
1389 95.7189 6.31688e-20
1388 94.9888 -3.246e-20
1387 88.2162 -4.19316e-20
1386 95.2987 -9.3358e-20
1385 119.336 -3.91319e-20
1384 100.99 -6.85711e-20
1383 96.9801 -1.38375e-19
1382 103.172 1.32607e-20
1381 126.269 -2.16874e-21
1380 103.573 -5.99952e-20
1379 99.5189 1.34033e-19
1378 100.171 5.63564e-20
1377 106.935 -1.8118e-19
1376 107.783 -1.52549e-20
1375 100.653 1.22045e-19
1374 104.113 -1.44145e-20
1373 115.234 -1.68619e-20
1372 100.917 -4.74877e-20
1371 96.2181 -9.8648e-20
1370 112.989 -2.609e-19
1369 113.538 -1.16293e-20
1368 122.895 2.27548e-19
1367 102.924 -2.58921e-20
1366 130.089 -4.29169e-19
1365 118.191 -2.85973e-19
1364 97.2661 1.04239e-19
1363 105.414 -2.21428e-20
1362 107.31 -2.19885e-19
1361 98.9313 -2.83279e-19
1360 105.608 2.0886e-19
1359 136.058 2.85565e-21
1358 104.205 2.80781e-20
1357 108.415 -7.24713e-20
1356 92.1039 -9.54835e-20
1355 109.84 -1.1009e-19
1354 125.028 1.46919e-19
1353 115.22 3.47232e-19
1352 107.705 -1.50329e-19
1351 84.3255 4.79764e-20
1350 111.479 2.52877e-19
1349 103.356 7.08917e-20
1348 114.284 -2.61371e-19
1347 99.6416 -1.45632e-19
1346 96.4642 -2.17893e-19
1345 110.632 2.01494e-19
1344 118.082 -7.77211e-20
1343 110.192 3.5581e-19
1342 112.148 -1.58668e-19
1341 108.468 -3.3106e-20
1340 124.98 -2.8211e-19
1339 117.683 1.78153e-19
1338 107.221 6.26417e-20
1337 101.169 -3.52394e-20
1336 138.526 1.14705e-20
1335 100.587 -6.81402e-21
1334 123.816 -5.07175e-20
1333 105.447 -1.16995e-19
1332 113.288 8.44282e-20
1331 141.779 2.70416e-19
1330 115.149 -2.40281e-19
1329 102.586 1.5243e-19
1328 105.859 2.63231e-19
1327 118.932 -2.4269e-19
1326 118.887 -4.22916e-20
1325 111.762 8.67634e-20
1324 119.974 -3.16801e-19
1323 121.968 -3.45123e-19
1322 97.1108 -1.65352e-20
1321 111.438 -3.24287e-20
1320 117.902 1.05161e-19
1319 144.748 4.95455e-19
1318 100.793 7.52436e-20
1317 125.594 -7.98087e-20
1316 118.482 -2.81395e-19
1315 125.116 -4.37418e-19
1314 133.929 1.2859e-20
1313 128.889 1.19387e-19
1312 106.472 7.39001e-20
1311 128.238 -1.65863e-19
1310 130.832 -2.03234e-19
1309 122.792 -4.05685e-20
1308 99.0383 -1.05116e-19
1307 117.542 -2.90695e-19
1306 104.536 2.66216e-19
1305 121.77 -4.08041e-20
1304 119.358 7.94236e-20
1303 111.199 -2.45242e-20
1302 137.577 -2.57451e-19
1301 109.19 -4.55187e-20
1300 130.339 -1.23835e-19
1299 119.767 2.70873e-19
1298 130.226 -8.61749e-20
1297 116.145 -5.46538e-20
1296 137.965 -1.98001e-19
1295 153.49 -2.46298e-19
1294 133.878 -3.02373e-20
1293 118.69 -2.52476e-19
1292 114.043 -8.50453e-21
1291 122.499 -4.5107e-19
1290 136.72 -6.03294e-22
1289 121.202 -2.39101e-19
1288 113.157 1.17456e-19
1287 110.229 -9.91561e-20
1286 105.072 -1.61805e-19
1285 117.777 2.72464e-19
1284 144.999 1.35811e-19
1283 112.13 -2.72788e-19
1282 120.567 -2.01969e-20
1281 130.314 -3.60682e-19
1280 124.25 -1.69706e-19
1279 146.273 3.22732e-19
1278 157.334 5.54367e-20
1277 120.317 4.43779e-20
1276 125.202 6.88084e-21
1275 143.686 -2.93074e-20
1274 140.991 1.08806e-19
1273 136.183 8.26217e-20
1272 122.213 -2.52621e-19
1271 121.288 2.21514e-19
1270 111.791 -5.45358e-19
1269 134.313 -8.17473e-20
1268 96.7795 -2.0249e-19
1267 134.563 1.2098e-20
1266 126.716 1.22539e-19
1265 143.359 -2.15813e-19
1264 121.269 2.16232e-19
1263 126.88 -6.39665e-20
1262 138.404 -1.14428e-19
1261 132.041 -5.92144e-20
1260 120.23 -6.30436e-20
1259 149.089 1.28813e-19
1258 154.78 -2.84142e-19
1257 146.942 -3.59286e-19
1256 131.447 3.30975e-19
1255 126.216 -7.18608e-20
1254 149.027 -6.97928e-20
1253 137.955 1.09455e-19
1252 144.917 -1.99733e-19
1251 127.463 8.71689e-20
1250 149.382 5.84853e-20
1249 136.007 1.89097e-19
1248 146.224 -4.64274e-21
1247 143.07 1.51877e-20
1246 118.693 -2.6733e-19
1245 121.261 -2.95466e-19
1244 129.55 -1.02756e-19
1243 153.233 -1.35177e-19
1242 134.197 -1.72682e-21
1241 118.148 2.43681e-19
1240 137.816 -1.99405e-19
1239 136.494 -1.11003e-19
1238 127.547 -1.50856e-19
1237 117.782 1.08595e-19
1236 157.157 -2.36817e-19
1235 144.444 -7.78497e-20
1234 131.339 -4.59847e-21
1233 139.57 -2.60572e-20
1232 129.807 1.52232e-19
1231 127.9 1.8788e-20
1230 158.449 -2.01644e-19
1229 118.854 -9.05043e-20
1228 140.594 9.67179e-20
1227 155.627 -1.71992e-19
1226 141.719 -1.33652e-19
1225 146.505 -1.58269e-19
1224 148.732 1.12223e-20
1223 136.252 4.59684e-19
1222 175.413 -4.05214e-21
1221 136.663 -1.0904e-19
1220 153.696 5.41924e-20
1219 143.023 -1.20312e-19
1218 133.247 1.2771e-19
1217 163.921 1.14492e-20
1216 129.141 2.1864e-19
1215 157.478 -1.94474e-19
1214 127.427 -1.49655e-20
1213 136.203 -1.49292e-19
1212 157.923 -4.51214e-19
1211 144.227 -3.09678e-19
1210 125.83 -5.07079e-19
1209 152.499 -6.53237e-20
1208 153.161 2.94662e-20
1207 180.393 3.61729e-20
1206 152.04 -6.30021e-20
1205 123.64 1.22981e-19
1204 159.757 -5.24357e-19
1203 172.716 -1.28011e-19
1202 176.877 2.69445e-19
1201 156.137 -1.77961e-19
1200 154.704 2.82649e-20
1199 160.085 8.64568e-20
1198 177.564 -1.1957e-19
1197 162.639 3.39366e-19
1196 138.316 1.67743e-19
1195 133.343 3.6061e-20
1194 153.905 -1.59825e-19
1193 125.428 -1.1078e-19
1192 125.652 -8.55839e-20
1191 162.223 -1.30335e-19
1190 183.682 2.28597e-19
1189 146.267 8.18451e-20
1188 133.25 -1.44542e-19
1187 186.225 2.75442e-19
1186 138.859 -5.94021e-20
1185 161.61 -4.70671e-20
1184 163.864 -9.51835e-20
1183 149.045 -2.9437e-19
1182 163.982 -7.23214e-20
1181 135.98 -1.30996e-19
1180 145.57 2.44119e-19
1179 174.405 -3.49784e-20
1178 163.32 -4.12067e-19
1177 146.578 -2.99679e-19
1176 151.175 1.01674e-19
1175 155.344 1.37121e-19
1174 158.633 -1.17611e-19
1173 152.861 -3.95414e-19
1172 171.665 -8.7937e-20
1171 183.795 2.16754e-19
1170 160.07 -6.55138e-20
1169 175.055 4.51018e-19
1168 157.354 3.24743e-20
1167 155.665 -5.29296e-20
1166 160.692 -1.91586e-19
1165 150.634 -4.40327e-20
1164 157.428 -8.41594e-20
1163 134.824 -2.08237e-20
1162 156.637 5.9681e-20
1161 154.694 4.2286e-19
1160 180.02 1.49233e-19
1159 177.46 -1.72463e-19
1158 149.027 -1.33904e-19
1157 173.515 -3.68358e-20
1156 157.448 -1.33963e-19
1155 155.941 1.8391e-19
1154 156.505 3.40856e-19
1153 157.718 -2.63402e-20
1152 177.728 -1.95348e-19
1151 168.192 5.92578e-21
1150 152.818 -1.74135e-20
1149 171.26 -4.0343e-20
1148 140.607 -1.42768e-19
1147 182.347 2.68882e-20
1146 163.637 -3.30595e-19
1145 162.706 4.06571e-19
1144 146.833 1.67011e-19
1143 183.237 -6.87619e-20
1142 163.279 -2.11668e-19
1141 169.124 -2.54697e-19
1140 193.296 7.09369e-20
1139 144.149 -7.47619e-20
1138 163.012 4.9142e-20
1137 173.492 4.87093e-20
1136 171.072 5.09424e-20
1135 148.197 6.11781e-20
1134 160.475 1.05056e-22
1133 156.546 -2.6473e-19
1132 186.065 4.25148e-20
1131 198.961 7.5555e-21
1130 163.267 -9.0599e-21
1129 162.819 3.91769e-19
1128 155.493 -9.73719e-21
1127 163.495 -3.11349e-19
1126 168.182 8.49415e-20
1125 157.366 -9.85231e-20
1124 161.205 1.18517e-19
1123 166.967 2.97996e-21
1122 185.089 1.60317e-19
1121 170.607 -1.19264e-19
1120 176.814 -1.11007e-19
1119 211.503 1.74752e-19
1118 181.118 -3.53511e-19
1117 171.887 -1.38248e-19
1116 187.614 7.30195e-20
1115 181.185 -1.7472e-19
1114 236.456 4.50763e-19
1113 177.05 5.29883e-19
1112 167.981 -1.08172e-19
1111 201.424 7.69017e-20
1110 188.1 -1.43179e-19
1109 207.399 3.71151e-20
1108 183.55 1.34595e-20
1107 187.762 1.33524e-19
1106 189.299 -1.1484e-19
1105 183.521 -5.03235e-20
1104 157.286 2.36792e-19
1103 162.82 -6.62759e-20
1102 199.499 -2.34978e-19
1101 170.926 3.9087e-20
1100 186.598 -5.17008e-19
1099 171.621 1.43101e-19
1098 188.551 -2.77561e-19
1097 197.408 -4.21909e-20
1096 196.865 2.72501e-19
1095 204.513 -1.10536e-19
1094 171.233 -1.68988e-19
1093 182.13 -1.634e-19
1092 166.875 -4.18771e-19
1091 181.663 2.53823e-19
1090 170.513 -3.24491e-20
1089 190.357 1.37093e-19
1088 193.546 -2.47181e-19
1087 211.24 -1.28505e-19
1086 164.918 1.50135e-20
1085 190.364 2.3008e-19
1084 166.301 1.79879e-19
1083 181.725 -1.65571e-19
1082 165.608 -1.90324e-19
1081 185.206 1.90504e-19
1080 219.755 1.50623e-20
1079 181.906 -6.27354e-20
1078 174.928 -1.61533e-19
1077 195.274 -1.51768e-19
1076 217.157 3.20372e-19
1075 223.09 7.98669e-20
1074 187.416 -2.20351e-19
1073 174.347 4.20523e-19
1072 139.546 1.08876e-21
1071 190.245 -3.33808e-20
1070 189.067 -1.51998e-19
1069 191.637 -3.47989e-19
1068 168.186 1.93571e-19
1067 197.933 -3.20142e-20
1066 199.434 -3.33899e-20
1065 205.374 1.34986e-19
1064 172.95 4.69912e-19
1063 180.934 -1.5151e-19
1062 193.458 2.58981e-20
1061 201.613 1.98304e-19
1060 212.726 -5.98106e-20
1059 199.271 1.26497e-19
1058 176.591 1.45591e-19
1057 170.108 -2.08451e-19
1056 194.381 -9.55278e-20
1055 194.109 3.44705e-19
1054 152.286 -6.01186e-20
1053 243.686 2.8724e-19
1052 201.304 -1.98073e-19
1051 208.939 -2.81347e-19
1050 227.394 1.87499e-19
1049 213.241 -1.00202e-19
1048 167.259 -9.33468e-21
1047 229.916 1.36888e-19
1046 222.956 -3.37226e-19
1045 194.213 1.10319e-19
1044 186.354 -7.70436e-22
1043 225.648 -1.74538e-19
1042 251.439 -1.05165e-19
1041 238.552 1.11533e-19
1040 208.543 4.71046e-20
1039 259.139 -2.9103e-19
1038 218.437 -4.96433e-20
1037 202.261 -2.06565e-19
1036 195.884 1.44403e-19
1035 214.459 6.44314e-20
1034 178.04 -3.75365e-20
1033 205.234 1.34238e-19
1032 215.406 4.12136e-20
1031 189.755 -2.01057e-19
1030 224.914 3.44415e-19
1029 191.649 5.16041e-20
1028 209.318 2.79623e-20
1027 206.648 -3.40274e-19
1026 235.905 8.68076e-20
1025 210.525 5.2342e-20
1024 205.263 -1.13799e-19
1023 202.29 1.12309e-19
1022 182.14 -2.17827e-20
1021 206.596 2.63492e-19
1020 181.725 -8.33458e-20
1019 220.092 5.8968e-19
1018 193.513 2.63708e-20
1017 194.865 -1.6543e-19
1016 239.305 6.11678e-20
1015 215.726 -7.70011e-20
1014 201.481 2.02022e-19
1013 209.372 2.07264e-19
1012 200.848 -1.86298e-19
1011 190.048 2.14404e-19
1010 249.114 1.45374e-19
1009 207.546 1.0872e-19
1008 226.338 4.12485e-19
1007 273.068 -2.40533e-20
1006 224.342 -1.35416e-19
1005 205.375 -2.47694e-20
1004 172.424 -3.06478e-20
1003 242.756 -2.01971e-19
1002 250.778 5.96337e-20
1001 190.612 -4.2072e-19
1000 250.329 1.9401e-19
999 225.463 6.20469e-20
998 247.398 -9.03562e-20
997 253.376 -2.7251e-20
996 227.166 -1.64362e-19
995 219.712 -3.79151e-19
994 249.028 1.87612e-19
993 237.115 2.64368e-20
992 230.789 9.52768e-20
991 224.688 -1.46632e-19
990 215.886 -3.72871e-19
989 222.649 -9.51738e-21
988 261.756 -1.47648e-19
987 208.217 -1.8737e-19
986 198.059 -2.17835e-19
985 224.584 7.6259e-20
984 208.409 -2.94433e-19
983 254.934 3.61522e-19
982 274.368 3.10755e-20
981 234.744 1.91654e-19
980 231.127 1.93135e-19
979 301.446 -7.7226e-20
978 255.029 -2.62057e-19
977 220.509 9.6907e-20
976 265.02 1.61997e-19
975 272.83 -2.20347e-19
974 228.434 8.29526e-20
973 229.191 -1.4366e-19
972 219.937 -1.19059e-19
971 226.637 1.37621e-19
970 253.738 -1.84377e-19
969 258.738 -5.23011e-19
968 260.498 2.33319e-19
967 242.155 1.10082e-19
966 212.244 -6.85488e-21
965 279.672 3.12662e-19
964 275.777 -2.73361e-19
963 265.826 9.97119e-20
962 255.677 4.33603e-20
961 217.424 -2.8027e-19
960 295.416 2.96931e-19
959 242.516 -1.02038e-19
958 260.752 9.68685e-20
957 282.56 -1.95682e-19
956 235.186 2.65295e-19
955 209.154 -2.89992e-21
954 217.455 1.62334e-19
953 282.014 -3.27251e-19
952 289.175 2.53547e-19
951 268.266 1.46464e-19
950 282.185 2.9679e-19
949 264.416 -1.01038e-19
948 239.315 9.76108e-20
947 235.241 1.55248e-19
946 269.78 -1.32036e-19
945 276.044 -2.6054e-19
944 356.005 -7.5354e-20
943 271.364 -3.99407e-20
942 261.439 2.79308e-20
941 297.068 -1.17369e-20
940 275.245 -3.18913e-20
939 244.172 -1.21724e-19
938 220.252 -1.00643e-19
937 278.146 7.07916e-20
936 321.428 1.61059e-20
935 227.598 1.45941e-19
934 233.346 2.00057e-19
933 225.501 1.60243e-19
932 278.977 -2.69582e-19
931 278.826 1.82874e-19
930 240.33 -2.26269e-19
929 281.165 -2.09887e-19
928 258.369 2.05217e-19
927 255.143 -7.58772e-20
926 290.153 7.85509e-20
925 236.109 -5.45675e-19
924 318.469 -1.73985e-19
923 233 1.07961e-19
922 287.385 -1.38076e-19
921 277.171 -1.61416e-19
920 329.021 8.95092e-21
919 293.037 1.74687e-20
918 239.308 4.44188e-19
917 306.22 1.96964e-19
916 338.207 2.50542e-19
915 297.539 -2.43898e-19
914 275.43 1.11343e-19
913 332.653 -2.41352e-19
912 310.511 2.4513e-19
911 247.953 5.00737e-20
910 315.221 3.21182e-19
909 299.505 -3.35388e-19
908 281.111 -4.71352e-19
907 293.603 1.33861e-19
906 255.195 3.55539e-20
905 253.626 -3.48298e-19
904 271.557 -1.91693e-20
903 272.524 1.70133e-19
902 262.422 1.66636e-19
901 304.193 -2.53241e-20
900 302.429 3.28675e-19
899 281.416 2.35444e-19
898 296.986 -2.79016e-19
897 292.049 -1.92211e-19
896 299.63 1.13704e-20
895 281.123 -4.44464e-21
894 379.086 6.8536e-20
893 338.137 2.32277e-19
892 357.068 1.30651e-19
891 387.038 -2.55485e-19
890 286.723 -1.18547e-19
889 326.123 8.29588e-21
888 342.85 -4.62478e-19
887 294.063 -8.74125e-21
886 250.979 -3.05583e-20
885 312.657 -7.69366e-20
884 307.676 6.81494e-20
883 291.662 -5.5968e-20
882 295.919 -2.24911e-19
881 319.771 1.28465e-19
880 303.923 -9.74253e-20
879 380.188 -5.62069e-19
878 323.964 -3.9108e-19
877 275.773 1.43935e-19
876 447.192 -1.05103e-19
875 319.633 9.73925e-20
874 303.836 -1.00987e-19
873 309.642 -1.90946e-21
872 309.666 6.07644e-20
871 351.043 1.15563e-19
870 345.412 3.06847e-19
869 327.431 -7.14917e-20
868 338.092 3.28076e-20
867 314.704 2.03582e-20
866 302.06 -1.17793e-19
865 327.645 -2.28347e-19
864 382.585 4.32402e-19
863 352.347 -1.7825e-19
862 400.759 8.78911e-20
861 367.482 -2.70755e-20
860 312.412 1.99566e-19
859 359.129 -1.19239e-19
858 477.141 -9.71743e-20
857 321.619 -3.32121e-19
856 332.44 3.77872e-20
855 267.261 -2.94623e-20
854 356.695 8.40237e-20
853 429.867 -1.4969e-19
852 306.75 7.82384e-21
851 335.271 -2.71855e-19
850 307.414 6.09552e-20
849 365.703 7.15079e-20
848 318.267 9.73251e-20
847 297.19 2.33564e-19
846 409.91 4.69576e-19
845 325.944 4.74552e-19
844 368.077 1.30867e-19
843 302.195 6.9126e-20
842 448.025 1.1153e-19
841 307.904 -2.6921e-19
840 271.19 7.64184e-20
839 405.662 1.3944e-19
838 357.461 4.3312e-19
837 361.436 2.69854e-19
836 339.496 -2.71332e-20
835 350.928 9.99129e-20
834 395.769 -1.11239e-19
833 431.044 2.60637e-19
832 360.969 3.27049e-19
831 378.017 3.74934e-20
830 447 -6.93897e-20
829 437.539 8.03307e-20
828 303.51 -3.4011e-20
827 419.606 1.44234e-19
826 395.083 8.42415e-20
825 390.493 1.24919e-19
824 317.755 4.94308e-19
823 375.217 5.54234e-20
822 465.164 1.70926e-19
821 412.55 1.89409e-20
820 326.991 2.42585e-20
819 363.298 -3.2588e-19
818 392.497 -2.28021e-20
817 411.647 -1.7329e-19
816 494.383 2.77857e-20
815 379.525 4.74823e-20
814 401.082 -1.43222e-19
813 391.095 -1.21624e-19
812 428.906 -1.01264e-19
811 471.413 -3.84275e-20
810 350.032 1.57922e-19
809 334.552 -2.41056e-20
808 435.19 -4.75975e-20
807 461.274 6.15047e-20
806 357.236 1.06208e-19
805 438.971 -3.61036e-21
804 474.349 7.93903e-20
803 419.601 -2.54625e-19
802 384.602 2.14564e-19
801 393.278 2.88083e-19
800 438.49 -2.15659e-19
799 380.18 -1.3902e-19
798 441.09 7.06398e-20
797 398.085 3.67997e-20
796 402.534 6.33208e-20
795 456.336 2.73449e-19
794 375.738 -3.77207e-19
793 396.262 7.17183e-20
792 489.677 -2.58648e-19
791 424.349 8.61676e-20
790 312.705 -1.1864e-22
789 364.23 -1.92297e-19
788 412.119 3.92457e-19
787 344.839 3.52336e-20
786 394.092 -1.09836e-19
785 385.722 -1.20197e-19
784 370.716 -1.87021e-19
783 387.774 -5.15599e-20
782 521.059 1.1544e-19
781 456.333 -1.49176e-20
780 416.144 1.75971e-21
779 379.301 -2.41945e-19
778 434.041 2.43947e-20
777 485.874 1.17445e-19
776 442.62 3.00056e-19
775 360.106 -9.97451e-20
774 578.47 2.86027e-19
773 378.448 1.12543e-19
772 419.193 -1.99338e-19
771 424.807 -9.4961e-20
770 370.45 -1.72063e-19
769 432.044 2.42431e-20
768 494.836 2.6172e-19
767 431.014 -1.08151e-19
766 471.368 -4.83615e-20
765 500.601 -4.62477e-19
764 432.463 2.20881e-19
763 432.077 -2.50096e-20
762 612.857 3.29638e-19
761 392.898 -4.29536e-20
760 469.612 -1.07436e-19
759 588.444 -1.75268e-19
758 446.216 -8.96669e-20
757 527.905 1.55352e-20
756 505.598 1.74276e-19
755 414.396 1.18195e-19
754 491.52 9.79417e-21
753 552.227 3.73758e-19
752 523.233 9.57506e-20
751 521.007 6.35522e-20
750 474.726 3.11205e-19
749 438.297 -2.08538e-19
748 528.332 5.00112e-19
747 492.88 6.21863e-19
746 460.926 -4.42318e-21
745 659.56 2.72371e-19
744 502.117 1.14669e-19
743 493.112 3.90536e-20
742 576.925 -2.59158e-20
741 469.541 -2.08839e-19
740 516.738 -5.42983e-19
739 589.683 1.81025e-19
738 441.999 1.83453e-19
737 567.115 1.96961e-19
736 458.353 -1.71183e-19
735 483.585 -4.84625e-19
734 445.533 -4.55338e-20
733 596.373 6.5847e-20
732 481.83 1.65006e-19
731 498.029 -1.13022e-19
730 551.557 -1.2983e-19
729 548.882 5.20747e-20
728 687.878 -5.50289e-19
727 557.532 1.42685e-19
726 465.083 -1.35573e-19
725 593.587 4.42323e-19
724 556.039 3.74991e-19
723 609.289 8.23313e-20
722 413.518 -1.27666e-19
721 647.287 -1.02345e-20
720 535.451 1.58817e-19
719 469.286 9.72784e-20
718 426.967 -3.69849e-20
717 510.81 1.98859e-20
716 706.014 2.51079e-19
715 575.105 1.75434e-19
714 607.732 5.90509e-20
713 647.7 4.39921e-19
712 562.31 -2.69342e-19
711 564.922 -7.69696e-21
710 596.937 9.73134e-20
709 713.766 1.14525e-19
708 571.933 -1.68344e-19
707 783.451 -3.04009e-19
706 598.049 5.91507e-20
705 534.06 -3.94568e-19
704 515.257 -2.88853e-19
703 670.024 1.66331e-19
702 666.767 3.69153e-19
701 556.288 -4.85384e-19
700 516.029 3.61857e-19
699 516.311 -1.1456e-19
698 741.438 6.6992e-20
697 619.273 6.72492e-22
696 609.202 -1.01715e-19
695 641.182 -1.74376e-19
694 544.226 1.06699e-19
693 711.898 -3.40179e-19
692 557.274 -8.12751e-20
691 734.918 3.175e-19
690 637.905 -1.28223e-19
689 655.502 -9.6353e-20
688 623.35 2.23199e-19
687 591.467 5.89194e-20
686 686.831 -1.25388e-19
685 638.181 2.24743e-19
684 603.663 -1.65098e-19
683 609.965 -6.26659e-20
682 625.555 -2.34279e-20
681 530.679 -3.00233e-19
680 667.264 2.57248e-19
679 564.794 1.36327e-20
678 736.443 1.78395e-19
677 720.005 5.28942e-19
676 662.661 3.02503e-19
675 659.859 -2.12451e-20
674 817.727 -1.56166e-19
673 509.586 2.16674e-19
672 647.807 -2.67205e-19
671 693.993 -2.52535e-19
670 834.859 -1.56401e-19
669 760.428 -1.25477e-20
668 801.654 -2.87282e-19
667 701.552 2.16895e-19
666 523.67 2.1895e-19
665 695.873 3.1691e-20
664 775.473 4.93385e-19
663 652.808 1.90752e-19
662 575.721 -2.38258e-19
661 687.761 2.15095e-19
660 574.43 4.14602e-19
659 614.811 -1.06951e-19
658 688.57 -2.91971e-19
657 591.869 5.04145e-20
656 824.642 -3.87988e-21
655 858.835 5.47328e-20
654 670.801 -6.88449e-20
653 469.492 1.58302e-19
652 690.54 -1.75991e-19
651 551.13 2.41038e-20
650 719.697 -6.88494e-20
649 702.873 -1.33519e-20
648 672.651 1.56173e-19
647 739.181 -3.79037e-19
646 768.751 -8.03432e-20
645 594.681 4.34452e-20
644 864.26 1.84194e-19
643 712.639 2.96078e-20
642 735.992 1.24932e-19
641 714.502 4.32235e-20
640 800.594 1.20205e-19
639 643.264 -8.35984e-20
638 783.969 5.60846e-20
637 702.086 -8.43828e-21
636 818.503 -3.53885e-19
635 815.707 1.78898e-19
634 744.478 1.66398e-19
633 655.025 -1.90965e-19
632 752.472 2.80236e-19
631 615.503 2.15084e-19
630 1033.68 3.51669e-19
629 790.464 2.26333e-20
628 845.555 -3.56745e-20
627 772.642 4.51566e-19
626 932.179 2.15039e-19
625 802.153 8.75017e-21
624 902.134 -2.17577e-19
623 867.872 9.47358e-20
622 818.044 1.03714e-20
621 894.881 -5.4725e-19
620 1026.06 -6.26272e-20
619 959.996 -4.17384e-20
618 1131.2 1.36429e-19
617 650.285 4.78422e-19
616 705.244 -5.41172e-19
615 872.29 -1.12338e-19
614 725.561 1.88699e-19
613 925.03 -4.10662e-20
612 866.421 3.9028e-19
611 871.097 -1.18888e-19
610 897.2 -8.58701e-20
609 871.169 -2.19278e-19
608 771.984 4.99395e-20
607 996.988 2.64741e-19
606 1007.54 2.51763e-19
605 1031.38 1.43558e-19
604 1079.7 -1.09284e-19
603 1289.64 7.59785e-20
602 1036.53 -5.82474e-20
601 977.241 1.01901e-19
600 982.307 1.03815e-19
599 916.02 1.29587e-19
598 1064.32 5.41379e-20
597 874.896 -2.27115e-19
596 893.686 5.9519e-19
595 902.593 -1.71139e-19
594 1066.68 -1.44586e-19
593 701.471 -1.91037e-19
592 990.294 1.07836e-19
591 868.612 -1.91126e-19
590 1129.46 3.56238e-19
589 1050.06 -2.55162e-19
588 1039.66 1.86317e-19
587 872.297 -7.38995e-20
586 1190.37 2.18874e-19
585 904.009 -8.95029e-21
584 1123.17 -1.25386e-19
583 1135.42 -9.27102e-20
582 1227.22 1.87097e-19
581 942.509 -1.34328e-19
580 1057.21 3.83868e-19
579 1198.26 -1.14295e-19
578 983.405 -8.39698e-20
577 1011.41 -3.81499e-20
576 867.984 1.09291e-19
575 998.977 -6.89998e-20
574 904.233 7.22982e-20
573 1101.19 1.7943e-19
572 974.472 2.81919e-20
571 1250.2 -1.94363e-19
570 1079.2 -4.95838e-19
569 1017.44 3.4995e-19
568 1191.47 -2.58409e-19
567 852.35 -7.59227e-20
566 1094.48 3.70596e-19
565 1039.61 -7.51708e-20
564 1322.29 7.59648e-20
563 1084.7 -1.74668e-21
562 1257.59 1.97914e-19
561 1043.35 3.02485e-19
560 1078.04 -4.70227e-19
559 1180.31 9.24216e-20
558 931.14 -3.02532e-19
557 1009.56 1.20341e-20
556 1203.1 -5.36634e-20
555 979.956 2.05956e-19
554 1107.13 -2.89107e-19
553 1196.8 -1.71388e-19
552 990.242 8.64975e-20
551 1302.9 -2.49794e-19
550 905.554 1.99909e-19
549 1117.07 -2.746e-19
548 1307.64 -3.98261e-19
547 1389.36 -3.00424e-19
546 1232.88 -9.66577e-20
545 1258.8 -9.9859e-21
544 1336.96 4.55993e-19
543 1322.78 1.9966e-19
542 1602.39 4.47287e-19
541 1372.33 1.12401e-19
540 1503.43 3.38669e-19
539 1358.6 5.72656e-19
538 1158.55 -6.40637e-20
537 1252.02 8.27006e-20
536 1990.75 1.85446e-19
535 1415.76 -7.07605e-20
534 1385.37 1.77082e-19
533 1575.36 -2.91962e-19
532 1282.42 -2.94226e-19
531 1045.17 -4.9265e-20
530 1204.37 -5.42447e-19
529 1467.94 6.89474e-19
528 1434.45 1.52945e-19
527 1373.15 -2.48491e-19
526 1007.87 -2.32381e-20
525 1283.26 8.63676e-19
524 1380.52 -5.42542e-19
523 1182.6 -3.49482e-20
522 1390.81 2.28676e-19
521 1447.96 5.83014e-20
520 1781.86 -4.29115e-19
519 1365.1 -3.28889e-19
518 1461.22 3.16846e-19
517 1586.94 -5.09187e-19
516 1482.29 -8.041e-20
515 1699.23 -5.10811e-20
514 1582.54 4.04219e-20
513 1455.65 -1.8892e-19
512 1225.86 -2.33369e-20
511 1342.84 4.324e-19
510 1381.13 -1.92905e-19
509 1748.07 -1.8238e-19
508 1625.6 3.55001e-20
507 1306.94 7.32711e-21
506 1470.91 2.38382e-20
505 1580.02 3.93634e-20
504 1359.39 -2.0183e-19
503 1822.38 -1.50253e-19
502 1706.12 -5.12306e-19
501 1236.87 -1.07371e-19
500 1321.59 -8.07172e-20
499 1523.72 2.13832e-19
498 1583.75 4.93647e-20
497 1468.22 -3.17633e-19
496 1460.66 -8.78023e-20
495 1713.38 -2.77941e-19
494 1631.54 -3.20227e-19
493 1510.07 -9.7627e-21
492 1676.05 -3.9021e-19
491 1468.52 -4.25887e-19
490 1804.87 -4.67933e-19
489 1889.64 4.55185e-19
488 1634.78 2.53661e-19
487 1104.83 -3.22358e-19
486 1615.2 6.12183e-20
485 2382.97 8.28322e-20
484 1827.59 -3.60408e-19
483 1664.67 5.70678e-19
482 2342.98 1.42858e-19
481 1600.36 6.52835e-19
480 1461.35 -1.39316e-19
479 1567.32 1.20173e-19
478 2199.76 -2.26414e-19
477 1951.12 -2.82949e-19
476 1637.74 -8.39546e-21
475 1586.41 -7.24423e-20
474 1995.16 7.97762e-20
473 2150.31 4.45822e-19
472 1985.51 -1.03829e-19
471 2154.77 -1.17331e-19
470 1780.26 -9.79028e-20
469 1834.01 -1.14288e-19
468 2470.42 -3.20129e-19
467 1925.35 -1.48042e-19
466 1618.77 1.38391e-19
465 2205.37 -4.75553e-20
464 2135.08 -3.04197e-19
463 2092.18 6.92738e-19
462 2233.46 -9.12467e-20
461 1355.69 -1.38418e-19
460 2862.26 1.94431e-19
459 1474.56 -9.60051e-21
458 2085.16 2.07426e-19
457 2343.69 -8.36655e-19
456 1892.14 3.91497e-20
455 2226.71 -5.11659e-19
454 2487.29 -1.38329e-19
453 2443.15 3.66157e-19
452 1946.76 -2.56733e-19
451 1796.55 5.77662e-19
450 2433.78 4.36961e-20
449 2208.01 2.71809e-19
448 2287.24 -5.85007e-19
447 1890.91 4.76989e-19
446 1697.42 -5.64877e-19
445 2352.39 4.48606e-19
444 2264.69 -3.21865e-19
443 2498.13 -3.46186e-19
442 2675.77 1.09846e-19
441 3074.06 5.61432e-19
440 2662.38 5.94502e-20
439 2307.56 2.6535e-19
438 2846.82 -1.8461e-21
437 1984.92 -2.15788e-19
436 2752.45 -3.44421e-19
435 2302.28 1.94649e-19
434 2753.79 7.97852e-21
433 2962.68 8.88476e-20
432 2474.16 -3.5575e-19
431 3067.33 5.56016e-19
430 2192.49 -1.58152e-19
429 3592.3 -3.19099e-19
428 2584.87 5.35616e-19
427 3090.75 -2.93533e-19
426 1898.88 1.32124e-19
425 2265.85 -1.5314e-19
424 2991.77 3.38112e-19
423 2115.47 -8.14713e-19
422 2559.23 -8.67921e-20
421 2605.15 -2.53015e-19
420 3159.76 2.91807e-19
419 2415.51 8.33692e-20
418 3112.03 -7.67038e-20
417 3149.58 -6.69433e-19
416 3333.81 6.18329e-20
415 2876.05 4.01202e-21
414 3162.7 3.90709e-19
413 3599.44 -3.21447e-19
412 2921.99 1.05656e-19
411 2641.71 1.76204e-19
410 2084.51 -1.05493e-19
409 3122.67 -8.55868e-20
408 2844.08 -5.71233e-19
407 3870.97 -2.37708e-19
406 3370.77 2.18456e-19
405 3330.97 -2.97071e-19
404 3496.36 8.30446e-20
403 2584.72 -1.16603e-19
402 2601.74 -5.09762e-19
401 2710.4 2.10087e-19
400 1930.23 -3.99067e-19
399 3502.77 2.02492e-19
398 3565.2 -4.12994e-19
397 3101.3 2.85266e-19
396 3088.39 2.54059e-20
395 3253.5 -1.41708e-19
394 3274.46 -6.78088e-19
393 3751.2 -2.01259e-19
392 4005.07 2.19051e-19
391 3179.97 -4.05982e-19
390 2758.51 -4.18382e-20
389 2854.43 -2.69014e-19
388 3188.69 -3.49145e-19
387 3753.83 2.02682e-19
386 4106.29 -1.12545e-20
385 3587.63 2.58237e-20
384 5151.94 4.62674e-19
383 3458.58 -3.23667e-19
382 2845.54 -8.87371e-21
381 3723.3 6.64942e-19
380 3134.35 -5.84611e-20
379 4492.08 2.25638e-19
378 4301.24 -1.52079e-19
377 4784.82 5.10297e-19
376 4032.59 -4.10855e-19
375 3661.78 -6.42637e-19
374 3856.72 -2.64512e-20
373 3992.93 -3.00054e-19
372 3976.09 2.82855e-19
371 3814.39 -1.03859e-19
370 3837.79 -5.41011e-20
369 4386.73 2.2855e-19
368 4393.1 -3.71744e-19
367 2958.63 1.78148e-19
366 4467.53 -7.18981e-20
365 3796.7 -7.56265e-19
364 4095.61 2.42965e-19
363 4879.93 1.89599e-19
362 3839.22 -2.92931e-19
361 4074.27 -3.49658e-19
360 3466.72 -1.30367e-19
359 4192.56 3.62635e-19
358 4122.64 -2.09013e-19
357 5423.22 -2.74232e-19
356 3174.5 -3.57715e-19
355 6239.69 -1.76159e-19
354 3587.39 -6.35724e-19
353 5786.83 -2.59166e-19
352 5356.6 5.64405e-19
351 4435.25 -8.56058e-20
350 5082.49 1.41592e-19
349 7171.96 2.1407e-19
348 4897.77 -5.22699e-19
347 3935.81 6.20466e-19
346 5856.96 -6.80845e-20
345 4339.07 -3.63843e-19
344 4744.64 -4.53538e-19
343 4261.33 -2.0158e-19
342 4331.1 -4.00185e-19
341 4254.03 -3.26563e-19
340 5429.06 1.12849e-19
339 5061.05 -3.33743e-19
338 4524.58 3.5156e-19
337 5340.16 5.39484e-19
336 4492.37 -4.94283e-20
335 4085.27 -3.73477e-19
334 5424.38 -1.87773e-19
333 3875.23 4.36001e-19
332 5865.74 1.6953e-19
331 5892.6 -3.97315e-20
330 3764.15 2.09496e-19
329 6558.36 5.9213e-19
328 4483.99 4.83005e-19
327 6405.04 -1.00927e-19
326 5561.09 3.4289e-19
325 5145.07 -3.98657e-19
324 6605.2 -6.88183e-19
323 6152.02 -4.44986e-19
322 4445.49 -1.95623e-19
321 5797.85 5.85092e-19
320 5445.55 -9.84733e-20
319 5812.05 -2.73569e-19
318 6246.09 -9.79003e-20
317 5092.63 4.31137e-19
316 7157.58 1.42865e-19
315 7210.7 4.0017e-20
314 6094.78 2.62734e-19
313 5151.25 -4.19818e-19
312 5235.93 -4.11392e-20
311 8342.45 1.20877e-19
310 6517.43 -2.01967e-19
309 5013.58 -8.27279e-19
308 7174.1 -8.89649e-20
307 4930.03 8.61689e-19
306 6644.59 -9.09061e-20
305 6367.31 5.63329e-19
304 7969.58 -2.33191e-19
303 4661.79 -1.47269e-19
302 5646.36 1.17812e-19
301 4368.72 1.74538e-19
300 7966.02 -3.2613e-19
299 6633.33 1.30308e-19
298 7063.29 -5.72551e-19
297 6892.6 6.45606e-19
296 8386.82 4.9822e-19
295 6195.84 -8.16312e-20
294 6559.63 -3.08931e-19
293 8118.11 -2.161e-19
292 7212.92 -2.50885e-19
291 6780.48 -7.99513e-19
290 4979.13 -7.6197e-19
289 5374.56 9.01657e-21
288 6581.53 -1.95275e-19
287 4512.5 -2.98274e-19
286 9451 1.94367e-19
285 10545.5 1.38185e-19
284 6250.59 -2.00119e-19
283 7747.56 -1.16512e-19
282 7041.68 5.88509e-19
281 6544.01 -7.66299e-19
280 8780.11 -2.33058e-19
279 6430.93 1.24603e-19
278 6244.06 -8.43501e-20
277 7202.34 -2.1837e-19
276 6897.78 -2.7968e-19
275 4606.09 -6.06963e-19
274 7957.3 6.15239e-19
273 6592.44 -2.29682e-19
272 7852.05 -3.76841e-20
271 9210.33 -1.49637e-19
270 8750.65 -4.64799e-19
269 6792.48 8.8926e-20
268 6153.15 2.88324e-21
267 6362.42 -3.16076e-19
266 8203.77 3.47112e-19
265 7862.85 -5.87307e-20
264 5773.34 2.11577e-19
263 8397.27 3.3861e-19
262 6887.2 3.25466e-21
261 7196.69 4.40749e-19
260 6136.67 -3.87353e-19
259 7654.02 3.37716e-20
258 6385.63 -2.07595e-19
257 6555.25 1.06529e-19
256 6802.13 3.3841e-19
255 8032.57 -2.74861e-20
254 6824.85 -4.51718e-20
253 7579.1 -1.42261e-20
252 5871.11 -8.53253e-20
251 7986.11 -2.64925e-19
250 7834.01 5.54904e-19
249 6781.65 7.21697e-20
248 9136.16 -4.64188e-19
247 5804.27 -4.61992e-19
246 7299.74 -5.41032e-19
245 7183.39 -4.67438e-19
244 6284.58 1.6084e-19
243 8928.89 -3.9727e-19
242 8494.66 -5.05899e-19
241 7775.13 -6.17799e-20
240 6831.97 -6.19891e-19
239 5854.45 -2.23268e-19
238 6185.33 3.03956e-19
237 6247.88 9.03061e-20
236 9019.98 -2.68969e-19
235 6530.02 -5.41859e-19
234 5587.8 -4.86741e-19
233 6372.56 4.53502e-19
232 4940.58 2.71481e-19
231 5077.89 -4.02042e-19
230 5060.75 -1.87488e-19
229 4933.84 -7.96905e-20
228 4296.79 -3.71895e-19
227 4793.43 -1.48976e-19
226 7012.25 4.53761e-20
225 7148.64 -1.06837e-19
224 5871.07 1.57395e-20
223 5934.46 -1.54338e-19
222 5443.6 -3.69985e-19
221 6831.89 2.03789e-20
220 4991.57 1.25929e-20
219 7128.5 -8.34113e-20
218 5466.54 3.29309e-20
217 7729.5 2.85408e-21
216 5584.76 -3.56842e-21
215 5334.08 3.40324e-19
214 7172.68 1.09605e-19
213 6061.98 -9.68266e-20
212 7183.43 -2.289e-19
211 4978.85 -1.25006e-19
210 7145.98 2.92161e-19
209 6278.85 5.16903e-21
208 4299.79 -2.52342e-19
207 5802.42 -2.44644e-19
206 4942.64 -3.47354e-19
205 5677.13 -2.70056e-19
204 5028.89 1.93956e-19
203 6136.54 -2.0476e-19
202 6636.1 3.69428e-19
201 4235.68 1.86479e-20
200 4131.09 1.61811e-19
199 5802.63 -2.87678e-19
198 3215.11 -2.20995e-19
197 4165.24 4.96286e-20
196 3962.09 4.65643e-20
195 4722.93 -2.49112e-19
194 5251.1 -2.25749e-19
193 4403.16 -1.82509e-19
192 3879.96 -2.14536e-19
191 5942.56 -2.86459e-19
190 3240.51 -6.60568e-20
189 2935.63 -7.89815e-20
188 4140.24 -2.2366e-19
187 3913.82 -1.12992e-19
186 3332.96 -8.11699e-20
185 3282.86 1.29203e-20
184 4736.99 -1.26373e-19
183 5776.11 -2.56613e-19
182 4152.99 -2.1938e-19
181 2758.42 2.02894e-20
180 3870.55 9.39245e-20
179 4298.32 -1.68223e-19
178 3455.34 1.48504e-19
177 3710.2 -3.50637e-19
176 3917.35 6.14669e-21
175 3783.34 -9.99736e-20
174 3695.21 2.17208e-19
173 5137.09 8.50134e-20
172 2733.32 -1.51495e-19
171 4213.58 4.04894e-20
170 2917.08 -1.74152e-19
169 3800.12 -9.88754e-20
168 3686.19 -1.83626e-19
167 3744.25 -1.87737e-19
166 3873.6 -4.91766e-20
165 3485.92 -2.70344e-19
164 3382.71 -7.33513e-20
163 2652.14 -4.51149e-20
162 3500.43 1.35529e-20
161 2702.3 -2.00414e-20
160 3412.52 2.83058e-20
159 2206.96 -6.57495e-20
158 2573.67 -4.09505e-20
157 1947.72 -4.0057e-20
156 2603.68 -1.55841e-19
155 2295.37 8.55333e-20
154 2482.63 8.68323e-20
153 2307.58 -2.98143e-19
152 3243.42 -1.05793e-20
151 2407.81 -1.22192e-19
150 2562.98 -7.8969e-20
149 2697.01 -1.59744e-19
148 2041.47 -1.49126e-19
147 1704.13 3.08076e-20
146 2328.45 1.34585e-19
145 1463.09 -1.84153e-20
144 1981.07 8.25733e-20
143 2009.74 5.30884e-20
142 1654.47 6.94389e-20
141 2202.64 -7.19403e-20
140 1536.3 5.91072e-20
139 1824.24 3.05382e-20
138 1509.85 9.02325e-21
137 1394.56 1.15541e-19
136 1764.02 -3.09553e-20
135 1702.8 4.82315e-20
134 1528.68 -2.53348e-20
133 1489.76 -8.23538e-20
132 1712.59 5.43259e-21
131 1183.95 -9.2278e-20
130 1481.66 4.49839e-21
129 1500.15 1.37976e-20
128 1542.25 -1.10584e-20
127 1090.99 -1.37621e-19
126 1361.99 8.09375e-20
125 947.851 1.17134e-19
124 1139.33 -1.15451e-19
123 892.429 -8.32069e-20
122 1088.89 2.4504e-21
121 1095.07 -4.04529e-20
120 825.605 -4.76801e-20
119 984.531 2.725e-20
118 1090.67 -2.29274e-20
117 901.251 5.89224e-20
116 787.17 -9.01897e-20
115 682.492 -4.18068e-20
114 933.727 4.42368e-20
113 910.788 4.40807e-20
112 709.724 -5.7425e-20
111 661.148 -6.27034e-20
110 686.273 -5.24248e-20
109 564.943 7.22515e-21
108 526.82 4.02815e-20
107 466.611 1.29555e-20
106 564.205 5.33956e-21
105 528.023 3.5753e-20
104 463.22 -2.65635e-20
103 446.329 -3.80231e-20
102 527.143 -6.87326e-20
101 417.753 1.1828e-20
100 367.472 -1.18375e-20
99 309.17 -1.12268e-20
98 347.442 -5.45063e-21
97 361.119 1.59042e-21
96 188.266 -3.19176e-20
95 311.969 -1.91811e-20
94 284.948 1.556e-20
93 258.563 -7.08621e-21
92 234.907 4.40439e-21
91 283.158 -7.66194e-21
90 215.39 -1.53935e-20
89 309.793 -4.01593e-21
88 140.399 -5.22777e-21
87 154.588 -2.53356e-20
86 260.69 -2.81882e-21
85 163.723 -9.32628e-22
84 158.164 9.70027e-21
83 127.057 -1.4123e-20
82 118.43 3.91757e-21
81 126.516 3.1287e-21
80 93.6233 -1.74521e-20
79 105.964 2.51065e-21
78 63.1421 -1.978e-21
77 65.3446 8.93329e-21
76 74.3324 -1.35036e-21
75 68.1616 -1.31824e-20
74 53.672 6.05941e-21
73 45.0675 -1.44162e-20
72 45.892 4.56019e-21
71 31.0082 3.28821e-21
70 30.6766 3.07394e-21
69 35.3287 2.72512e-21
68 27.8636 2.29375e-21
67 31.127 -7.169e-21
66 15.8497 1.55916e-21
65 24.4108 2.09047e-21
64 34.5526 -7.4483e-21
63 7.38214 5.6384e-22
62 15.4962 1.12478e-21
61 4.81355 3.5395e-22
60 2.63732 1.8438e-22
59 17.4522 1.21949e-21
58 3.09623 2.0265e-22
57 4.52332 2.8846e-22
56 10.9036 7.0093e-22
55 5.04891 3.0014e-22
54 0 0
53 0 0
52 6.48287 3.4613e-22
51 0 0
50 0 0
49 0.516171 2.368e-23
48 0 0
47 0 0
46 0 0
45 0.286467 1.107e-23
44 0 0
43 0 0
42 0 0
41 0 0
40 0 0
39 0 0
38 0 0
37 0 0
36 0 0
35 0 0
34 0 0
33 0 0
32 0 0
31 0 0
30 0 0
29 0 0
28 0 0
27 0 0
26 0 0
25 0 0
24 0 0
23 0 0
22 0 0
21 0 0
20 0 0
19 0 0
18 0 0
17 0 0
16 0 0
15 0 0
14 0 0
13 0 0
12 0 0
11 0 0
10 0 0
9 0 0
8 0 0
7 0 0
6 0 0
5 0 0
4 0 0
3 0 0
2 0 0
1 0 0
