3000 2136.58 -2.878e-17
2999 901.813 -5.81606e-19
2998 723.037 1.92281e-18
2997 646.246 -2.15663e-18
2996 781.783 -1.67187e-18
2995 665.07 -2.10831e-18
2994 664.269 6.00348e-19
2993 723.702 -1.5937e-19
2992 753.967 -8.91526e-19
2991 640.826 7.38788e-19
2990 912.275 3.66028e-18
2989 709.877 2.84005e-19
2988 646.157 2.41456e-19
2987 726.532 -3.74277e-19
2986 754.163 1.04763e-18
2985 675.431 4.49146e-19
2984 569.881 7.73209e-19
2983 755.142 6.42848e-19
2982 734.299 -9.63435e-19
2981 672.525 1.11249e-18
2980 753.973 9.30739e-19
2979 718.69 4.20783e-19
2978 800.379 -1.36968e-19
2977 691.718 -7.37656e-19
2976 839.137 1.55448e-18
2975 745.844 -7.98934e-19
2974 701.271 -1.90774e-18
2973 701.169 1.53368e-18
2972 720.846 1.05831e-18
2971 888.395 -3.0586e-19
2970 735.936 -2.16818e-18
2969 709.263 -1.05662e-18
2968 682.534 -8.66502e-20
2967 747.229 3.31542e-19
2966 878.256 1.94539e-19
2965 634.106 -4.70326e-19
2964 703.566 1.85718e-18
2963 907.997 -3.81415e-19
2962 661.587 -8.28693e-19
2961 613.035 -1.00454e-18
2960 730.958 -7.26534e-19
2959 683.641 4.42607e-19
2958 772.253 -5.99372e-19
2957 744.477 9.42206e-19
2956 756.195 -2.73505e-19
2955 593.96 1.35707e-18
2954 658.585 3.36265e-18
2953 649.656 -1.60108e-18
2952 686.568 1.22486e-18
2951 604.6 1.20806e-18
2950 787.878 5.74458e-19
2949 879.734 -4.48582e-19
2948 712.956 -1.47169e-18
2947 587.769 1.29468e-18
2946 832.777 -1.8411e-19
2945 790.71 1.13684e-18
2944 952.981 -1.53044e-18
2943 764.099 1.35803e-18
2942 800.752 -9.55187e-19
2941 600.087 -2.17466e-19
2940 741.494 7.98891e-19
2939 713.958 -1.77739e-18
2938 829.008 7.83882e-19
2937 780.262 -1.08403e-18
2936 831.925 -7.05791e-19
2935 820.59 9.8892e-20
2934 765.716 -1.68881e-18
2933 689.104 2.24522e-19
2932 742.411 -7.25527e-19
2931 914.764 -4.4262e-19
2930 726.073 -1.71568e-18
2929 811.126 -6.65545e-20
2928 844.594 -7.99423e-19
2927 724.826 8.52234e-19
2926 947.781 -1.76298e-18
2925 795.547 -6.05829e-20
2924 791.416 3.06016e-19
2923 822.941 -1.15327e-18
2922 695.649 6.61624e-19
2921 734.792 6.59842e-19
2920 946.739 -1.47071e-18
2919 637.497 -7.26805e-19
2918 816.38 1.17781e-18
2917 864.944 6.34501e-19
2916 777.518 -5.20724e-19
2915 730.535 2.69275e-18
2914 745.123 5.12965e-20
2913 678.289 1.71417e-18
2912 826.835 -2.87182e-18
2911 714.375 -1.22294e-18
2910 863.898 -9.14259e-19
2909 703.454 2.82135e-18
2908 783.52 -1.16225e-18
2907 595.218 9.45506e-19
2906 814.345 -1.63855e-18
2905 861.202 -2.40634e-19
2904 738.724 6.57692e-19
2903 727.592 1.17572e-18
2902 807.314 6.36221e-19
2901 743.759 5.49024e-20
2900 790.935 -1.57543e-18
2899 617.845 8.07819e-19
2898 765.536 -1.75352e-18
2897 797.618 4.03232e-19
2896 657.898 -7.21806e-19
2895 879.315 -5.05771e-19
2894 811.016 -9.59849e-19
2893 754.478 1.29335e-18
2892 941.202 -1.22804e-18
2891 660.52 1.92411e-18
2890 705.75 4.19802e-19
2889 778.281 -1.39151e-18
2888 785.369 1.16444e-18
2887 799.86 2.29402e-19
2886 769.626 -1.3069e-18
2885 780.556 1.65246e-19
2884 736.681 3.36747e-20
2883 754.424 -5.47455e-19
2882 678.66 8.5031e-19
2881 790.541 -1.63739e-19
2880 660.322 2.07527e-20
2879 727.801 2.06179e-19
2878 764.732 1.70333e-18
2877 624.134 -1.32059e-18
2876 868.044 1.35906e-19
2875 820.636 2.10182e-18
2874 832.63 -1.37945e-18
2873 765.866 2.85348e-18
2872 696.101 5.99371e-19
2871 791.505 -5.90176e-19
2870 578.915 -1.00086e-18
2869 602.568 1.12728e-18
2868 945.558 -1.28382e-18
2867 748.935 -8.44072e-19
2866 846.476 -1.16745e-18
2865 1096.19 9.47942e-19
2864 893.047 9.86223e-19
2863 660.031 -1.09727e-19
2862 882.903 -2.89083e-19
2861 752.603 1.64528e-19
2860 822.361 -7.17888e-20
2859 899.662 1.18206e-18
2858 939.284 -1.62913e-19
2857 804.624 -5.12743e-19
2856 690.909 3.43893e-20
2855 872.512 1.86541e-18
2854 742.093 1.18724e-18
2853 703.63 -8.12954e-19
2852 830.462 -1.01294e-18
2851 681.293 -8.23759e-19
2850 870.362 1.5673e-18
2849 932.537 -3.59666e-18
2848 891.336 -1.21773e-18
2847 938.5 2.55409e-19
2846 775.413 -1.77628e-20
2845 875.989 -2.2817e-19
2844 857.576 1.42164e-19
2843 862.873 -1.67099e-18
2842 682.795 1.51891e-18
2841 874.085 -6.90667e-19
2840 757.964 -5.60457e-19
2839 711.261 -8.25524e-19
2838 769.677 1.0074e-18
2837 785.803 1.51959e-18
2836 859.182 1.61721e-18
2835 856.437 1.04257e-18
2834 628.108 -4.39939e-19
2833 874.358 7.56683e-19
2832 931.572 -5.24389e-19
2831 954.162 2.94421e-19
2830 919.571 -5.47656e-19
2829 902.268 9.87139e-19
2828 730.674 5.18264e-19
2827 808.475 -7.92004e-19
2826 827.031 1.46928e-18
2825 871.937 2.84303e-18
2824 744.04 1.37463e-18
2823 797.641 -7.57978e-19
2822 705.59 -7.64346e-20
2821 913.209 -1.40318e-18
2820 861.751 1.79975e-18
2819 951.161 -8.97791e-20
2818 761.536 -1.54845e-19
2817 793.057 -1.27058e-18
2816 791.218 1.44538e-18
2815 959.247 1.86357e-18
2814 728.736 -9.34252e-19
2813 1081.26 -1.6261e-18
2812 805.944 6.28243e-19
2811 864.984 -4.38625e-19
2810 757.825 -6.03896e-19
2809 720.148 2.07458e-19
2808 852.337 -6.69331e-19
2807 815.335 5.39006e-19
2806 941.04 3.65606e-19
2805 716.559 -8.61843e-19
2804 728.157 -7.96865e-19
2803 885.073 -1.0985e-18
2802 620.002 -1.46852e-18
2801 858.624 -2.53079e-19
2800 730.571 -1.79949e-18
2799 741.459 -2.99527e-19
2798 928.458 -1.16955e-18
2797 665.58 1.40495e-18
2796 902.753 -3.85137e-19
2795 884.652 4.69893e-19
2794 784.122 -3.81047e-19
2793 732.82 8.85612e-19
2792 807.727 1.56815e-19
2791 793.726 -7.96215e-19
2790 984.888 1.31533e-18
2789 948.789 -5.23388e-20
2788 729.591 -1.05666e-18
2787 1083.29 -8.17944e-19
2786 902.269 -1.87643e-18
2785 842.876 -4.20062e-19
2784 969.751 -6.92315e-19
2783 693.724 -7.25422e-19
2782 771.38 -5.13489e-19
2781 930.124 -4.08325e-19
2780 766.406 -1.53952e-18
2779 724.411 2.37208e-19
2778 878.395 2.59427e-18
2777 914.615 -1.39904e-18
2776 843.165 -2.06814e-18
2775 862.643 5.64983e-19
2774 895.24 4.70237e-19
2773 993.484 -3.1118e-19
2772 724.214 -9.18492e-19
2771 920.037 -2.47964e-19
2770 857.566 4.38333e-19
2769 871.126 -1.83177e-19
2768 945.695 -3.27947e-19
2767 1079.38 -2.69878e-18
2766 830.765 1.45847e-18
2765 853.922 -1.07564e-19
2764 869.661 4.4936e-19
2763 918.512 2.88326e-18
2762 854.272 -1.6881e-19
2761 595.378 1.30369e-18
2760 915.919 -4.75842e-19
2759 732.047 -2.26188e-18
2758 765.733 -8.12516e-19
2757 838.21 1.15801e-18
2756 868.327 5.18595e-19
2755 635.434 -2.11009e-18
2754 794.91 3.08625e-19
2753 939.057 -7.80741e-19
2752 890.216 6.65184e-20
2751 1025.61 3.65195e-19
2750 742.441 -1.55203e-18
2749 853.44 1.18744e-18
2748 926.502 1.65928e-18
2747 919.925 -1.51663e-18
2746 888.71 1.71489e-18
2745 869.217 -1.72853e-19
2744 807.656 -1.34466e-18
2743 941.922 -2.49005e-18
2742 1021.07 -8.4551e-19
2741 776.25 1.254e-18
2740 827.967 9.89787e-19
2739 782.374 -8.00275e-19
2738 981.017 -3.99741e-19
2737 748.796 -8.4114e-19
2736 977.626 -4.35055e-19
2735 676.569 2.46855e-19
2734 904.053 -1.79683e-18
2733 775.466 -7.54959e-19
2732 690.812 -1.17608e-18
2731 1042.93 -2.73112e-21
2730 950.222 1.1266e-18
2729 945.689 -1.9538e-18
2728 761.315 -9.50173e-19
2727 969.804 1.5808e-19
2726 919.718 1.48831e-18
2725 949.264 -1.51121e-18
2724 694.595 -2.93067e-19
2723 1111.3 -1.32783e-18
2722 963.572 -8.30476e-19
2721 794.956 -1.39209e-18
2720 797.531 -1.87402e-18
2719 1005.82 -8.19238e-19
2718 731.457 -5.49582e-19
2717 853.791 2.20951e-19
2716 1212.99 -2.59344e-19
2715 820.478 -1.50143e-18
2714 867.023 5.98196e-19
2713 842.082 -3.34248e-19
2712 816.806 1.79917e-18
2711 891.672 -6.88167e-20
2710 869.817 -8.3491e-19
2709 861.227 2.02229e-18
2708 913.765 -2.28467e-18
2707 816.498 1.07945e-18
2706 960.811 -1.3723e-18
2705 958.846 -3.09205e-18
2704 1022.88 -1.20167e-18
2703 974.045 -9.39851e-19
2702 821.354 -1.03591e-18
2701 1078.79 -2.28403e-18
2700 941.349 -1.1544e-18
2699 1101.83 1.10715e-18
2698 748.162 1.86939e-18
2697 988.256 6.99203e-19
2696 854.656 7.50109e-19
2695 1010.73 -1.11222e-19
2694 934.048 6.91858e-19
2693 681.807 1.08386e-18
2692 885.4 -4.31115e-19
2691 1099.87 -4.52176e-19
2690 868.352 -1.10859e-18
2689 871.793 1.19709e-18
2688 1052.89 1.81032e-18
2687 963.47 -2.32297e-19
2686 785.52 2.50847e-18
2685 749.79 -7.29188e-19
2684 959.193 4.58781e-19
2683 738.941 2.46715e-19
2682 852.86 4.89693e-19
2681 825.792 -8.13967e-20
2680 953.389 6.95346e-19
2679 888.33 8.96355e-19
2678 911.747 -3.32889e-19
2677 945.434 2.52209e-18
2676 1106.53 2.40829e-19
2675 1065.89 -1.84937e-19
2674 915.472 5.0899e-19
2673 1030.06 1.08652e-18
2672 808.584 1.50749e-18
2671 763.755 7.53622e-19
2670 777.647 1.71127e-18
2669 1011.34 9.43987e-19
2668 780.962 -3.9523e-19
2667 1030.34 7.7182e-19
2666 873.62 -7.18339e-19
2665 948.721 1.64615e-18
2664 894.259 -4.15238e-19
2663 980.208 -6.62548e-19
2662 895.58 -1.32029e-18
2661 688.376 1.42097e-18
2660 1076.61 6.67283e-19
2659 864.11 -2.33577e-18
2658 816.551 -1.92863e-19
2657 908.807 3.38097e-19
2656 816.981 -4.27245e-19
2655 818.153 -2.52453e-19
2654 818.414 -1.87738e-18
2653 939.343 -9.92686e-20
2652 797.436 -3.32615e-20
2651 1094.41 -5.44918e-19
2650 1046.45 1.73654e-19
2649 936.025 4.82131e-19
2648 887.523 8.53375e-19
2647 881.939 7.17194e-19
2646 862.113 7.90101e-19
2645 973.487 -1.02423e-18
2644 863.304 3.77488e-19
2643 1000.47 3.58329e-19
2642 1027.02 7.39652e-20
2641 1045.22 -2.1864e-18
2640 1019.85 -1.72351e-18
2639 1032.57 8.57599e-19
2638 990.911 9.49351e-19
2637 870.054 1.02232e-18
2636 1042.15 -1.37837e-18
2635 919.425 -6.44449e-19
2634 1091.53 -1.61485e-18
2633 1092.66 -1.80997e-18
2632 925.509 -7.36886e-19
2631 1045.64 6.63108e-19
2630 818.341 -1.6106e-18
2629 991.891 -2.29363e-20
2628 1200.28 -1.85053e-18
2627 932.198 -2.43854e-21
2626 893.673 4.63036e-19
2625 994.717 -2.33775e-19
2624 1090.53 7.89159e-19
2623 957.352 1.08713e-18
2622 886.506 9.76512e-19
2621 1070.96 7.33046e-19
2620 862.703 -9.55716e-19
2619 1094.24 1.24628e-18
2618 851.962 9.99375e-19
2617 681.055 1.42393e-18
2616 978.415 -8.72789e-19
2615 1103.53 -9.84872e-19
2614 937.826 -7.70211e-19
2613 1013.64 -1.67998e-18
2612 1143.05 2.8513e-19
2611 884.711 -7.98397e-19
2610 938.856 -1.66095e-18
2609 991.194 1.90601e-18
2608 1056.1 1.59176e-18
2607 923.279 1.00642e-18
2606 786.151 2.64495e-19
2605 883.123 1.80106e-19
2604 1010.83 -5.49349e-19
2603 849.09 -2.246e-18
2602 1214.65 2.8935e-19
2601 799.029 3.59373e-19
2600 955.287 -7.07527e-19
2599 950.756 -1.54523e-18
2598 988.033 3.27831e-19
2597 815.882 3.78865e-19
2596 952.023 5.99384e-20
2595 905.536 1.99749e-18
2594 983.108 -1.78412e-18
2593 883.836 3.28133e-19
2592 1095.32 7.66084e-19
2591 1058.37 -9.83265e-19
2590 1104.63 1.10474e-18
2589 897.793 -1.31776e-18
2588 970.052 -4.21117e-19
2587 1150.15 4.69009e-19
2586 865.409 5.94054e-19
2585 930.902 -4.84204e-19
2584 915.041 5.64731e-19
2583 905.088 -1.54309e-18
2582 918.623 -1.84199e-18
2581 1167.14 9.23993e-19
2580 1019.6 2.13355e-18
2579 748.558 -8.82172e-19
2578 1144.83 2.82375e-18
2577 1130.23 1.12407e-18
2576 833.475 -1.40015e-18
2575 1086.55 1.91955e-18
2574 855.739 -2.37708e-20
2573 986.178 -1.00009e-18
2572 1128.05 6.09271e-19
2571 911.592 1.09238e-18
2570 892.281 1.30773e-18
2569 1071.15 9.44699e-19
2568 857.554 -5.68762e-19
2567 986.074 -7.75988e-19
2566 1117.87 1.27744e-19
2565 1049.62 -1.67938e-18
2564 989.892 -1.38736e-18
2563 938.309 -6.54711e-20
2562 998.822 -1.5916e-18
2561 933.924 9.54669e-19
2560 994.526 5.87963e-19
2559 866.905 -1.19381e-19
2558 1036.26 -2.39626e-19
2557 1182.62 -2.40342e-18
2556 991.775 4.30778e-19
2555 1080.89 -1.29358e-19
2554 1085.91 -2.47792e-18
2553 1099.54 1.76479e-18
2552 975.219 -5.3136e-19
2551 889.569 -1.89977e-19
2550 1038.16 -1.93563e-18
2549 893.94 8.37426e-19
2548 1024.2 2.70669e-20
2547 1057.79 -4.96484e-19
2546 1062.35 -2.30246e-18
2545 964.466 2.13149e-18
2544 780.403 -1.51939e-18
2543 912.096 -7.49358e-19
2542 979.797 1.54889e-18
2541 1229.96 -6.12376e-19
2540 1067.07 -1.56192e-19
2539 983.887 -6.49174e-21
2538 1383.12 -1.80833e-18
2537 1100.04 -4.83852e-19
2536 1126.67 -3.7477e-19
2535 1097.04 1.32692e-18
2534 911.873 -6.65739e-19
2533 1027.77 1.57443e-19
2532 971.897 3.9516e-19
2531 1016.9 -1.14913e-18
2530 953.246 -3.37944e-19
2529 1071.91 8.89794e-19
2528 821.554 -2.552e-19
2527 1075.89 1.53866e-18
2526 999.883 -1.60325e-18
2525 977.868 2.06643e-19
2524 1238.02 -1.2191e-18
2523 896.168 -5.41453e-19
2522 944.187 -1.06081e-20
2521 1038.96 1.02216e-18
2520 1180.18 1.04499e-18
2519 1146.69 3.84159e-19
2518 1083.28 5.82551e-19
2517 981.197 2.59821e-19
2516 1073.9 1.32955e-18
2515 1014.11 -1.13839e-18
2514 1089.27 1.04094e-18
2513 1084.39 -1.30623e-18
2512 1260.07 -1.09757e-18
2511 1076.32 -6.29653e-20
2510 1130.24 -1.34792e-18
2509 930.271 -1.12895e-19
2508 1050.13 6.10457e-19
2507 1182.84 2.97962e-19
2506 1038.92 -2.08991e-18
2505 1217.67 -1.15217e-18
2504 919.089 -2.14669e-18
2503 1148.51 6.6797e-20
2502 1028.44 2.44651e-20
2501 1244.57 5.87616e-19
2500 960.196 1.19471e-18
2499 1020.51 1.41171e-18
2498 1209.13 -1.29648e-18
2497 969.624 1.00375e-18
2496 1076.19 -1.899e-18
2495 1278.52 2.78759e-19
2494 1240.57 -6.61901e-19
2493 1008.19 1.02031e-19
2492 1100.12 -3.61964e-19
2491 1008.01 1.35905e-18
2490 1146.96 -5.2603e-19
2489 1006.38 8.47821e-19
2488 953.868 -2.27718e-18
2487 1006.26 -1.69584e-18
2486 1068.66 -3.69695e-19
2485 1048.04 1.15371e-18
2484 936.758 -8.77931e-19
2483 1035.59 2.1482e-19
2482 951.135 8.8292e-19
2481 1044.77 -1.56449e-18
2480 840.569 -6.56292e-19
2479 944.222 1.14371e-18
2478 1123.19 -6.92e-19
2477 1077.81 -9.55159e-20
2476 1135.33 8.16811e-19
2475 929.886 -4.13816e-20
2474 1064.58 -8.15864e-19
2473 1052.29 -1.22306e-18
2472 1090.53 2.6644e-19
2471 1080.23 -7.85035e-19
2470 1109.13 8.01869e-19
2469 1231.58 -1.70599e-18
2468 1315.58 -3.43157e-19
2467 1004.41 -1.72947e-18
2466 1224.4 4.31991e-19
2465 968.691 -1.14654e-18
2464 1150.1 -2.20134e-18
2463 1128.06 3.83068e-19
2462 902.223 -6.42203e-19
2461 1180.77 1.1616e-19
2460 1035.66 1.27333e-18
2459 918.242 6.10333e-19
2458 1210.19 2.35354e-19
2457 1078.09 -8.04467e-19
2456 1507.72 -1.31145e-18
2455 1002.76 -1.62447e-18
2454 1164.02 3.99815e-19
2453 748.386 8.35905e-19
2452 1266.65 1.04379e-18
2451 1245.33 -2.57864e-19
2450 1123.7 -2.14048e-18
2449 968.695 1.57329e-18
2448 1039.06 1.31107e-18
2447 939.936 -3.41712e-19
2446 1066.29 5.79115e-19
2445 975.618 -1.14784e-18
2444 1047.82 9.97024e-19
2443 1271.04 -6.65691e-19
2442 999.059 1.02907e-18
2441 1007.48 -1.83571e-18
2440 1015.97 1.3756e-18
2439 1035.33 4.75863e-19
2438 1107.87 -3.48692e-20
2437 830.735 2.30938e-18
2436 1013.62 2.90515e-19
2435 1042.43 -2.70717e-19
2434 1022.38 1.16963e-18
2433 987.089 -6.7977e-19
2432 1013.18 -1.17648e-18
2431 1112.3 -2.97889e-18
2430 1000.99 -1.63252e-18
2429 1355.22 1.20467e-18
2428 1019.03 7.81953e-19
2427 1174.01 -1.09554e-18
2426 1107.16 2.4497e-19
2425 1105.66 -1.4086e-18
2424 1043.95 -2.33859e-18
2423 1033.17 -6.06736e-19
2422 1366.24 -1.60454e-18
2421 964.602 4.59233e-19
2420 975.085 -1.28047e-18
2419 1239.28 -6.9787e-20
2418 1114.33 -9.71944e-19
2417 1242.24 7.65724e-19
2416 1034.15 -8.79832e-19
2415 1229.41 -1.27798e-19
2414 947.398 -1.10469e-18
2413 1167.37 3.13334e-19
2412 1020.04 5.6829e-19
2411 1490.51 1.11986e-18
2410 979.131 -1.02623e-19
2409 1367.4 1.16863e-18
2408 1240.53 -7.91005e-20
2407 1122.51 2.04671e-18
2406 1253.98 3.94715e-19
2405 1150.35 -2.99515e-19
2404 1031.69 3.51055e-20
2403 1218.94 1.28804e-18
2402 1355.06 9.29691e-19
2401 1137.58 4.58801e-19
2400 1225.39 -9.50697e-19
2399 1096.21 -3.62286e-19
2398 1334.85 -8.21385e-20
2397 921.803 1.35155e-18
2396 986.33 6.40522e-19
2395 1195.46 6.84111e-19
2394 988.796 7.84344e-19
2393 1123.64 -4.93808e-19
2392 1005.66 -2.04473e-18
2391 1168.79 -9.3241e-19
2390 1185.74 -1.95933e-19
2389 1009.85 -1.41378e-19
2388 1057.09 1.79783e-18
2387 913.114 -9.69975e-19
2386 1207.88 -9.96767e-19
2385 945.657 -8.10735e-19
2384 912.023 1.10175e-18
2383 1215.1 1.63376e-18
2382 1297.71 4.27492e-19
2381 1193.42 2.76204e-20
2380 1070.86 5.32187e-19
2379 1229.75 -2.62283e-19
2378 1154.14 9.44028e-19
2377 1255.68 -1.30878e-18
2376 1011.51 1.74826e-18
2375 1245.73 6.9023e-20
2374 1134.85 1.35798e-18
2373 926.299 -1.0389e-18
2372 1070.71 -8.52511e-19
2371 1051.74 -5.57168e-19
2370 1119 -2.21457e-18
2369 1181.28 -7.1591e-19
2368 1152.23 -1.21486e-18
2367 1257.45 -4.5862e-21
2366 1214.62 -1.65999e-18
2365 1273.4 -2.37451e-19
2364 1301.27 -1.29096e-18
2363 1017.13 1.30811e-19
2362 1210.45 1.32312e-18
2361 1111.37 2.00839e-19
2360 1062.89 -1.14824e-18
2359 1207.36 -9.34787e-19
2358 1040.3 -1.36116e-19
2357 1077.66 9.33713e-19
2356 1206.71 -8.84899e-19
2355 1002.24 -9.75091e-19
2354 1346.79 7.79199e-19
2353 1290.05 -3.25336e-18
2352 1005.27 3.89626e-19
2351 1087.57 -4.62574e-19
2350 974.41 9.98014e-19
2349 1205.25 2.43579e-18
2348 1234.22 -1.60351e-18
2347 1147.96 -2.26804e-19
2346 1166.03 1.69762e-19
2345 1001.22 -1.96996e-19
2344 1008.74 -1.9281e-18
2343 1183.8 -2.31444e-19
2342 1229.51 -2.21769e-18
2341 1148.05 1.12648e-18
2340 1104.77 1.63634e-18
2339 1311.36 -2.66695e-19
2338 1182.14 -1.89159e-18
2337 1056.93 3.64756e-19
2336 1115.39 1.70247e-18
2335 1173.67 6.7894e-19
2334 1308.16 -5.141e-19
2333 1168.59 -1.16816e-18
2332 1243.19 -4.01197e-19
2331 1360.97 -1.06586e-18
2330 1517.75 -1.71282e-18
2329 1489.09 1.28218e-18
2328 1158.77 4.39581e-19
2327 1085.55 -5.70762e-19
2326 1253.79 -1.4294e-19
2325 1507.32 4.44591e-19
2324 1349.08 -2.66677e-19
2323 1228.7 -1.87533e-18
2322 1199.96 -1.10597e-18
2321 1278.51 6.83208e-19
2320 1448.04 1.15933e-18
2319 1054.11 1.78272e-18
2318 1084.14 -1.44675e-18
2317 1652.64 9.94644e-19
2316 1321.19 -2.09674e-18
2315 1230.94 -1.97903e-18
2314 1465.11 -2.82219e-19
2313 1305.22 -5.01169e-19
2312 1243.68 1.24484e-18
2311 1139.15 -4.20028e-19
2310 1078.38 -1.44012e-18
2309 1436.77 -1.53696e-18
2308 1244.84 1.40601e-18
2307 1545.64 -5.51805e-19
2306 1149.06 -2.74285e-18
2305 1365.54 -8.75357e-19
2304 1129.73 2.4863e-18
2303 1556.84 7.86707e-19
2302 1338.15 2.24268e-18
2301 1331.71 1.61028e-18
2300 1170.87 2.99207e-19
2299 1474.9 -1.78486e-18
2298 1276.19 -8.91712e-20
2297 1150.7 -1.68279e-18
2296 1012.62 5.25355e-19
2295 1226.19 -2.50056e-19
2294 1218.49 1.86568e-18
2293 1076.06 -1.4418e-20
2292 1219.58 -3.28014e-19
2291 1424.63 1.34424e-18
2290 1171.85 -3.86981e-19
2289 1209.75 -1.42327e-18
2288 1042.61 -3.96919e-19
2287 1672.92 6.62936e-19
2286 1422.26 1.43496e-18
2285 1229.54 8.1811e-19
2284 1172.35 -1.98603e-18
2283 1347.04 6.65849e-19
2282 1150.94 1.01188e-19
2281 1187.13 -2.89482e-19
2280 963.717 1.20356e-18
2279 1158.01 1.63012e-18
2278 1358.74 -7.80954e-20
2277 1082.51 1.9746e-18
2276 1197.57 -1.76267e-20
2275 1243.84 -1.96006e-18
2274 1642.26 5.41217e-19
2273 1153.18 -1.85813e-19
2272 1261.41 6.48696e-19
2271 932.697 -1.66235e-18
2270 1426.62 2.06334e-19
2269 1437.79 -6.44098e-19
2268 1138.99 -1.48083e-18
2267 1263.62 -9.20864e-19
2266 1191.13 1.24963e-18
2265 1128.12 -1.11237e-18
2264 1181.78 9.3628e-20
2263 1326.47 -5.14415e-20
2262 1374.79 5.48935e-19
2261 1405.18 1.35017e-18
2260 1256.55 2.80777e-19
2259 1125.61 -1.20877e-19
2258 1296.29 1.84875e-18
2257 1250.23 1.42798e-18
2256 1398.61 -9.4084e-19
2255 1550.12 -2.91696e-19
2254 1417.31 7.51399e-19
2253 1228.52 5.57537e-19
2252 1446.04 -1.40549e-18
2251 1133.42 1.62247e-18
2250 1124.26 2.2499e-18
2249 1547.35 3.81166e-19
2248 1161.98 -1.4497e-18
2247 1069.57 -7.6215e-19
2246 1372.69 8.61164e-19
2245 1374.66 -3.22208e-18
2244 1458.72 -1.42721e-18
2243 1307.63 1.27354e-18
2242 1209.46 -3.22517e-19
2241 1591.64 7.00245e-19
2240 1091 -6.82163e-19
2239 1184.55 1.13732e-19
2238 1380.13 4.99492e-19
2237 1376.02 -4.73303e-19
2236 1504.25 -5.53816e-19
2235 1242.83 9.33531e-19
2234 1523.62 8.73644e-19
2233 1291.63 3.97799e-19
2232 1133.24 6.87135e-20
2231 1397.13 -6.95904e-19
2230 1461.76 -8.00496e-19
2229 1121.43 -5.03113e-19
2228 1379.37 9.627e-19
2227 1239.16 2.81487e-19
2226 1279.23 7.00056e-19
2225 1389.95 1.59357e-18
2224 1187.33 2.61293e-19
2223 1058.54 7.60361e-19
2222 1163.34 5.96758e-19
2221 1399.62 -1.01898e-18
2220 1551.32 1.91619e-18
2219 1249.67 7.04313e-19
2218 1399.95 1.31503e-18
2217 1052.13 -6.96403e-20
2216 1146.29 6.12384e-19
2215 1310.81 -9.56817e-19
2214 1616.29 1.2904e-18
2213 1208.78 2.39689e-19
2212 1216.39 3.20355e-19
2211 1695.43 -3.26398e-19
2210 1514.97 -1.37053e-19
2209 1247.17 6.72075e-19
2208 1471.85 2.16046e-18
2207 1410.23 1.77855e-18
2206 1256.3 -2.37579e-18
2205 1410.86 1.1033e-18
2204 1333.46 -3.03344e-19
2203 1433.06 -1.33007e-18
2202 1159.82 -7.43105e-19
2201 1132.21 4.45159e-21
2200 1272.31 -1.2316e-19
2199 1398.11 -9.15078e-20
2198 1765.51 -6.0774e-19
2197 1338.04 7.16456e-19
2196 1525.13 1.97047e-18
2195 1381.12 -4.49013e-19
2194 1201.36 -1.6581e-18
2193 1743.19 3.45787e-19
2192 1331.53 -7.82577e-19
2191 1565.61 9.18077e-19
2190 1471.38 -1.8378e-18
2189 1288.56 2.37287e-19
2188 1659.61 9.5931e-19
2187 1564.58 -8.26218e-19
2186 1413.56 1.53279e-18
2185 1169.28 -8.98529e-19
2184 1464.76 1.04059e-18
2183 1308.79 -1.18828e-18
2182 1356.39 -5.04296e-20
2181 1274.53 -1.42268e-18
2180 1119.34 2.41462e-20
2179 1676.23 -2.02896e-19
2178 1649.01 7.38175e-19
2177 1527.77 1.284e-18
2176 1140.08 -2.08998e-19
2175 1106.29 -9.60192e-19
2174 1379.1 1.8655e-18
2173 1306.37 -1.09027e-18
2172 1619.09 -3.2806e-18
2171 1449.91 5.41652e-19
2170 1498.11 -7.29301e-19
2169 1622.47 2.07634e-18
2168 1340.69 9.09541e-19
2167 1435.17 1.67168e-18
2166 1119.18 -1.54865e-19
2165 1613.73 -7.71126e-19
2164 1523.87 -1.24179e-18
2163 1484.82 8.76353e-19
2162 1422.84 3.94423e-19
2161 1619.68 8.26922e-19
2160 1785.06 -8.75393e-19
2159 1126.19 4.99254e-19
2158 1150 -7.12845e-19
2157 1508.67 -3.56256e-19
2156 1656.26 -1.77285e-18
2155 1410.54 9.26619e-19
2154 1209.78 -1.92508e-18
2153 1194.49 -9.2465e-20
2152 1434.11 -1.72482e-18
2151 1175.76 -3.27094e-19
2150 1379.99 -2.58474e-18
2149 1257.64 -5.70761e-19
2148 1474.66 7.63606e-19
2147 1073.28 1.31518e-19
2146 1277.98 2.72798e-19
2145 991.79 -1.48051e-19
2144 1691.6 1.66231e-19
2143 1339.56 -1.42021e-19
2142 1441.63 -9.46102e-21
2141 1863.8 -1.19234e-18
2140 1309.25 -1.06492e-18
2139 1232.94 -1.06865e-18
2138 1585.37 2.55531e-19
2137 1436.56 -7.43835e-19
2136 1477.18 -1.26534e-18
2135 1934.03 4.1578e-19
2134 1278.69 1.24158e-19
2133 1631.44 -1.87816e-18
2132 1549.05 1.07975e-18
2131 1758.11 3.26296e-19
2130 1545.44 -4.4882e-19
2129 1437.88 -3.16464e-19
2128 1514.74 -1.97999e-18
2127 1580.99 -1.39164e-18
2126 1893.05 -5.93213e-19
2125 1082.39 2.10922e-19
2124 1960.58 6.76738e-19
2123 1384.82 1.00895e-18
2122 1270.41 -1.36923e-19
2121 1485.41 -1.50535e-19
2120 1599.31 -4.91182e-19
2119 1722.81 -2.20378e-18
2118 1710.54 -1.0811e-18
2117 1817.64 5.47297e-19
2116 1626.23 -3.12462e-20
2115 1506.09 -4.39335e-19
2114 1850.03 -1.92484e-18
2113 1488.18 3.1491e-19
2112 1498.7 -4.65637e-19
2111 1824.1 -1.17945e-18
2110 1719.84 1.9159e-18
2109 1422.78 -2.12683e-18
2108 1288.66 -1.67982e-19
2107 1953.79 -2.9814e-18
2106 1450.66 9.17038e-19
2105 1516.98 -1.0622e-18
2104 1593.87 -1.00821e-18
2103 1475.14 -4.24439e-19
2102 1584.06 1.26773e-18
2101 1668.6 -1.01264e-18
2100 1253.97 -5.12111e-19
2099 1499.87 1.90983e-18
2098 1489.24 -4.43714e-19
2097 1586.48 -4.66056e-19
2096 1518.01 -3.50071e-19
2095 1406.75 4.09821e-19
2094 1856.74 8.99254e-19
2093 1605.14 1.53681e-18
2092 1287.91 -3.25223e-19
2091 1763.16 -1.04955e-18
2090 1476.8 -2.52184e-18
2089 1597.35 -6.79076e-19
2088 1607.74 2.66337e-18
2087 1380.7 -1.09638e-18
2086 1747.48 -4.95044e-19
2085 1406.73 -4.06731e-19
2084 1448.91 6.99969e-20
2083 1334.36 1.35063e-18
2082 1188.25 1.07008e-18
2081 1268.43 -2.34543e-18
2080 1592.75 -2.18376e-18
2079 1421.5 -2.85865e-18
2078 1693.92 -6.17425e-19
2077 1379.87 3.14365e-19
2076 1708.79 9.93449e-19
2075 1649.25 2.49214e-19
2074 1201.3 1.11923e-18
2073 1524.02 6.53391e-19
2072 1306.41 1.27057e-18
2071 1696.33 4.28188e-19
2070 1764.13 -2.32721e-19
2069 2008.1 -8.63796e-19
2068 1580.29 -1.6562e-18
2067 1617.57 -1.3221e-19
2066 1547.19 1.89056e-18
2065 1191.7 8.05206e-21
2064 1613.28 7.69659e-19
2063 1818.25 8.43435e-19
2062 1475.06 -8.79873e-19
2061 1587.84 9.70888e-19
2060 1771.01 -1.63323e-18
2059 1599.53 1.91471e-18
2058 1558.79 3.26726e-19
2057 1691.73 -1.05504e-19
2056 1420.27 -1.80838e-18
2055 1556.37 1.12869e-18
2054 1286.96 -1.52074e-19
2053 1384.62 9.46347e-19
2052 1733.03 -1.36011e-18
2051 1927.85 4.76423e-19
2050 1309.06 -6.075e-19
2049 1468.3 -1.41471e-19
2048 1334.77 9.06786e-20
2047 1957.72 -1.20914e-19
2046 1742.23 5.40662e-19
2045 1465.98 -1.91157e-18
2044 1676.9 -7.57342e-19
2043 1463 4.59487e-20
2042 1474.34 -8.52128e-19
2041 1507.36 5.39174e-20
2040 1217.26 -4.85601e-19
2039 1678.12 1.58442e-19
2038 1829.18 5.42407e-19
2037 1454.48 7.88505e-19
2036 1472.32 5.08245e-19
2035 1653.62 1.23158e-18
2034 2265.61 7.62664e-19
2033 1567.17 -1.71876e-19
2032 1604.11 1.45254e-18
2031 1376.96 1.6225e-18
2030 1416.32 1.59638e-18
2029 1706.65 8.50428e-19
2028 2155.76 -1.28387e-18
2027 2205.95 -2.46629e-19
2026 1407.58 7.72648e-19
2025 1759.74 -4.58988e-19
2024 1640.38 2.2311e-20
2023 1547.13 -1.43765e-19
2022 1600.58 -1.49639e-18
2021 1574.83 -1.78974e-19
2020 1404.31 3.40733e-19
2019 1599.79 -1.35794e-18
2018 1502.07 2.0303e-19
2017 2006.19 1.65936e-18
2016 1673.18 -9.15833e-20
2015 1751.87 1.26666e-18
2014 1768.45 -1.71821e-18
2013 1669.18 9.86285e-19
2012 1835.89 -4.93088e-19
2011 1790.03 -5.3846e-19
2010 1741.01 -6.02565e-19
2009 1773.17 -1.50422e-18
2008 1371.93 3.97287e-19
2007 1694.67 2.5251e-18
2006 1793.68 1.34375e-18
2005 1731.76 1.86975e-18
2004 1928.21 3.09616e-18
2003 1506.71 -3.13231e-19
2002 1922.83 -1.98254e-18
2001 1377.49 5.05728e-19
2000 1333.39 -1.1857e-18
1999 1501.39 -8.2995e-19
1998 1467.52 -1.26945e-18
1997 1858.6 2.61919e-18
1996 1461.85 7.27285e-19
1995 1336.31 -1.88877e-19
1994 1638.94 -3.1565e-19
1993 1619.96 6.59051e-19
1992 1555.14 9.06018e-19
1991 1828.44 1.43529e-18
1990 1661.79 -5.39688e-19
1989 1715.08 9.28247e-19
1988 1573.06 -1.89877e-18
1987 1703.95 -8.06955e-19
1986 1957.42 -4.05187e-19
1985 1911.12 -2.74031e-19
1984 1645.39 4.6172e-19
1983 1599.64 1.40485e-18
1982 1564.49 1.60688e-18
1981 1637.33 9.68846e-19
1980 1588.34 7.32816e-19
1979 1740.91 -6.83628e-20
1978 1548.5 4.33598e-19
1977 1695.34 -5.39164e-19
1976 1822.88 6.60796e-19
1975 1638.51 -1.60247e-19
1974 1724.91 -1.70197e-18
1973 1990.76 -6.97506e-19
1972 1577.94 -4.70285e-19
1971 1502.83 -7.11845e-19
1970 1655.09 -6.04278e-19
1969 1944.02 -9.14865e-19
1968 1887.76 -4.07584e-19
1967 1950.96 -9.64862e-19
1966 1710.37 1.91431e-18
1965 1590.04 -4.33978e-19
1964 1981.75 9.15674e-19
1963 1524.84 6.59456e-19
1962 1854.7 4.18855e-19
1961 2154.78 -2.21478e-18
1960 1546.48 1.29481e-18
1959 1943.59 -7.89771e-19
1958 1590.29 -1.32088e-18
1957 2229.82 -5.09548e-19
1956 1673.24 -3.65609e-19
1955 1428.55 -1.88416e-18
1954 1892.25 -7.35562e-19
1953 1411.06 -5.07626e-19
1952 1490.63 9.51385e-20
1951 1743.16 -1.1662e-18
1950 1787.33 -2.73707e-19
1949 1780.3 -3.19868e-19
1948 1926.95 -1.43671e-18
1947 1652.03 -2.18619e-18
1946 1663.87 -1.57402e-18
1945 1737.77 1.07793e-18
1944 1664.95 -5.19039e-19
1943 2117.53 4.54339e-19
1942 1655.39 -1.81231e-19
1941 1780.8 -7.78858e-19
1940 1831.69 -1.77458e-18
1939 1549.29 6.4888e-19
1938 1973.3 -1.5742e-18
1937 1874.48 -7.85177e-19
1936 2022.79 1.07266e-18
1935 1721.27 -2.19125e-18
1934 1712.49 1.73779e-19
1933 1428.67 -1.6778e-18
1932 1544.73 -7.65031e-19
1931 1728.06 -1.00154e-18
1930 2045.23 -8.5841e-19
1929 1870.96 1.33854e-18
1928 1744.96 1.19098e-18
1927 1997.18 -1.84927e-18
1926 1653.5 6.17808e-19
1925 1816.29 -2.54326e-19
1924 1692.07 -5.65475e-19
1923 1759.92 1.12916e-18
1922 1981.67 -1.6778e-18
1921 1923.71 -1.95948e-19
1920 1688.38 4.21788e-19
1919 2281.86 1.91184e-19
1918 2089.76 2.08945e-18
1917 1979.01 -1.05928e-18
1916 1796.47 4.64623e-19
1915 1591.32 -9.32468e-19
1914 1704.43 1.1468e-18
1913 2115.04 8.97041e-19
1912 1635.09 -7.23243e-20
1911 1918.71 -4.92943e-19
1910 2048.38 5.92463e-19
1909 2015.45 5.56942e-20
1908 1750.01 -4.71877e-19
1907 2217.91 -1.66823e-18
1906 2170.63 3.35125e-18
1905 1367.93 -1.4887e-18
1904 1704.48 -1.22631e-18
1903 2226.4 1.54486e-19
1902 1939.66 2.29714e-19
1901 1846.06 5.13623e-19
1900 1599.2 1.68592e-19
1899 2329.13 -5.84594e-19
1898 2064.83 -4.54081e-19
1897 1750.33 -1.04514e-19
1896 1828.46 1.60998e-19
1895 1835.63 -4.71804e-19
1894 1869.68 -6.87691e-19
1893 1893.75 -7.67481e-19
1892 1671.73 4.2332e-19
1891 1673.38 8.9646e-19
1890 1747.43 -3.27507e-19
1889 1672.44 -2.54277e-20
1888 1672.18 2.58182e-19
1887 1762.37 -2.00707e-20
1886 1987.69 1.07802e-18
1885 1374.8 -7.07306e-19
1884 2271.05 -1.85553e-18
1883 1880.53 1.59454e-18
1882 1812.16 5.37403e-19
1881 1851.45 9.28517e-19
1880 1604.56 8.54892e-19
1879 2147.44 6.50204e-20
1878 2065.64 3.54812e-19
1877 2112.6 -2.39433e-19
1876 2153.64 -1.66103e-18
1875 1930 9.74594e-19
1874 2042.22 -1.10813e-18
1873 1654.36 -3.99093e-19
1872 1660.97 -9.3296e-20
1871 2253.75 -1.06294e-18
1870 1991.88 3.19788e-20
1869 1869.85 -1.03271e-19
1868 1740.2 2.25431e-18
1867 1788.15 -1.55832e-18
1866 1691.87 1.41496e-18
1865 2090.2 1.52364e-18
1864 1705.39 -2.17587e-19
1863 1557.22 -8.02216e-19
1862 2414.02 -2.88356e-18
1861 1988.06 3.00336e-18
1860 1932.1 4.63742e-19
1859 1981.98 -1.8964e-18
1858 1802.23 -1.51407e-18
1857 1950.24 -1.62067e-18
1856 2037.27 -5.49417e-19
1855 2415.05 -9.09435e-19
1854 2076.83 -1.98038e-19
1853 2257.23 6.42529e-19
1852 1793.91 -7.36635e-19
1851 1844.71 5.79908e-19
1850 2023.73 -2.86788e-19
1849 1666.58 1.0308e-18
1848 2255.24 1.12594e-18
1847 1529.19 -3.34104e-20
1846 2412.59 3.71056e-19
1845 1762.96 -1.12983e-18
1844 2060.82 2.8588e-19
1843 2112.57 2.38061e-18
1842 1540.87 3.17638e-20
1841 1968.13 1.02401e-18
1840 1935.03 3.05999e-18
1839 2034.39 -4.11559e-19
1838 2100.97 1.69845e-18
1837 1639 5.30007e-19
1836 1696.15 5.78844e-19
1835 2036.75 -3.73579e-19
1834 1925.75 2.2319e-18
1833 2912.37 -1.3716e-18
1832 2090.33 2.76526e-21
1831 2070.11 2.19357e-18
1830 1996.85 -1.15783e-18
1829 2005.37 -6.6133e-19
1828 1978.46 -2.68623e-18
1827 1994.23 -1.43822e-18
1826 1982.62 1.12549e-18
1825 2464.29 -1.53135e-19
1824 2037.59 2.18242e-18
1823 2042.89 -2.21681e-19
1822 1959.28 1.57401e-18
1821 2233.38 -1.35003e-18
1820 1495.44 7.65955e-19
1819 1908.61 -5.80598e-19
1818 1902.91 -7.4002e-19
1817 1653.14 7.94266e-19
1816 2016.58 -7.42775e-19
1815 1999.29 -1.49075e-18
1814 2042.52 1.1801e-18
1813 1713.74 -2.13259e-18
1812 2370.98 -8.42134e-19
1811 1853.08 1.42204e-18
1810 1885.18 -1.04288e-18
1809 2261.7 -1.62567e-18
1808 2359 -4.25251e-19
1807 1684.31 -1.06578e-18
1806 1781.91 5.84872e-19
1805 1814.13 -6.30559e-19
1804 2066.91 -1.24265e-18
1803 1834.81 1.06959e-18
1802 1866.21 5.36014e-19
1801 1905.68 -2.08665e-18
1800 2967.9 7.94683e-20
1799 1638.59 -1.22658e-18
1798 1910.97 -4.14367e-18
1797 2175.03 1.78386e-19
1796 2282.48 -7.45362e-19
1795 2255.78 1.18719e-18
1794 1883.88 -1.247e-18
1793 1614.31 -6.32083e-19
1792 1829.05 -6.64298e-19
1791 2786.77 1.88505e-18
1790 1941.93 -1.16321e-18
1789 1964.1 -2.49279e-18
1788 1976.81 -1.92831e-20
1787 1853.98 -1.64351e-19
1786 1973.28 -2.11204e-18
1785 1785.14 4.89465e-19
1784 1632.21 -9.50152e-19
1783 2111.94 1.39522e-19
1782 2254.1 1.35466e-18
1781 2568.5 -7.26176e-19
1780 1686.17 5.63388e-19
1779 1541.76 -8.74237e-20
1778 2262.22 6.21093e-19
1777 2063.15 4.5796e-19
1776 2514 -3.58114e-19
1775 1977.86 -1.08736e-18
1774 1732.94 -1.8787e-18
1773 2063.82 -4.31926e-19
1772 1831.09 1.14896e-18
1771 2477.64 2.00841e-19
1770 2019.71 -7.6118e-19
1769 2127.56 -5.34437e-19
1768 1923.7 -2.05554e-18
1767 2054.42 -9.33856e-19
1766 2220.08 -2.59616e-18
1765 2196.34 -7.23528e-20
1764 1724.84 -1.22988e-18
1763 2204.46 -4.18116e-19
1762 1978.25 -1.97563e-18
1761 2193.93 -4.54755e-19
1760 1902.27 -1.41257e-18
1759 1943.28 -4.87089e-19
1758 2125.5 1.35871e-18
1757 1681.61 1.25397e-18
1756 2066.16 4.51496e-19
1755 1664.45 3.14179e-19
1754 1688.43 1.51908e-18
1753 2342.48 5.34542e-19
1752 2265.67 1.28276e-19
1751 2205.07 -3.02076e-19
1750 1905.88 4.62273e-19
1749 2418.74 2.14885e-18
1748 2186.26 -3.54092e-18
1747 1750.88 -4.63819e-19
1746 2261.75 -1.98062e-18
1745 2344.43 -1.13194e-18
1744 2001.1 -2.25243e-18
1743 2392.76 -4.83877e-19
1742 2400.14 -8.12233e-19
1741 2104.13 -6.51985e-19
1740 2403.3 8.57826e-19
1739 1994.73 5.66021e-19
1738 1774.63 -3.84401e-19
1737 2381.48 -4.37231e-19
1736 2242.42 9.75697e-19
1735 2424.3 -6.92512e-19
1734 1952.16 6.57528e-19
1733 2161.91 1.36237e-18
1732 2067.7 -5.79549e-19
1731 2079.53 2.82932e-18
1730 2235.11 -5.73366e-19
1729 2372.02 -3.5982e-19
1728 2423.2 1.03924e-18
1727 1675.31 6.16566e-19
1726 2024.27 1.24001e-18
1725 2712.5 -4.49216e-19
1724 2639.4 -1.14408e-19
1723 1685.28 -5.52581e-20
1722 1968.73 -1.89121e-18
1721 1993.93 -3.15525e-18
1720 2461.74 -7.0327e-19
1719 2521.05 5.30105e-19
1718 1982.59 1.17875e-18
1717 2000 -1.38457e-18
1716 2279.89 -7.25264e-19
1715 2343.59 -7.57449e-19
1714 2521.32 3.17285e-19
1713 2660.06 2.17018e-18
1712 2461.62 1.63468e-18
1711 1982.91 -1.78727e-18
1710 2339.01 -1.01666e-18
1709 2230.34 5.51606e-19
1708 2208.19 -1.52593e-18
1707 2158.85 1.27047e-18
1706 2570.75 -7.17516e-19
1705 2440.53 -2.42133e-19
1704 2116.07 1.25566e-18
1703 2678.26 -3.62931e-19
1702 2071.32 -1.49764e-18
1701 2307.85 1.88397e-18
1700 2298.29 -2.14024e-19
1699 2405.26 2.88137e-18
1698 2700.96 9.58921e-19
1697 2037.46 -1.6108e-18
1696 2733.62 -1.00058e-20
1695 2279.46 7.55289e-19
1694 2093.9 -3.26522e-19
1693 2141.81 1.76699e-18
1692 2278.63 -7.5801e-19
1691 1954.29 -2.74414e-18
1690 2075.71 1.42573e-19
1689 2002.08 -1.18615e-18
1688 2307.8 -5.10631e-19
1687 2147.83 3.68518e-19
1686 2290.3 -9.63277e-19
1685 1679.39 1.06799e-19
1684 2191.57 3.46032e-20
1683 2381.29 1.37423e-18
1682 2462.75 -6.1996e-19
1681 2187.8 -4.13084e-19
1680 2289.02 -8.95782e-19
1679 2571.57 -6.25223e-19
1678 2176.59 2.27999e-19
1677 1637.16 -9.40061e-19
1676 2459.83 1.08605e-18
1675 2701.73 4.81449e-20
1674 2291.75 2.33435e-19
1673 2602.42 6.16783e-19
1672 2299.34 -1.25418e-18
1671 2388.3 -1.54742e-18
1670 2205.12 1.03938e-18
1669 2166.06 2.90469e-19
1668 3220.61 -1.41396e-18
1667 2089.24 5.82397e-19
1666 2006.5 6.01068e-19
1665 1981.23 4.33075e-19
1664 2455.68 -4.33912e-19
1663 1839.04 -1.13867e-18
1662 1767.38 1.59364e-19
1661 2525.5 -4.51898e-19
1660 2155.98 -1.46466e-18
1659 2263.11 3.76301e-19
1658 2251.57 1.22362e-18
1657 2684.48 1.93461e-18
1656 2387.22 -7.82688e-19
1655 2439.7 1.03149e-18
1654 2578.43 1.53981e-19
1653 2493.31 3.86131e-19
1652 2371.67 -6.06829e-19
1651 1691.28 2.19499e-19
1650 2375.59 2.69503e-19
1649 2255.59 -5.18027e-19
1648 2141.16 -1.8172e-18
1647 2128.81 1.46559e-19
1646 2179.59 -4.70089e-19
1645 1740.25 -6.92534e-19
1644 2909.27 3.0784e-19
1643 2425.87 -1.49174e-18
1642 2724.25 4.08721e-19
1641 2760.63 3.15142e-19
1640 2277.07 4.11259e-19
1639 1718.95 -2.13948e-19
1638 2020.5 -1.92647e-18
1637 2846.17 2.78881e-19
1636 2145.72 5.25439e-19
1635 2302.56 3.23579e-19
1634 2496.91 -4.10476e-19
1633 2417.21 1.66137e-18
1632 2046.53 6.34285e-19
1631 2944.72 -1.83535e-19
1630 2540.18 -1.63731e-18
1629 2690.94 -1.69486e-18
1628 2402.65 -2.09353e-18
1627 2563.34 5.45838e-19
1626 2274.62 5.77653e-19
1625 2343.61 8.0244e-19
1624 2778.81 1.13067e-18
1623 2698.8 7.56014e-19
1622 2068.39 -5.03488e-19
1621 2537.87 -1.21026e-18
1620 2466.16 -6.43248e-19
1619 2279.12 -2.19996e-19
1618 2080.49 2.34007e-18
1617 2336.67 2.07441e-19
1616 2379.39 -1.07055e-18
1615 2087.82 -1.70659e-18
1614 2674.07 -2.14477e-18
1613 1822.85 -2.90768e-18
1612 2483.4 1.21548e-18
1611 1928.11 -1.13089e-18
1610 2405.3 -1.93254e-18
1609 2853.18 2.0452e-19
1608 2092.06 1.64528e-18
1607 2387.29 -1.10157e-18
1606 2319.05 -1.2865e-18
1605 2315.15 -1.01679e-18
1604 2542.16 8.00909e-19
1603 2468.25 -1.01541e-21
1602 2493.3 6.55083e-19
1601 2075.2 4.31633e-19
1600 2134.1 6.91446e-19
1599 2642.94 -7.01392e-19
1598 1892.82 -1.01868e-18
1597 2060.06 -1.10292e-18
1596 3229.25 -1.05573e-18
1595 2760.55 5.49506e-19
1594 2720.28 -7.81536e-19
1593 2548.1 5.89504e-19
1592 2332.28 5.00435e-19
1591 2774.48 1.22462e-19
1590 2491.72 1.75789e-18
1589 2325.94 -9.42382e-20
1588 2027.63 -2.56041e-20
1587 2195.45 1.51081e-18
1586 2448.58 1.28444e-18
1585 2741.76 3.55672e-19
1584 1850.47 1.16943e-18
1583 2127.75 1.15566e-18
1582 2942.34 -2.76722e-18
1581 2316.84 1.64221e-18
1580 2248.73 1.65394e-18
1579 2622.53 -2.82408e-18
1578 2326.5 -5.39188e-19
1577 2974.65 1.68668e-18
1576 2836.43 6.3143e-19
1575 3114.76 2.23399e-19
1574 2396.93 1.74438e-18
1573 2281.72 -1.38218e-18
1572 2379.75 1.23955e-18
1571 2422.84 6.37264e-19
1570 2101.28 4.91687e-21
1569 3212.21 2.1871e-18
1568 2442.19 -5.2365e-20
1567 2713.04 -6.76337e-20
1566 2728.17 -4.78454e-19
1565 2650.41 6.07281e-19
1564 2299.46 -2.10268e-18
1563 2796.43 2.70422e-20
1562 2088.1 -1.82035e-18
1561 2997.58 4.33752e-19
1560 3343.26 -2.2708e-19
1559 2372.22 1.34891e-18
1558 2100.08 -8.31808e-19
1557 2819.98 -8.57517e-19
1556 2466.5 9.56592e-19
1555 2662.55 2.147e-19
1554 2418.52 -4.67395e-19
1553 2756.84 2.14104e-19
1552 3585.93 4.89484e-19
1551 2738.72 1.24343e-18
1550 2645.52 -2.09304e-18
1549 2640.81 -3.04692e-20
1548 2655.03 2.02355e-18
1547 2751.57 -1.49793e-19
1546 2324.59 1.28703e-19
1545 3201.96 -6.84811e-19
1544 1969.49 1.45511e-18
1543 3110.48 1.45134e-18
1542 2535.7 -6.52784e-19
1541 2667.16 -1.26664e-18
1540 2594.9 -2.22488e-19
1539 3084.19 -6.07352e-19
1538 2190.85 -7.89224e-19
1537 2710.21 9.3918e-19
1536 3430.88 2.57318e-19
1535 2465.69 -6.64759e-19
1534 2548.06 1.59514e-18
1533 2351.99 -2.34988e-19
1532 2516.23 7.94896e-19
1531 2209.11 5.95179e-19
1530 2747.3 2.30089e-19
1529 2541.46 1.18511e-18
1528 2293.58 1.53073e-20
1527 2399.5 9.89096e-19
1526 3194.11 1.30111e-18
1525 2952.65 -8.79254e-19
1524 2565.86 6.42489e-19
1523 3601.34 1.34177e-18
1522 3075.36 -5.55835e-19
1521 2673.32 -5.69854e-19
1520 2383.83 -9.13229e-19
1519 2636.98 -1.2498e-18
1518 2754.29 1.32938e-18
1517 2320.41 -8.12535e-19
1516 2726.92 -8.99225e-19
1515 3053.25 -7.90337e-20
1514 3551.93 2.04082e-18
1513 2581.36 -1.87627e-18
1512 2173.39 -1.12037e-19
1511 2315.43 -1.13839e-18
1510 2191.43 2.15372e-19
1509 2604.5 2.33154e-18
1508 2440.88 -2.15783e-18
1507 3263.95 -1.82812e-19
1506 3120.93 -3.32617e-18
1505 2941.55 7.72629e-19
1504 2862.44 -1.44663e-18
1503 2949.76 2.20697e-19
1502 2726.61 -2.5138e-18
1501 2789.09 3.84309e-19
1500 2236.41 2.62484e-19
1499 3111.4 1.63464e-19
1498 3336.6 -1.16744e-18
1497 2934.9 -9.09967e-19
1496 2355.33 1.99028e-20
1495 3445.17 9.60794e-19
1494 2719.8 -1.47454e-18
1493 2804.79 -2.47302e-19
1492 3087.64 1.68069e-18
1491 2877.57 -5.23072e-19
1490 2646 -8.03585e-19
1489 2695.98 1.44224e-18
1488 2530.93 -7.19181e-19
1487 3188.06 1.32533e-18
1486 3228.02 2.34975e-19
1485 3506.05 4.79435e-19
1484 3319.07 1.9248e-18
1483 3406.91 -2.43265e-18
1482 2863.1 1.23307e-18
1481 2921.27 -1.53621e-18
1480 3291.77 2.08049e-18
1479 2675.03 6.641e-19
1478 3210.68 8.23875e-20
1477 3073.07 -8.02644e-19
1476 2849.29 -1.36641e-18
1475 3085.91 2.18902e-19
1474 2720.76 3.11541e-19
1473 2809.71 1.35406e-19
1472 1970.95 -8.36682e-19
1471 3538.57 3.221e-19
1470 2599.59 8.495e-19
1469 3812.03 2.82414e-19
1468 2376.15 1.03359e-18
1467 3422.9 -2.03467e-18
1466 2637.4 -2.06582e-18
1465 2530.78 -2.43417e-19
1464 2257.4 5.03004e-19
1463 2549.79 1.04998e-18
1462 2920.86 -7.66684e-19
1461 2706.22 1.13793e-18
1460 2958.36 1.04608e-19
1459 3973.7 1.77068e-19
1458 2769.84 -1.27012e-18
1457 3948.13 -1.0368e-19
1456 3380.06 4.1706e-19
1455 2758.65 2.05751e-18
1454 3472.16 -1.58313e-20
1453 2580.87 -1.27273e-19
1452 3051.13 1.92946e-20
1451 2814.65 -1.37598e-18
1450 2307.12 7.34149e-19
1449 3411.28 4.64793e-20
1448 2447.23 -2.94582e-19
1447 2994.76 9.14573e-19
1446 2760.96 -2.87555e-20
1445 3054.19 3.42391e-19
1444 2759.6 9.81117e-21
1443 3269.49 -5.4239e-19
1442 3607.38 7.19447e-19
1441 2839.02 -2.19581e-18
1440 2401.4 -5.94488e-19
1439 3178.99 3.39091e-20
1438 2409.21 -2.32295e-20
1437 2940.05 4.3738e-19
1436 3804.78 -3.51533e-19
1435 2546.49 -6.50152e-19
1434 3684.48 6.56554e-19
1433 2905.11 -8.71368e-19
1432 2597.83 8.10048e-19
1431 3061.55 3.09853e-19
1430 3071.61 -1.56225e-18
1429 3158.73 1.60079e-18
1428 3567.82 5.28424e-19
1427 2917.77 9.37312e-19
1426 3134.31 -1.86672e-18
1425 3202.78 -1.31811e-18
1424 2748.12 -4.40802e-19
1423 3489.14 -1.19955e-18
1422 3124.19 -9.9114e-19
1421 2939.55 2.57372e-19
1420 2940.03 -2.4337e-19
1419 3193.82 1.43047e-18
1418 3173.54 7.07606e-19
1417 2548.36 2.65445e-18
1416 3158.6 9.4273e-19
1415 3145.68 1.05353e-18
1414 2853.45 2.30551e-19
1413 2997.32 1.5502e-18
1412 2608.53 2.11662e-19
1411 3512.4 9.45855e-19
1410 3135.07 3.56207e-19
1409 2711.17 -3.46281e-19
1408 2798.79 3.78907e-19
1407 2891.77 -1.51017e-18
1406 3404.57 1.7491e-18
1405 2926.88 -1.17895e-18
1404 2706.39 -9.21534e-19
1403 2746.43 -1.43818e-18
1402 4033.68 -3.26218e-19
1401 2847.04 -5.25975e-19
1400 3879.56 -1.00045e-18
1399 3223.05 2.77674e-18
1398 2843.02 -7.92628e-19
1397 2473.03 2.68146e-19
1396 3589.58 1.93513e-18
1395 3108.16 1.54586e-18
1394 3019.66 3.78278e-19
1393 3471.71 1.92977e-18
1392 2727.16 -1.74224e-18
1391 3279.48 2.1917e-19
1390 3074.14 1.36115e-19
1389 3111.78 -1.21378e-18
1388 3131 -5.24169e-19
1387 2594.2 3.53799e-19
1386 3578.85 1.03646e-20
1385 3024.34 2.58604e-19
1384 3494.67 8.37084e-19
1383 2590.03 -5.47367e-19
1382 3240.27 -2.57136e-19
1381 3070.01 5.00337e-19
1380 2333.46 1.70394e-19
1379 2741.96 -4.68505e-20
1378 3429.22 4.89079e-19
1377 3786.69 -1.39811e-18
1376 2835.02 -1.53771e-18
1375 2895.76 -1.1333e-18
1374 2804.49 8.7818e-20
1373 3100.55 1.98247e-18
1372 2607.3 -1.15228e-19
1371 3180.13 1.25633e-18
1370 3431.56 -2.48094e-18
1369 3590.51 3.0147e-19
1368 3752.55 -8.98787e-19
1367 2899.18 2.25114e-18
1366 2935.16 8.89481e-19
1365 3628.47 1.25975e-18
1364 3960.63 -9.16318e-19
1363 3488.12 -1.30116e-18
1362 3633.47 -1.28664e-18
1361 3514.89 1.74613e-18
1360 3373.36 -1.37908e-19
1359 2859.38 8.59813e-19
1358 3141.85 9.23874e-19
1357 3038.52 -9.0417e-19
1356 3500.6 8.70239e-19
1355 2674.82 2.57292e-19
1354 3909.56 1.17521e-18
1353 3570.07 -1.59319e-18
1352 2987.13 -8.02127e-19
1351 3478.99 -1.00878e-18
1350 4215.67 4.31372e-19
1349 2980.49 2.29312e-19
1348 2966.55 -2.06292e-18
1347 2625.83 -7.66509e-20
1346 4722.36 6.87636e-19
1345 2919.42 8.80483e-21
1344 3482.33 2.36525e-18
1343 2929.5 2.70312e-19
1342 3678.53 -4.77779e-19
1341 3322.62 1.97236e-18
1340 3520.2 -3.23782e-19
1339 2951.33 -5.53369e-19
1338 3539.18 -3.59023e-18
1337 2419.04 3.44004e-20
1336 2700.21 -6.39653e-19
1335 3105.56 1.20358e-18
1334 3432.65 3.14381e-19
1333 3764.83 -1.09167e-18
1332 3200.32 -7.20691e-19
1331 2855.64 -9.62622e-19
1330 3117.5 -1.03405e-18
1329 2347.41 1.6223e-19
1328 2965.63 -6.74675e-19
1327 2873.84 1.56197e-18
1326 3100.96 -1.2992e-19
1325 3661.79 -5.22666e-19
1324 2509.25 7.66046e-19
1323 2959.3 1.1683e-18
1322 3832.68 -2.0507e-19
1321 3491.07 5.50173e-19
1320 2868.25 -1.54376e-18
1319 2588.72 -1.3711e-18
1318 3960.02 -4.95436e-19
1317 2981.82 -1.32556e-18
1316 3426.53 -1.57034e-18
1315 3321.08 7.86576e-20
1314 3285.27 -9.7442e-19
1313 3586.38 1.005e-18
1312 4009.16 -9.90921e-20
1311 3124.74 -3.40892e-19
1310 3315.12 1.52767e-19
1309 3010.57 -5.7092e-19
1308 3552.54 3.60497e-18
1307 4048.93 2.7925e-19
1306 3203.14 9.00418e-19
1305 3193.57 -1.09943e-18
1304 3603.95 5.25395e-19
1303 3354.65 -8.94952e-19
1302 3083.6 3.57556e-18
1301 3333.07 4.51581e-19
1300 2911.11 -1.1342e-18
1299 3272.5 3.95179e-19
1298 3828.01 1.69479e-18
1297 3554.09 2.43941e-19
1296 4166.8 1.55298e-19
1295 3153.49 -1.35968e-19
1294 3057.8 1.82475e-19
1293 3334.78 3.26046e-19
1292 3143.78 -2.44364e-19
1291 3433.38 -1.33463e-20
1290 3635.43 -2.8465e-20
1289 3522.29 1.29506e-18
1288 2950.85 -5.12826e-19
1287 3540.36 -4.26595e-19
1286 3643.01 1.28766e-19
1285 4090.64 -1.6637e-18
1284 3490.1 -2.96476e-20
1283 3919.26 -7.54048e-20
1282 3154.58 -1.35441e-19
1281 3665.22 -1.81965e-18
1280 3418.03 -4.22332e-19
1279 2908.67 -5.84955e-19
1278 4014.24 1.78906e-20
1277 3835.88 1.4616e-18
1276 3933.33 -7.22207e-19
1275 2452.92 1.49419e-18
1274 4364.69 1.33754e-18
1273 2602.02 -1.50548e-18
1272 3066.04 1.15981e-18
1271 3426.53 -6.1879e-19
1270 3956.2 -5.22002e-19
1269 3955.16 4.12269e-19
1268 3653.3 1.25703e-18
1267 2840.55 2.02924e-19
1266 3010.37 -2.48064e-18
1265 3013.46 3.69277e-19
1264 3644.19 4.03438e-20
1263 2820.61 7.45064e-19
1262 3767.61 -1.20449e-18
1261 2722.09 -5.23805e-19
1260 3763 -5.87696e-19
1259 3529.43 -1.85239e-18
1258 4403.95 -1.00329e-18
1257 2747.61 -6.14016e-19
1256 4370.79 -6.76164e-19
1255 3584.88 1.20905e-18
1254 4455.05 -4.53902e-19
1253 3152.82 -1.21087e-18
1252 4513.27 -1.4602e-18
1251 3712.72 -5.93617e-19
1250 3786.57 -1.50757e-18
1249 3396.78 -1.20547e-18
1248 3117.98 -3.22667e-19
1247 3951.15 1.26478e-19
1246 4598.26 1.85323e-19
1245 3870.11 4.12282e-19
1244 3535.84 -1.44537e-18
1243 3683.79 -4.03474e-20
1242 4201.4 -5.00746e-19
1241 3750.95 -1.7752e-20
1240 4530.76 -2.10487e-20
1239 3827.22 -7.05797e-19
1238 5143.97 -1.29719e-18
1237 3841.66 -7.19869e-20
1236 4300.17 -1.44395e-19
1235 3708.3 3.58512e-19
1234 3498.66 -5.65827e-19
1233 2883.97 -7.9299e-19
1232 3215.22 -9.3019e-19
1231 3420.44 -7.14387e-19
1230 4406.63 -6.88465e-19
1229 4066.13 1.02641e-18
1228 4818.45 -7.99015e-19
1227 3933 -5.02048e-19
1226 3065.2 -6.76885e-19
1225 3967.09 5.58219e-19
1224 2747.87 -1.58561e-19
1223 3826.51 -9.91294e-19
1222 2849.97 -1.86234e-18
1221 3339.68 -1.06132e-18
1220 3965.47 2.83821e-18
1219 3818.24 -1.18733e-18
1218 3389.58 4.69409e-19
1217 3256.75 2.42184e-18
1216 4837.97 1.49256e-18
1215 4164.02 -6.803e-19
1214 6087 2.76283e-18
1213 4173.29 -3.23817e-19
1212 3510.32 -2.06095e-18
1211 4125.59 -6.96469e-19
1210 3964.91 -1.83723e-18
1209 3538.88 -1.48014e-18
1208 4161.86 1.86952e-19
1207 4230.42 -3.45606e-19
1206 3144.4 -1.02889e-18
1205 3597.41 1.02826e-18
1204 3886.32 -1.17908e-18
1203 3615.39 -6.88279e-19
1202 4633.66 -9.6582e-19
1201 4249 -1.86957e-18
1200 4364.93 -4.1247e-19
1199 4486.89 -8.81293e-19
1198 3948.86 -7.06041e-19
1197 2797.78 1.50611e-19
1196 3414.16 -6.41193e-19
1195 3570.61 -9.74618e-19
1194 3907.31 -8.45542e-20
1193 4042.9 6.2989e-19
1192 4174.66 1.51967e-18
1191 4230.44 -7.33848e-20
1190 4279.2 -1.90194e-18
1189 3523.48 8.61109e-19
1188 2898.97 2.2085e-18
1187 4175.74 9.04742e-19
1186 3375.28 -3.74769e-19
1185 3828.44 -7.45956e-19
1184 4429.22 8.23424e-19
1183 3798.33 -5.01136e-19
1182 3849.6 -1.59392e-18
1181 3713.04 1.12945e-18
1180 3991.03 -6.34237e-19
1179 3972.87 -7.39923e-19
1178 4031.37 1.39284e-18
1177 4627.52 7.73237e-19
1176 3678.5 -3.21744e-19
1175 4093.29 -4.43496e-19
1174 4257.43 1.55356e-18
1173 4232.98 -1.19976e-19
1172 3892.85 -1.67407e-18
1171 4244.32 -9.81281e-19
1170 2944.31 -3.89185e-19
1169 3345.07 -1.67477e-18
1168 3599.76 -3.45254e-19
1167 3818.25 8.64421e-19
1166 3390.86 6.21561e-19
1165 4369.83 1.87557e-20
1164 4404.26 -1.41987e-20
1163 4512.03 -2.53078e-19
1162 4237.56 -1.60506e-18
1161 3110.1 -1.34543e-18
1160 3942.79 -1.30942e-19
1159 4412.34 -2.22929e-18
1158 4427.45 6.60153e-19
1157 4158.26 -7.26899e-19
1156 4118.09 1.63698e-18
1155 3956.94 -1.30193e-19
1154 3883.59 1.36987e-18
1153 3716.71 3.28743e-19
1152 3935.52 3.27617e-19
1151 3881.22 -6.27783e-19
1150 3728 -1.13453e-18
1149 4072.37 6.98197e-19
1148 3531.7 -6.0702e-19
1147 4311.77 -3.12302e-19
1146 3713.41 4.84157e-19
1145 4820.03 -1.08746e-18
1144 3420.55 3.77008e-19
1143 3928.05 -3.84421e-19
1142 6379.23 8.50369e-19
1141 4255.97 1.25986e-18
1140 4068.66 -1.48441e-19
1139 4064.18 2.97733e-19
1138 3521.17 -2.85029e-19
1137 3774.43 -8.31882e-20
1136 5035.24 7.96197e-19
1135 3676.9 -2.46776e-18
1134 4221.18 2.3595e-19
1133 3863.55 7.73348e-20
1132 4026.66 -6.11751e-20
1131 3605.63 -8.30388e-19
1130 3715.85 -3.7146e-19
1129 3797.8 5.58275e-20
1128 4818.58 1.28236e-18
1127 3382.79 -1.18255e-18
1126 3875.36 9.15606e-19
1125 5290.02 -9.11769e-19
1124 4146.1 -7.9002e-19
1123 4411.18 1.09636e-18
1122 3530.32 3.99145e-19
1121 4573.55 -1.11945e-18
1120 4224.96 1.93201e-18
1119 4435.29 1.18016e-18
1118 3994.57 9.96421e-19
1117 4044.83 1.20606e-19
1116 5182.15 -6.13968e-19
1115 4501.67 -9.99697e-19
1114 3646.91 -6.71e-19
1113 3466.51 1.30817e-19
1112 5000.5 -7.58005e-19
1111 3419.58 -6.34553e-20
1110 3797.91 -8.7156e-19
1109 4254.94 2.62552e-19
1108 5486.16 1.5373e-18
1107 3143.55 -3.28214e-19
1106 4013.18 1.93444e-19
1105 4866.84 1.2144e-18
1104 4151.82 1.10632e-18
1103 4030.75 -3.17022e-19
1102 4395.68 -2.22006e-18
1101 3300.1 7.0198e-19
1100 4363.28 -6.00084e-19
1099 3860.91 5.16875e-19
1098 4111.59 2.62957e-19
1097 2830.82 7.06891e-19
1096 3547.52 -4.48911e-19
1095 5070.33 -1.22377e-18
1094 4682.49 -4.51165e-19
1093 3629.24 -1.5936e-19
1092 4384.81 -1.55587e-18
1091 5202.14 -3.07807e-19
1090 3808.19 -8.8169e-19
1089 4509.43 -8.34542e-19
1088 4410.68 -1.29143e-19
1087 3186.98 3.1478e-19
1086 5046.82 -7.53689e-20
1085 4235.83 4.60785e-19
1084 4227.93 8.16962e-19
1083 3785.63 7.25833e-19
1082 4156.97 1.51579e-19
1081 4052.72 9.00035e-19
1080 3537.68 9.74264e-19
1079 5298.37 -5.59625e-20
1078 5131.45 -7.3933e-20
1077 5060.77 -1.68133e-18
1076 3751.32 2.03019e-19
1075 5921.3 1.07173e-18
1074 5336.93 -1.94254e-20
1073 4190.44 7.98768e-19
1072 3162.17 -1.01379e-18
1071 3725.85 -1.99842e-18
1070 4960.29 -4.11517e-19
1069 3576.85 1.02102e-19
1068 3542.61 -7.46635e-19
1067 4096.86 -3.80283e-19
1066 2762.64 1.4108e-19
1065 4399.22 2.15619e-18
1064 3951.27 -6.21352e-19
1063 4300.83 1.76414e-18
1062 3956.69 -7.93264e-19
1061 4115.06 5.18245e-20
1060 3507.96 -3.09421e-19
1059 3612.93 6.76437e-19
1058 6500.3 -1.28636e-18
1057 4415.23 -5.60699e-19
1056 4032.28 1.39965e-18
1055 5278.05 -8.52246e-19
1054 4158.88 -8.43899e-19
1053 5553.28 1.05652e-19
1052 6220.66 -8.2019e-19
1051 5114.41 2.54677e-19
1050 3709.6 1.00257e-18
1049 4396.41 8.82682e-19
1048 4585.99 1.16341e-19
1047 4792.12 1.36305e-18
1046 3313.91 1.14204e-18
1045 4066.65 -1.06962e-18
1044 4200.8 -3.5783e-19
1043 4327.54 1.36694e-18
1042 3478.54 7.15171e-20
1041 4256.19 -1.09085e-18
1040 4649.43 6.35218e-19
1039 4613.42 1.06635e-19
1038 5242.38 4.07367e-19
1037 3999 7.46636e-19
1036 4757.09 4.12281e-19
1035 4720.37 -2.34655e-20
1034 3614.32 -1.74931e-19
1033 4617.02 -1.46528e-18
1032 4028.56 1.08567e-18
1031 4132.3 2.45239e-19
1030 5040.25 -3.5263e-19
1029 4616.75 1.91372e-18
1028 5497.32 2.8931e-20
1027 4155.96 -6.74081e-19
1026 5436.15 -8.31317e-19
1025 4848.3 -1.75916e-19
1024 4841.12 -1.83537e-19
1023 3989.93 -4.64927e-19
1022 4991.51 1.43086e-18
1021 5313.95 -2.24596e-19
1020 4867.1 -2.7718e-19
1019 4573.34 -2.35103e-19
1018 5691.38 -3.37202e-18
1017 5792.11 -3.78465e-19
1016 3482.12 -2.01093e-19
1015 5984.81 1.21516e-18
1014 4938.79 3.33788e-19
1013 4106.03 5.88855e-19
1012 4373.21 -6.32117e-19
1011 4776.43 -1.64238e-18
1010 4293.35 -8.92243e-20
1009 3485.54 -7.48263e-19
1008 4690.19 -1.14439e-18
1007 4043.28 1.54859e-18
1006 3498.46 7.68603e-19
1005 3593.94 -4.24404e-19
1004 4044.01 -1.84396e-18
1003 4253.62 -1.24951e-18
1002 4041.85 1.22584e-18
1001 3543.88 8.6677e-19
1000 4479.52 -9.33772e-19
999 6093.28 -5.86639e-19
998 3707.97 -6.25617e-19
997 4502.74 -9.79465e-19
996 3480.26 -9.03025e-19
995 5119.09 2.63953e-18
994 3802.77 -5.32065e-19
993 5489.17 -8.84011e-19
992 4541.04 -1.99868e-19
991 6034.51 8.48853e-19
990 4823.53 -5.111e-19
989 5486.18 -1.0805e-18
988 4891.66 -1.14256e-18
987 4340.31 -3.70207e-19
986 4424.86 1.49861e-18
985 6413.32 -2.82005e-19
984 4937.48 -7.58293e-19
983 3604.87 -8.64884e-19
982 5365.58 -2.2217e-20
981 4145.32 1.37388e-22
980 6757.92 1.41885e-18
979 3566.81 7.64887e-19
978 4132.37 2.68562e-19
977 5101.08 3.06609e-19
976 3637.34 -2.79999e-19
975 4666.49 -2.42673e-19
974 4302.85 2.25399e-19
973 4366.54 -1.35312e-19
972 5292.3 1.62894e-18
971 5021.41 3.24992e-19
970 4525.47 5.31527e-19
969 3411.17 -3.21462e-19
968 4828.2 3.29245e-19
967 4624.63 5.1648e-19
966 4723.1 9.79926e-19
965 5893.14 -9.27884e-19
964 6056.39 -1.38441e-18
963 4626.08 -9.21366e-19
962 5348.21 3.55306e-19
961 4590.94 1.56876e-19
960 3926.62 -3.22494e-20
959 6644.73 1.99846e-18
958 4951.04 -9.23779e-19
957 4241.51 -8.69308e-19
956 3775.94 -4.95761e-19
955 5006.78 6.76353e-19
954 4604.49 -7.09422e-19
953 5247.95 7.48535e-19
952 3747.83 -4.82133e-19
951 5540.93 -2.43011e-19
950 3458.7 8.8371e-19
949 4818.1 -1.51069e-18
948 4433.52 -2.57972e-18
947 6113.42 2.54998e-19
946 4648.99 -3.71767e-19
945 6043.09 -1.53656e-18
944 5276.87 -4.37213e-19
943 4949.83 2.30215e-19
942 4607.28 5.60282e-19
941 3679.27 -7.84138e-19
940 4598.78 -5.15082e-19
939 4971.78 3.83971e-19
938 4788.29 1.35365e-18
937 3743.78 6.19799e-19
936 5762.76 -7.56393e-19
935 5986.11 -6.79689e-19
934 4012.21 6.63053e-19
933 4649.73 4.51323e-19
932 5008.02 -1.36692e-19
931 5147.87 -1.65189e-18
930 5348.95 -4.95754e-19
929 5045.29 7.22314e-19
928 3839.28 5.87697e-20
927 4644.17 -1.15803e-18
926 4039.12 1.30234e-18
925 4882.35 -4.28943e-19
924 4282.83 6.8033e-19
923 4423.08 2.83967e-19
922 5404.04 4.04747e-19
921 4121.7 -2.69433e-18
920 4340.35 -7.2583e-19
919 5268.57 1.7886e-18
918 5186.39 4.41674e-19
917 5465.56 -1.31884e-18
916 6102.05 7.75233e-19
915 4943.3 -4.69749e-19
914 4293.12 -3.87062e-19
913 4827.4 4.12685e-20
912 4911.68 2.41784e-18
911 4251.24 4.94637e-19
910 4533.98 -1.74907e-18
909 3998.38 4.33822e-19
908 3937.48 2.38695e-19
907 4332.39 -7.1868e-19
906 4119.52 6.48439e-19
905 3702.75 1.27811e-20
904 3975.78 1.35539e-19
903 4690.36 -7.19995e-19
902 5199.3 -1.59415e-18
901 5058.36 -4.55782e-19
900 4386.95 -9.80934e-19
899 4964.36 1.01567e-18
898 4604.72 -9.61116e-19
897 4973.69 5.02678e-19
896 4895.54 3.13755e-19
895 4606.23 1.39105e-19
894 4974.86 -6.89123e-19
893 4993.04 3.58223e-19
892 3473.17 -1.17381e-18
891 4000.7 1.11073e-19
890 3984.62 3.5331e-19
889 4320.72 6.78436e-19
888 4620.89 -1.10896e-18
887 4637.81 -3.92408e-19
886 4923 -8.25213e-19
885 5077.18 -4.94901e-19
884 5723.51 3.67966e-19
883 3983.34 2.11538e-18
882 4750.77 -7.57468e-19
881 4105.7 -2.66342e-19
880 3527.68 1.10642e-19
879 4774.97 -1.09143e-18
878 4827.56 -1.93572e-19
877 3675.65 4.3308e-19
876 5584.73 -9.7981e-19
875 4346.42 -7.38761e-19
874 4157.77 1.98122e-19
873 5448.31 1.76432e-18
872 4753.44 4.29918e-19
871 3918.2 4.3446e-19
870 4365.9 -3.09576e-19
869 4353.94 -1.2686e-18
868 4832.18 -1.3296e-18
867 3440.97 -1.06265e-18
866 4072.04 8.58251e-20
865 4608.14 -7.63878e-19
864 5164.55 2.00079e-19
863 5998.35 1.12244e-18
862 5861.72 2.06425e-18
861 4231.37 7.00626e-19
860 4232.26 -6.04101e-19
859 4117.6 -2.0358e-19
858 4525.89 1.77922e-19
857 4508.74 -4.65046e-19
856 6947.75 2.62479e-19
855 4792.3 -8.19368e-19
854 3884.55 -4.22029e-19
853 6788.02 -7.34375e-19
852 5195.34 -7.18151e-19
851 5551.76 1.75533e-18
850 4339.71 5.06624e-19
849 5022.04 -9.56814e-19
848 5776.17 -4.27629e-19
847 5528.37 4.72304e-19
846 4595.74 5.99285e-19
845 5241.93 2.13716e-19
844 4801.97 -9.58682e-19
843 4657.77 -3.40389e-19
842 3950.13 -7.7654e-19
841 4169.6 3.77148e-20
840 4976.47 -1.18849e-18
839 5759.14 -1.51347e-19
838 4102.33 1.77978e-18
837 4720.84 6.35993e-19
836 4120.48 7.23875e-19
835 3971.01 -2.80028e-19
834 4129.8 1.88064e-19
833 5067.44 4.20511e-19
832 3849.28 6.40564e-19
831 4444.08 2.34071e-20
830 3817.51 -1.02253e-18
829 5174.06 6.30317e-19
828 4095.58 3.6305e-19
827 4639.3 1.28545e-19
826 3869.47 8.9367e-19
825 5437.41 -8.09848e-19
824 4918.32 -2.30162e-19
823 4455.52 -1.08762e-18
822 4542.11 5.60649e-19
821 4770.13 3.56189e-19
820 3925.21 -9.96023e-19
819 5263.41 1.25202e-19
818 5719.78 1.19254e-18
817 3984.77 -1.47129e-19
816 6218.54 7.27147e-19
815 4610.23 7.94044e-19
814 5011.71 1.44006e-18
813 3665.28 1.98711e-19
812 3759.34 -5.43879e-19
811 5009.56 2.97726e-19
810 4603.11 1.61607e-18
809 4171.67 -3.32922e-19
808 5246.69 2.08385e-19
807 4396.53 -1.9052e-18
806 5364.84 2.03936e-19
805 5191.86 1.57971e-19
804 4618.94 -8.35245e-20
803 4075.38 9.48146e-19
802 5039.07 -6.49416e-19
801 4147.15 1.06987e-18
800 5310 -4.48109e-19
799 4895.37 -1.18601e-18
798 3408.36 1.01233e-19
797 4352.94 3.25221e-19
796 4893.47 4.29665e-19
795 5780.17 2.72766e-19
794 5273.2 -6.7508e-23
793 4401.11 7.35318e-19
792 4686.1 2.33212e-19
791 5054.53 -3.53628e-20
790 4384.91 6.67205e-19
789 4918.24 3.26499e-20
788 5075.88 -6.2786e-19
787 4857.73 3.73083e-19
786 4150.08 8.41549e-19
785 4967.17 -3.95325e-19
784 5610.8 -8.72248e-19
783 5182.04 8.27805e-20
782 3866.09 1.52988e-18
781 3889.97 -8.36559e-19
780 5204.62 9.3572e-19
779 4139.03 -4.08912e-19
778 5039.47 4.1016e-19
777 5536.17 3.3335e-19
776 5085.76 1.34722e-19
775 4167.95 -3.40611e-19
774 4239.19 -5.17995e-19
773 4128.78 9.7554e-19
772 4344.93 -1.74905e-19
771 3970.43 -1.0617e-18
770 3696.33 -7.79108e-19
769 4521.75 -8.51057e-19
768 4498.8 -4.45541e-19
767 4607.68 4.60771e-19
766 5047.88 4.06053e-19
765 4869.74 -1.4274e-18
764 4285.83 -3.36754e-19
763 4114.9 -9.28823e-19
762 4309.89 -2.11448e-20
761 5972.81 -3.35088e-19
760 5031.56 -1.03538e-19
759 4896.73 -3.98285e-19
758 5030.19 -4.70655e-19
757 3363.63 -5.08502e-19
756 4243.27 -3.77983e-19
755 5953.59 -3.06956e-19
754 4620.54 1.85621e-19
753 4453.18 1.19189e-18
752 4969.37 -1.53967e-20
751 4243.62 -1.11208e-18
750 3971.29 -7.95706e-19
749 4242.23 2.99133e-19
748 4385.05 6.52252e-19
747 4063.77 8.03162e-19
746 4781.5 -1.2305e-18
745 4110.04 -2.16068e-22
744 5380.51 1.79909e-20
743 5297.98 1.08349e-18
742 5342.82 -6.35723e-19
741 5803.2 -2.60521e-18
740 5260.97 -4.02246e-19
739 4305.45 1.31958e-19
738 3709.8 1.51405e-18
737 7108.3 2.26374e-18
736 4837.82 6.89069e-20
735 5251.14 -2.26127e-19
734 3473.54 -5.99008e-19
733 4782.68 5.99377e-20
732 4567.42 -4.8372e-19
731 5232.45 -8.96301e-19
730 5074.54 1.03695e-20
729 4587.36 -1.38094e-19
728 4328.41 3.59296e-19
727 4878.33 1.45265e-19
726 4165.39 5.7184e-20
725 4039.92 -1.31898e-18
724 5081.34 -3.71311e-19
723 5265.09 -4.14976e-19
722 4986.03 5.87986e-20
721 3958.19 -7.34672e-19
720 4489.62 -1.67464e-19
719 4603.32 2.47517e-19
718 4167.79 -1.39368e-19
717 4517.54 3.05984e-19
716 3725.58 2.90484e-19
715 4591.28 2.22461e-19
714 4987.82 -8.25399e-19
713 4318.35 6.56856e-19
712 4850.36 -1.34e-19
711 4439.63 2.03043e-20
710 4455.89 1.63543e-19
709 4751.04 3.12789e-20
708 3805.46 2.63676e-19
707 4275.96 -2.7898e-19
706 4649.9 1.60901e-20
705 5395.84 1.13942e-19
704 5535.82 1.39843e-18
703 4786.08 5.45946e-20
702 4251.34 -7.52031e-21
701 4367.13 3.64878e-19
700 5381.59 4.63735e-19
699 4468.4 -1.48882e-18
698 4195.38 -6.7447e-19
697 4754.06 -7.03037e-19
696 5805.6 -1.46128e-18
695 4099.87 6.30683e-19
694 4458.8 -2.84258e-20
693 5274.76 -2.30525e-19
692 4248.34 1.18738e-18
691 4044.1 -5.05636e-19
690 3875.24 -1.20636e-18
689 3853.34 -1.3267e-19
688 4222.48 7.42517e-20
687 4524.31 1.03419e-18
686 5027.35 -5.31904e-19
685 4756.8 -7.79237e-19
684 3958.54 6.76375e-19
683 4799.02 -5.58966e-19
682 3397.37 2.17561e-19
681 5387.31 -9.48389e-19
680 4670.15 1.94265e-19
679 3438.91 2.00124e-19
678 4439.92 3.67294e-19
677 4406.66 -2.29166e-19
676 4050.5 -3.36044e-19
675 3630.42 -2.69891e-19
674 3692.47 -1.06595e-18
673 3966.53 -2.32874e-19
672 4089.24 1.69108e-19
671 4950.5 -9.88318e-21
670 3986.66 -8.46185e-19
669 4660.51 1.07377e-18
668 3363.85 2.70783e-19
667 3868.51 3.84494e-19
666 4639.13 -9.25564e-19
665 4258.7 5.71595e-20
664 5331.32 -2.96803e-19
663 4452.23 6.40803e-20
662 4605.83 1.23855e-20
661 4197.3 1.05488e-18
660 4405.46 5.78517e-19
659 4526.39 1.41826e-19
658 4196.77 -2.65353e-19
657 4360.23 4.73504e-19
656 3680.2 -1.04981e-18
655 4712.53 -7.47626e-20
654 4189.22 -5.50154e-19
653 4817.83 -4.6369e-19
652 4684.43 -1.09745e-19
651 4839.37 9.13583e-19
650 4459.8 4.52797e-19
649 6166.25 -3.91272e-19
648 4269.09 5.18072e-20
647 4066.42 2.67534e-19
646 4495.35 4.15137e-19
645 4156.36 1.18997e-19
644 3906.14 4.81461e-19
643 4837.36 -1.80308e-19
642 3443.38 -1.19468e-18
641 4098.73 1.76456e-19
640 4239.62 -2.73129e-19
639 4354.29 -4.55661e-19
638 3808.92 4.63806e-19
637 4533.97 -1.61675e-19
636 3673.17 3.99096e-19
635 4239.69 2.07212e-19
634 3958.78 -4.74657e-19
633 4691.55 6.98802e-19
632 3549.78 -5.05392e-19
631 3221.72 -5.07482e-19
630 3952.11 -7.01068e-19
629 3877.36 -7.63633e-20
628 5302.52 7.0953e-19
627 4564.03 3.67722e-20
626 3669.52 2.28727e-19
625 4420.06 1.02856e-18
624 3901.46 -2.91257e-19
623 4006.53 -5.10974e-19
622 4002.69 8.05463e-20
621 3987.96 4.14308e-20
620 3999.56 -1.37736e-19
619 4662.99 3.84243e-19
618 5236.73 -2.0258e-18
617 4131.88 -2.93702e-19
616 3946.65 6.25992e-19
615 4188.8 -4.63884e-19
614 3899.43 2.38899e-19
613 4900.51 -9.14625e-19
612 3600.4 -1.05655e-19
611 3826.53 1.32571e-19
610 5132.88 6.13004e-20
609 4150.25 -5.55626e-20
608 4213.92 3.80968e-20
607 3969.45 -3.63793e-19
606 3542.94 3.24243e-19
605 3559.78 -1.98012e-19
604 3824.67 -9.94781e-19
603 3879.6 -7.44584e-19
602 3455.36 -4.29915e-19
601 4268.57 2.46329e-19
600 3608.89 6.20226e-20
599 4474.3 7.57914e-19
598 4018.6 -7.09172e-19
597 3337.99 1.38741e-19
596 4014.16 4.20703e-20
595 4589.85 4.0864e-19
594 2893.45 5.85733e-19
593 3158.18 4.93462e-19
592 3671.04 4.09348e-19
591 4140.58 -3.3234e-20
590 3878.61 3.84065e-19
589 3811.26 6.25552e-19
588 3334.81 -7.14687e-19
587 3462.93 4.13247e-19
586 3273.92 -4.20267e-19
585 3501.69 7.67844e-19
584 3626.34 3.30877e-19
583 4102.8 7.7568e-19
582 3345.3 4.00147e-19
581 3237.42 4.80139e-19
580 3609.91 1.99999e-19
579 3226.11 7.46577e-20
578 3287.62 -1.08614e-18
577 3457.95 1.09556e-19
576 4901.46 -4.71541e-19
575 3080.11 -1.42683e-18
574 3204.75 3.33208e-19
573 3783.44 3.04865e-19
572 3636.29 3.32901e-19
571 4601.23 -1.45742e-19
570 3500.26 -1.83341e-19
569 2741.45 4.31907e-19
568 2970.07 -4.99236e-19
567 3737.05 -4.85855e-19
566 2526.37 5.65146e-19
565 5190.72 9.76661e-20
564 4807.13 4.99285e-19
563 4357.31 2.01038e-19
562 3592.92 3.28868e-19
561 5008.87 8.17167e-19
560 2993.32 6.45178e-19
559 3322.33 7.59207e-19
558 4135.38 1.99042e-19
557 4404.57 7.97459e-19
556 3235.1 -1.08351e-19
555 2761.14 -5.11125e-20
554 3231.87 7.93594e-20
553 2842.95 3.99791e-19
552 3216.09 1.57672e-19
551 3860.32 1.23296e-19
550 2957.8 -9.02166e-21
549 3250.25 2.85814e-19
548 2868.17 2.88067e-19
547 3487.37 2.78935e-21
546 3515.87 3.52076e-19
545 3265.76 8.49975e-20
544 3567.17 -5.22691e-19
543 3211.41 3.82539e-19
542 3110.18 -8.43613e-19
541 2883.35 -3.63816e-19
540 3174.36 -2.60079e-19
539 3463.67 1.3345e-19
538 2916.84 -2.13469e-19
537 3248.53 1.76847e-19
536 3849.02 -7.61327e-19
535 4456.18 -2.62951e-19
534 2767.16 5.75148e-20
533 3711.22 -8.24277e-20
532 3825.45 -1.67415e-19
531 3414.98 1.16735e-19
530 2955 1.05174e-18
529 3090.62 -2.1528e-19
528 3917.27 -4.71162e-19
527 2845.05 -5.48478e-19
526 3125.84 -2.44889e-19
525 4194.83 4.8725e-20
524 2828.26 -2.12105e-19
523 3055.78 -5.4056e-19
522 4288.7 4.27049e-19
521 3706.91 4.07214e-19
520 2960.63 -2.52627e-19
519 2896.05 -2.48971e-19
518 3319.15 1.06301e-20
517 3287.26 1.89239e-19
516 2715.94 -2.36391e-19
515 3247.37 6.09718e-19
514 2338.34 -1.38413e-19
513 2936.09 5.03906e-19
512 3938.75 -1.21982e-19
511 3896.23 -1.16661e-19
510 2667.03 -2.93454e-19
509 3027.46 -3.31885e-19
508 2392.77 2.66997e-20
507 2566.21 1.31362e-19
506 3376.96 1.85326e-19
505 2484.62 -2.78097e-20
504 3238.38 1.08025e-19
503 2690.36 -1.8548e-20
502 3339.88 -4.499e-20
501 2865.47 9.12591e-19
500 3157.17 5.16699e-19
499 2410.82 -6.34436e-20
498 2712.92 -1.55004e-20
497 2419.14 3.29385e-20
496 2775.8 4.31419e-19
495 2051.06 2.84276e-19
494 2806.84 -5.73744e-20
493 2525.49 -5.92925e-19
492 2876.29 3.76862e-21
491 2567.01 -1.51572e-19
490 3952.6 2.56362e-19
489 2932.07 3.63185e-19
488 2939.12 3.25547e-20
487 2569.84 2.62015e-19
486 2762.64 -5.33557e-19
485 2070.69 -1.55051e-19
484 2957.21 -2.85476e-20
483 2419.7 -1.91665e-19
482 2730.73 -2.13521e-19
481 2835.34 -1.74694e-19
480 1793.21 -4.11588e-20
479 2640.8 2.00899e-19
478 2201.2 4.45978e-19
477 2432.25 1.06536e-19
476 2626 1.86518e-19
475 2382.64 -1.77434e-19
474 2809.76 3.19427e-19
473 2053.23 1.57982e-19
472 2577.89 5.27314e-19
471 2003.93 1.97715e-19
470 2823.3 3.93806e-19
469 2361.71 1.1198e-19
468 3177.86 4.76445e-20
467 1925.23 -4.31782e-20
466 2878.63 2.11487e-19
465 1925.86 -4.60264e-19
464 2734.73 -4.38663e-20
463 2207.86 -4.50557e-20
462 2236.84 1.43345e-20
461 2683.6 6.22628e-19
460 3174.99 -1.56254e-19
459 2418.86 6.97346e-19
458 2249.61 2.49806e-20
457 2296.67 3.80704e-19
456 3016.44 -1.51887e-20
455 2280.8 9.68726e-20
454 1910.08 1.43109e-19
453 1999.75 4.26625e-19
452 2259.34 -3.46887e-19
451 2431.92 6.56233e-19
450 2515.88 1.60079e-19
449 2591.33 2.68526e-19
448 2720.17 -2.86554e-19
447 2343.35 2.41862e-20
446 2537.44 -1.75103e-19
445 2604.66 -2.28337e-19
444 1662.37 1.15813e-19
443 1543.36 -5.30319e-19
442 2123.09 1.29885e-19
441 2285.56 9.17428e-20
440 1850.2 3.16364e-20
439 1626.34 2.61217e-19
438 2316.08 3.02981e-20
437 2379.35 1.67306e-19
436 1552.31 4.30831e-19
435 2012.61 8.04602e-20
434 2132.76 1.09938e-19
433 2151.81 1.03347e-20
432 1640.92 4.94006e-20
431 2100.77 -1.97913e-20
430 1972.01 -5.03141e-20
429 2354.28 -1.90527e-19
428 2050.82 9.98592e-20
427 2257.17 1.71564e-19
426 1692.97 3.52565e-19
425 2179.96 4.17295e-19
424 2114.07 -6.69032e-19
423 2623.78 1.18076e-19
422 2040.46 -2.63552e-19
421 2120.06 8.76872e-20
420 1994.5 4.05048e-19
419 1719 -1.03518e-19
418 1608.16 2.66921e-19
417 1475.39 -3.01468e-19
416 1640.55 1.44325e-19
415 1477.42 -2.17328e-19
414 2486.95 8.97981e-20
413 1702.96 -1.07361e-20
412 1520.01 -1.00838e-20
411 2161.97 2.5729e-19
410 1430.07 -1.47902e-19
409 1872.86 5.09449e-20
408 1724.2 -3.44978e-19
407 2207.04 2.04402e-20
406 1326.02 1.83422e-20
405 1456.05 3.40382e-19
404 1182.46 8.26116e-20
403 1474.32 1.13188e-19
402 1520.75 -1.5893e-19
401 1554.85 -2.94186e-19
400 1592.48 3.06829e-20
399 1528.54 -4.16795e-20
398 1497.65 -2.42877e-19
397 1283.31 -3.95784e-20
396 2102.64 -3.70496e-19
395 1688.01 -4.38362e-20
394 1601.51 -7.66495e-20
393 1506.11 -4.0881e-19
392 1471.77 3.79637e-20
391 1732.37 3.85285e-19
390 1191.39 -2.30821e-19
389 1605.01 -3.34719e-20
388 1634.03 -9.64117e-20
387 1606.48 -1.45787e-19
386 1594.04 4.29941e-20
385 1402.68 8.14275e-20
384 1492.7 1.73751e-19
383 1851.39 -3.04199e-19
382 1269.57 3.36656e-19
381 1446.62 -1.15288e-19
380 1509.03 2.40734e-19
379 1415.56 1.83961e-20
378 1360.66 -3.05845e-19
377 1586.23 6.61981e-20
376 1204.44 -7.12792e-20
375 1289.38 -9.77333e-20
374 1323.09 9.51074e-21
373 1676.74 -2.42352e-19
372 1269.02 -5.65591e-19
371 1210.34 -7.82592e-20
370 1134.17 2.67037e-19
369 973.041 1.52378e-19
368 1258.07 1.1881e-19
367 1082.19 1.40473e-20
366 981.031 6.53504e-20
365 1647.12 -1.77668e-19
364 1308.66 -7.50214e-21
363 1363.89 5.31053e-20
362 1040.43 -7.34054e-20
361 1266.04 -2.0813e-19
360 1156.68 -6.13555e-20
359 1097.41 -2.01681e-19
358 951.071 1.48775e-19
357 1269.39 -1.26713e-19
356 1092.16 -1.56583e-19
355 999.699 4.25363e-20
354 1297.53 -9.67384e-22
353 1082.36 -1.30374e-19
352 918.167 -6.27474e-21
351 1104.83 3.41264e-21
350 1115.12 -7.00856e-20
349 837.074 -4.40727e-20
348 953.367 -3.1607e-19
347 900.14 -3.0135e-19
346 1157.16 1.97724e-19
345 939.82 8.0678e-20
344 988.675 -1.49055e-19
343 923.708 -4.6693e-20
342 915.338 6.55938e-20
341 1140.62 1.6425e-19
340 1147.57 9.81189e-20
339 968.158 -1.92268e-20
338 1034.49 1.66556e-19
337 844.538 1.6724e-19
336 815.041 -1.00739e-19
335 662.136 -1.55432e-19
334 717.644 2.08359e-19
333 737.698 1.74203e-19
332 823.649 -2.70261e-20
331 817.631 1.02209e-19
330 723.689 2.22717e-19
329 717.978 -2.93637e-19
328 746.683 -3.31733e-20
327 618.347 -9.85249e-20
326 810.22 -1.99351e-20
325 634.881 9.26868e-20
324 719.305 3.11239e-20
323 782.773 1.41582e-19
322 697.959 -2.5659e-20
321 551.423 1.59288e-19
320 589.018 7.41812e-20
319 599.909 4.49497e-20
318 629.274 -1.13727e-19
317 840.708 -3.4634e-20
316 501.081 -1.40552e-19
315 685.375 -4.60563e-20
314 778.211 9.68273e-20
313 626.577 6.8797e-20
312 732.227 -1.67276e-19
311 546.708 1.0027e-20
310 542.682 5.00866e-20
309 555.41 -5.23116e-20
308 623.884 9.01424e-20
307 703.935 6.31661e-20
306 571.028 3.01999e-20
305 528.694 -1.50595e-19
304 605.558 -6.01191e-20
303 466.465 5.01929e-20
302 717.63 1.90127e-19
301 526.985 -3.25528e-20
300 552.341 -7.22618e-20
299 567.742 2.56806e-20
298 388.317 -4.5972e-20
297 443.362 -1.08861e-19
296 582.684 1.35394e-20
295 558.358 -2.43233e-20
294 541.132 1.99511e-20
293 395.929 -7.07339e-20
292 438.63 1.02794e-19
291 434.649 7.57982e-20
290 540.812 3.27689e-20
289 518.89 2.38272e-20
288 386.832 -2.0148e-19
287 383.44 1.60001e-20
286 411.101 3.70733e-20
285 383.009 8.44974e-20
284 388.973 -1.43083e-19
283 479.172 -4.96672e-20
282 385.434 -4.48132e-20
281 353.002 -8.09152e-20
280 487.196 1.84543e-20
279 406.738 5.57956e-20
278 400.699 5.791e-21
277 329.115 -1.19311e-19
276 332.738 6.87439e-20
275 344.215 -2.11065e-20
274 285.903 -1.7788e-19
273 386.73 -5.59136e-20
272 284.37 -7.23189e-20
271 304.351 1.32278e-20
270 309.473 4.44165e-20
269 262.427 4.30935e-20
268 260.518 8.31409e-20
267 240.718 1.05041e-19
266 298.992 -1.32437e-19
265 283.408 -2.99423e-20
264 407.469 -1.7769e-20
263 234.041 1.90688e-20
262 330.416 1.53491e-20
261 184.972 -2.93543e-20
260 298.063 1.95079e-20
259 307.798 -5.63655e-20
258 244.929 4.88049e-20
257 295.63 -1.99304e-20
256 229.914 -2.42652e-20
255 286.928 6.62304e-20
254 229.049 4.22251e-20
253 184.842 -2.56775e-20
252 217.423 -8.97327e-20
251 195.872 -4.35035e-20
250 165.566 2.42738e-20
249 188.205 2.54463e-20
248 167.744 5.46539e-20
247 161.595 -1.34207e-19
246 167.363 -5.66274e-20
245 175.731 -2.72047e-20
244 172.047 -3.80481e-20
243 193.052 3.53921e-20
242 164.821 3.61756e-20
241 153.905 1.31447e-20
240 175.577 -7.5882e-20
239 151.958 4.71072e-22
238 131.804 -3.10666e-20
237 140.648 6.0505e-20
236 135.833 2.6585e-20
235 166.971 -8.45218e-20
234 166.628 -3.55267e-20
233 168.503 -1.39505e-20
232 114.205 -3.44109e-20
231 95.7259 8.99119e-21
230 127.329 -4.33539e-20
229 144.153 1.55982e-20
228 114.744 -2.22877e-20
227 126.281 -9.84292e-20
226 104.563 4.49516e-20
225 109.709 -2.01603e-20
224 93.424 -7.84833e-20
223 126.425 -2.22604e-20
222 100.536 -1.07768e-19
221 79.8718 2.73069e-20
220 73.6999 -5.97159e-20
219 85.1421 -2.28747e-20
218 60.1542 -6.77855e-21
217 74.5369 -2.88831e-21
216 63.692 2.13075e-20
215 52.2676 -5.21276e-21
214 58.4262 -3.85409e-20
213 60.1355 2.31986e-20
212 72.0391 2.20517e-20
211 48.7042 -1.07495e-20
210 67.7021 -1.18301e-20
209 35.4556 -4.35034e-20
208 92.1391 -2.9924e-20
207 40.9243 1.47645e-20
206 65.1235 1.60863e-20
205 54.8849 -1.02176e-20
204 48.9861 -7.41076e-21
203 34.5914 8.78296e-21
202 41.5526 -4.58559e-20
201 67.0602 1.42316e-20
200 28.6553 -1.95532e-20
199 40.5402 -1.55998e-20
198 42.2107 8.92646e-21
197 35.1509 8.33692e-21
196 19.0201 4.99237e-21
195 34.61 -1.79751e-20
194 52.1098 1.40508e-20
193 25.601 6.92782e-21
192 20.7363 5.58012e-21
191 28.5269 5.02958e-21
190 26.5091 6.67472e-21
189 11.2279 2.9785e-21
188 20.8345 -2.2226e-20
187 10.0689 2.56105e-21
186 15.8931 4.10374e-21
185 12.7428 3.37613e-21
184 16.1917 4.43416e-21
183 21.8548 -2.2793e-20
182 16.0413 4.26787e-21
181 19.4642 4.50184e-21
180 8.52594 2.0274e-21
179 12.6574 3.04973e-21
178 13.425 3.27998e-21
177 8.81427 2.02661e-21
176 15.3733 3.19609e-21
175 9.1333 1.74768e-21
174 8.29416 1.82902e-21
173 1.70997 3.52856e-22
172 11.7888 2.60831e-21
171 6.94246 -2.65421e-20
170 13.1601 2.13914e-21
169 8.63436 1.79376e-21
168 3.06096 6.01048e-22
167 3.2835 6.37952e-22
166 12.719 2.63379e-21
165 6.46341 1.25412e-21
164 2.78447 5.19484e-22
163 15.7845 2.45137e-21
162 3.85484 7.06552e-22
161 5.73056 1.05067e-21
160 9.24901 1.71724e-21
159 0 0
158 0.0556679 9.464e-24
157 1.49477 2.5312e-22
156 5.05899 8.64864e-22
155 3.19218 5.32224e-22
154 0.923538 1.49912e-22
153 1.63931 2.63732e-22
152 4.82559 7.8078e-22
151 0.247686 3.85e-23
150 1.43016 2.20808e-22
149 0 0
148 2.32163 3.50588e-22
147 1.04183 1.54112e-22
146 0.0117692 1.708e-24
145 0 0
144 0 0
143 0 0
142 0 0
141 0 0
140 0 0
139 0 0
138 0 0
137 4.09876 5.33904e-22
136 3.54443 4.53656e-22
135 0.294571 3.6596e-23
134 0 0
133 0 0
132 0 0
131 0 0
130 0 0
129 0 0
128 0 0
127 0 0
126 0 0
125 0 0
124 0 0
123 0 0
122 0 0
121 0 0
120 0 0
119 0 0
118 0 0
117 0 0
116 0 0
115 0 0
114 0 0
113 0 0
112 0 0
111 0 0
110 0 0
109 0 0
108 0 0
107 0 0
106 0 0
105 0 0
104 0 0
103 0 0
102 0 0
101 0 0
100 0 0
99 0 0
98 0 0
97 0 0
96 0 0
95 0 0
94 0 0
93 0 0
92 0 0
91 0 0
90 0 0
89 0 0
88 0 0
87 0 0
86 0 0
85 0 0
84 0 0
83 0 0
82 0 0
81 0 0
80 0 0
79 0 0
78 0 0
77 0 0
76 0 0
75 0 0
74 0 0
73 0 0
72 0 0
71 0 0
70 0 0
69 0 0
68 0 0
67 0 0
66 0 0
65 0 0
64 0 0
63 0 0
62 0 0
61 0 0
60 0 0
59 0 0
58 0 0
57 0 0
56 0 0
55 0 0
54 0 0
53 0 0
52 0 0
51 0 0
50 0 0
49 0 0
48 0 0
47 0 0
46 0 0
45 0 0
44 0 0
43 0 0
42 0 0
41 0 0
40 0 0
39 0 0
38 0 0
37 0 0
36 0 0
35 0 0
34 0 0
33 0 0
32 0 0
31 0 0
30 0 0
29 0 0
28 0 0
27 0 0
26 0 0
25 0 0
24 0 0
23 0 0
22 0 0
21 0 0
20 0 0
19 0 0
18 0 0
17 0 0
16 0 0
15 0 0
14 0 0
13 0 0
12 0 0
11 0 0
10 0 0
9 0 0
8 0 0
7 0 0
6 0 0
5 0 0
4 0 0
3 0 0
2 0 0
1 0 0
