600 449.53 -2.41586e-18
599 283.458 -2.40922e-18
598 362.047 -2.40047e-18
597 359.017 -2.42252e-18
596 281.7 -2.42482e-18
595 356.158 -2.43978e-18
594 334.438 -2.4147e-18
593 283.72 -2.43656e-18
592 355.893 -2.45756e-18
591 317.771 -2.44009e-18
590 327.926 -2.45154e-18
589 296.728 -2.48178e-18
588 326.644 -2.44873e-18
587 339.922 -2.45038e-18
586 284.622 -2.45556e-18
585 314.136 -2.49957e-18
584 302.957 -2.46984e-18
583 353.663 -2.48593e-18
582 310.483 -2.4802e-18
581 308.615 -2.47699e-18
580 323.727 -2.4805e-18
579 281.891 -2.50406e-18
578 307.971 -2.48256e-18
577 359.596 -2.51972e-18
576 370.475 -2.53088e-18
575 252.1 -2.52578e-18
574 290.58 -2.53133e-18
573 389.878 -2.52169e-18
572 334.739 -2.52349e-18
571 362.088 -2.53499e-18
570 359.001 -2.5562e-18
569 310.153 -2.55403e-18
568 362.557 -2.56987e-18
567 385.814 -2.55409e-18
566 398.195 -2.56137e-18
565 400.858 -2.56787e-18
564 342.146 -2.58731e-18
563 390.132 -2.55459e-18
562 370.185 -2.59133e-18
561 332.573 -2.6087e-18
560 378.229 -2.59714e-18
559 311.366 -2.5998e-18
558 424.23 -2.59205e-18
557 385.476 -2.60901e-18
556 309.767 -2.61924e-18
555 393.574 -2.60657e-18
554 363.639 -2.61523e-18
553 340.951 -2.61234e-18
552 415.283 -2.6251e-18
551 346.252 -2.64683e-18
550 291.494 -2.62982e-18
549 379.761 -2.65346e-18
548 385.844 -2.67071e-18
547 363.004 -2.6462e-18
546 395.52 -2.66686e-18
545 401.948 -2.66034e-18
544 387.887 -2.65638e-18
543 402.446 -2.70511e-18
542 347.997 -2.67022e-18
541 326.338 -2.70331e-18
540 365.481 -2.67382e-18
539 407.277 -2.71771e-18
538 376.775 -2.70588e-18
537 320.127 -2.71549e-18
536 413.155 -2.70807e-18
535 373.301 -2.72067e-18
534 484.572 -2.74487e-18
533 410.061 -2.71931e-18
532 458.371 -2.73146e-18
531 388.363 -2.74163e-18
530 420.33 -2.74585e-18
529 425.219 -2.76095e-18
528 357.518 -2.75503e-18
527 453.22 -2.77101e-18
526 402.01 -2.78057e-18
525 397.587 -2.78587e-18
524 406.482 -2.79485e-18
523 352.52 -2.7847e-18
522 376.035 -2.81295e-18
521 446.919 -2.82125e-18
520 427.916 -2.8426e-18
519 455.255 -2.81938e-18
518 449.202 -2.83651e-18
517 430.603 -2.8146e-18
516 466.169 -2.84615e-18
515 430.347 -2.84301e-18
514 463.212 -2.84089e-18
513 452.637 -2.86131e-18
512 406.469 -2.87064e-18
511 435.918 -2.87339e-18
510 423.524 -2.86506e-18
509 468.956 -2.89095e-18
508 464.713 -2.87906e-18
507 441.074 -2.90027e-18
506 535.887 -2.88959e-18
505 428.722 -2.91678e-18
504 450.071 -2.90607e-18
503 456.704 -2.93464e-18
502 454.936 -2.93919e-18
501 443.319 -2.92322e-18
500 428.129 -2.91705e-18
499 469.071 -2.91384e-18
498 428.542 -2.95317e-18
497 393.52 -2.96119e-18
496 471.528 -2.93831e-18
495 503.447 -2.95998e-18
494 487.761 -3.00564e-18
493 457.272 -2.95878e-18
492 479.061 -3.00286e-18
491 475.802 -2.99365e-18
490 428.5 -3.01168e-18
489 465.585 -2.98523e-18
488 566.968 -3.0174e-18
487 511.336 -3.04492e-18
486 505.942 -2.99709e-18
485 482.209 -3.02805e-18
484 611.291 -3.04458e-18
483 548.542 -3.07453e-18
482 515.285 -3.04481e-18
481 614.234 -3.06078e-18
480 511.14 -3.06204e-18
479 576.248 -3.0498e-18
478 522.291 -3.08703e-18
477 514.207 -3.06507e-18
476 458.21 -3.0994e-18
475 509.9 -3.10057e-18
474 612.613 -3.11888e-18
473 511.296 -3.1351e-18
472 533.337 -3.13035e-18
471 572.909 -3.14261e-18
470 590.71 -3.15503e-18
469 533.201 -3.14535e-18
468 577.977 -3.16998e-18
467 528.697 -3.166e-18
466 513.691 -3.14415e-18
465 518.234 -3.15481e-18
464 648.633 -3.20394e-18
463 616.276 -3.20773e-18
462 493.916 -3.17391e-18
461 524.345 -3.20406e-18
460 586.89 -3.21432e-18
459 604.745 -3.22592e-18
458 731.233 -3.21457e-18
457 525.585 -3.23251e-18
456 576.222 -3.25947e-18
455 495.718 -3.27299e-18
454 648.611 -3.25681e-18
453 547.581 -3.28358e-18
452 506.531 -3.28337e-18
451 561.801 -3.29276e-18
450 463.596 -3.31212e-18
449 563.926 -3.28607e-18
448 634.997 -3.31813e-18
447 615.3 -3.32557e-18
446 570.609 -3.34819e-18
445 528.479 -3.34261e-18
444 519.431 -3.32811e-18
443 632.681 -3.35419e-18
442 720.098 -3.35903e-18
441 675.261 -3.37748e-18
440 625.155 -3.36552e-18
439 569.364 -3.38365e-18
438 573.963 -3.38115e-18
437 609.587 -3.42029e-18
436 593.453 -3.42137e-18
435 664.304 -3.39523e-18
434 583.676 -3.41304e-18
433 685.389 -3.45467e-18
432 666.264 -3.45894e-18
431 766.684 -3.45685e-18
430 705.101 -3.46652e-18
429 541.664 -3.47624e-18
428 657.388 -3.49019e-18
427 750.032 -3.49489e-18
426 724.9 -3.49217e-18
425 537.292 -3.52253e-18
424 713.77 -3.4895e-18
423 669.446 -3.56128e-18
422 729.031 -3.54177e-18
421 746.923 -3.51379e-18
420 686.609 -3.57237e-18
419 585.958 -3.57684e-18
418 622.94 -3.5528e-18
417 781.525 -3.56985e-18
416 660.763 -3.59476e-18
415 767.468 -3.62421e-18
414 703.047 -3.62023e-18
413 721.12 -3.62881e-18
412 819.727 -3.64442e-18
411 707.705 -3.64094e-18
410 687.356 -3.65867e-18
409 683.513 -3.67537e-18
408 740.666 -3.66561e-18
407 660.807 -3.70214e-18
406 787.103 -3.71067e-18
405 679.232 -3.70676e-18
404 736.947 -3.70088e-18
403 905.759 -3.73893e-18
402 640.659 -3.72018e-18
401 627.164 -3.74308e-18
400 714.754 -3.75205e-18
399 799.89 -3.79358e-18
398 789.852 -3.78815e-18
397 736.695 -3.80916e-18
396 926.071 -3.76833e-18
395 819.34 -3.79227e-18
394 761.18 -3.79032e-18
393 834.358 -3.83757e-18
392 786.052 -3.86746e-18
391 818.715 -3.8511e-18
390 836.069 -3.88489e-18
389 964.547 -3.87854e-18
388 798.533 -3.89858e-18
387 751.567 -3.90097e-18
386 769.559 -3.92034e-18
385 838.617 -3.96155e-18
384 753.125 -3.91431e-18
383 913.22 -3.94301e-18
382 861.795 -3.94615e-18
381 877.269 -3.95843e-18
380 955.217 -4.03618e-18
379 832.994 -3.96675e-18
378 963.947 -3.98219e-18
377 913.688 -4.01947e-18
376 885.267 -4.0553e-18
375 727.049 -4.06687e-18
374 984.743 -4.05046e-18
373 846.7 -4.1029e-18
372 1230.13 -4.1276e-18
371 790.924 -4.08737e-18
370 1099.78 -4.08306e-18
369 927.324 -4.1395e-18
368 948.815 -4.14569e-18
367 831.615 -4.1392e-18
366 885.142 -4.17328e-18
365 933.912 -4.17985e-18
364 926.391 -4.20387e-18
363 876.051 -4.21431e-18
362 780.513 -4.24293e-18
361 944.964 -4.20469e-18
360 863.389 -4.23109e-18
359 1150.42 -4.28223e-18
358 952.179 -4.25143e-18
357 954.308 -4.26386e-18
356 993.85 -4.26897e-18
355 996.698 -4.31936e-18
354 1042.73 -4.34045e-18
353 1121.6 -4.31894e-18
352 1041.91 -4.35616e-18
351 1040.04 -4.33388e-18
350 929.474 -4.38632e-18
349 1194.24 -4.43645e-18
348 1003.94 -4.38831e-18
347 1037.24 -4.44679e-18
346 1039.38 -4.41439e-18
345 1272.24 -4.45329e-18
344 977.254 -4.48704e-18
343 1232.06 -4.47723e-18
342 1095.08 -4.5005e-18
341 1035.4 -4.55543e-18
340 1100.9 -4.54406e-18
339 1189.06 -4.54286e-18
338 1140.2 -4.57136e-18
337 978.915 -4.55515e-18
336 1586.11 -4.58557e-18
335 1056.42 -4.60535e-18
334 1071.34 -4.63937e-18
333 1401.12 -4.63828e-18
332 1084.82 -4.66181e-18
331 1111.79 -4.6962e-18
330 1203.48 -4.70961e-18
329 1319.5 -4.70859e-18
328 1110.61 -4.75342e-18
327 1411.77 -4.75389e-18
326 1112.35 -4.77005e-18
325 1393.85 -4.80233e-18
324 1153.76 -4.82244e-18
323 1391.83 -4.79881e-18
322 1173.89 -4.85707e-18
321 1342.39 -4.8334e-18
320 1088.67 -4.88104e-18
319 1293.64 -4.90392e-18
318 1381.79 -4.90772e-18
317 1216.23 -4.93092e-18
316 1373.45 -4.96519e-18
315 1451.73 -4.95097e-18
314 1295.51 -4.95183e-18
313 1593.61 -4.99252e-18
312 1632.01 -5.02667e-18
311 1128.96 -5.06346e-18
310 1282.84 -5.07082e-18
309 1175.75 -5.1036e-18
308 1243.08 -5.12135e-18
307 1398.23 -5.13647e-18
306 1481.46 -5.15432e-18
305 1688.75 -5.15663e-18
304 1362.94 -5.186e-18
303 1454.53 -5.19274e-18
302 1554.69 -5.22309e-18
301 1352.1 -5.23599e-18
300 1904.96 -5.23443e-18
299 1744.04 -5.31495e-18
298 1559.14 -5.3101e-18
297 1914.93 -5.3638e-18
296 1304.92 -5.35173e-18
295 1575.12 -5.38366e-18
294 1389.66 -5.39992e-18
293 1304.59 -5.43367e-18
292 2048.47 -5.47371e-18
291 1545.41 -5.44803e-18
290 1509.23 -5.49971e-18
289 1917.81 -5.49082e-18
288 1689.22 -5.53198e-18
287 1863.68 -5.61122e-18
286 2236.59 -5.56621e-18
285 1765.02 -5.61484e-18
284 1605.91 -5.62186e-18
283 2018.72 -5.65259e-18
282 1420.41 -5.7109e-18
281 2046.33 -5.73686e-18
280 1777.86 -5.77839e-18
279 2265.95 -5.79735e-18
278 2070.04 -5.80014e-18
277 1711.23 -5.81984e-18
276 1709.07 -5.85596e-18
275 2503.14 -5.85064e-18
274 1227.64 -5.89339e-18
273 2344.8 -5.93565e-18
272 1853.14 -5.95554e-18
271 1742.94 -5.99483e-18
270 1998.77 -6.05517e-18
269 1858.47 -6.05784e-18
268 2158.33 -6.06503e-18
267 1775.24 -6.11944e-18
266 2753.48 -6.1721e-18
265 2095.89 -6.20382e-18
264 2158.88 -6.17132e-18
263 2381.37 -6.23765e-18
262 2730.78 -6.24233e-18
261 2034.26 -6.25221e-18
260 2017.56 -6.28991e-18
259 2582.08 -6.38873e-18
258 1906.79 -6.38902e-18
257 2516.92 -6.42955e-18
256 3097.9 -6.42581e-18
255 2514.93 -6.45083e-18
254 2419.93 -6.50993e-18
253 2172.6 -6.54224e-18
252 2122.15 -6.56544e-18
251 2699.29 -6.62352e-18
250 2396.51 -6.70421e-18
249 2082.39 -6.68705e-18
248 2259.96 -6.75457e-18
247 2844.23 -6.7689e-18
246 2357.49 -6.87735e-18
245 2973.43 -6.79542e-18
244 2986.79 -6.85437e-18
243 3087 -6.93787e-18
242 2420.94 -6.93036e-18
241 3727.31 -6.98093e-18
240 2596.75 -7.02365e-18
239 2167.55 -7.13701e-18
238 3001.38 -7.14081e-18
237 3112.89 -7.24804e-18
236 3014.32 -7.17722e-18
235 2367.45 -7.22753e-18
234 3329.02 -7.26207e-18
233 2658.21 -7.34931e-18
232 2939.97 -7.39264e-18
231 2768.97 -7.44482e-18
230 2422.61 -7.43803e-18
229 4394.36 -7.55418e-18
228 3348.83 -7.56023e-18
227 3453.83 -7.58355e-18
226 3266.3 -7.67303e-18
225 2826.19 -7.69486e-18
224 3559.26 -7.77705e-18
223 4734.01 -7.83874e-18
222 2560.74 -7.88774e-18
221 3122.71 -7.90168e-18
220 4147.96 -7.97492e-18
219 3403.98 -7.92915e-18
218 3967.52 -8.13655e-18
217 4087.69 -8.19598e-18
216 4666.74 -8.22418e-18
215 3868.47 -8.22452e-18
214 4418.11 -8.20448e-18
213 5635.01 -8.35732e-18
212 2988.88 -8.47016e-18
211 4668.72 -8.45967e-18
210 3041.72 -8.56349e-18
209 5677.71 -8.58759e-18
208 4292.78 -8.65901e-18
207 5895.14 -8.62519e-18
206 5085.91 -8.85659e-18
205 4252.72 -8.9457e-18
204 4383.1 -8.93476e-18
203 5334.4 -9.06996e-18
202 5337.68 -9.13351e-18
201 5346.46 -9.1739e-18
200 8058.09 -9.16346e-18
199 6547.1 -9.25853e-18
198 4765.3 -9.34239e-18
197 5722.97 -9.49845e-18
196 6696.09 -9.49433e-18
195 4950.75 -9.67615e-18
194 6440.33 -9.69808e-18
193 5562.4 -9.85093e-18
192 4377.05 -9.86296e-18
191 4338.51 -9.97397e-18
190 5967.82 -1.01427e-17
189 4795.13 -1.01936e-17
188 5329.96 -1.02585e-17
187 8251.59 -1.03652e-17
186 8713.76 -1.0348e-17
185 6568.69 -1.04253e-17
184 8434.14 -1.05672e-17
183 5065.83 -1.0746e-17
182 5360.11 -1.0881e-17
181 6447.89 -1.10593e-17
180 4857.56 -1.1121e-17
179 6037.7 -1.12853e-17
178 5215.62 -1.14881e-17
177 11100.3 -1.14288e-17
176 7431.79 -1.16788e-17
175 7312.32 -1.17681e-17
174 18841.8 -1.179e-17
173 7294.52 -1.20792e-17
172 12797.3 -1.21283e-17
171 7774.81 -1.24061e-17
170 7470.04 -1.2518e-17
169 11694.2 -1.27214e-17
168 9328.9 -1.29014e-17
167 6629.45 -1.3367e-17
166 6034.3 -1.3517e-17
165 20111.3 -1.36359e-17
164 8762.8 -1.40915e-17
163 9563.48 -1.41776e-17
162 6358.85 -1.44439e-17
161 8329.49 -1.48099e-17
160 16426.1 -1.50008e-17
159 9636.04 -1.51059e-17
158 18998.5 -1.5538e-17
157 9830.09 -1.57402e-17
156 11252.4 -1.60073e-17
155 12145.2 -1.61307e-17
154 13263.5 -1.62236e-17
153 10732.2 -1.64771e-17
152 5561.58 -1.65801e-17
151 15663.9 -1.67893e-17
150 7267.26 -1.67606e-17
149 8275.91 -1.69261e-17
148 9474.4 -1.69741e-17
147 4596.49 -1.71973e-17
146 9124.39 -1.72864e-17
145 7610.6 -1.73108e-17
144 7395.92 -1.75072e-17
143 5830.63 -1.76156e-17
142 10391.1 -1.76037e-17
141 5254.12 -1.76772e-17
140 4143.75 -1.7898e-17
139 5453.95 -1.79382e-17
138 4028.21 -1.79719e-17
137 4187.24 -1.80333e-17
136 5079.29 -1.81449e-17
135 6002.7 -1.81504e-17
134 4148.02 -1.83094e-17
133 5238.7 -1.83495e-17
132 4242.9 -1.84343e-17
131 3558.38 -1.85089e-17
130 5031.13 -1.8534e-17
129 3312.97 -1.86639e-17
128 3050.32 -1.8625e-17
127 3567.05 -1.87272e-17
126 2550.43 -1.87822e-17
125 4751.32 -1.88213e-17
124 3260.95 -1.88547e-17
123 2189.77 -1.89436e-17
122 3041.16 -1.89679e-17
121 3718.13 -1.90214e-17
120 2191.26 -1.9052e-17
119 2669.22 -1.90879e-17
118 3618.76 -1.91366e-17
117 3287.86 -1.91866e-17
116 1746.36 -1.92017e-17
115 2921.58 -1.9245e-17
114 3389.37 -1.92727e-17
113 1856.69 -1.93185e-17
112 2843.85 -1.9322e-17
111 2234.48 -1.93664e-17
110 2031.47 -1.94153e-17
109 2105.87 -1.94349e-17
108 2256.74 -1.94582e-17
107 1469.89 -1.94797e-17
106 1240.68 -1.9516e-17
105 1757.87 -1.95288e-17
104 1726.67 -1.95493e-17
103 1124.94 -1.95711e-17
102 1620.79 -1.96025e-17
101 1196.36 -1.96284e-17
100 1024.77 -1.96461e-17
99 1483.27 -1.96669e-17
98 1227.26 -1.96637e-17
97 1277.23 -1.96852e-17
96 1310.06 -1.97112e-17
95 775.001 -1.97189e-17
94 881.996 -1.974e-17
93 777.91 -1.97593e-17
92 1218.37 -1.9757e-17
91 958.435 -1.97771e-17
90 853.243 -1.97947e-17
89 1114.11 -1.97971e-17
88 592.986 -1.98158e-17
87 551.008 -1.98188e-17
86 580.264 -1.98313e-17
85 592.812 -1.98321e-17
84 568.016 -1.98452e-17
83 536.39 -1.98446e-17
82 470.428 -1.98581e-17
81 348.737 -1.98665e-17
80 423.165 -1.98701e-17
79 348.942 -1.98737e-17
78 399.017 -1.98837e-17
77 314.241 -1.98865e-17
76 254.887 -1.9889e-17
75 309.557 -1.98932e-17
74 227.281 -1.99018e-17
73 190.241 -1.99041e-17
72 258.077 -1.99025e-17
71 224.654 -1.99076e-17
70 155.573 -1.9911e-17
69 174.023 -1.99112e-17
68 113.706 -1.99179e-17
67 148.336 -1.99175e-17
66 127.42 -1.99199e-17
65 104.81 -1.99202e-17
64 94.3749 -1.99231e-17
63 77.6768 -1.99238e-17
62 77.106 -1.99246e-17
61 95.7596 -1.99245e-17
60 55.4448 -1.9928e-17
59 43.9936 -1.99287e-17
58 39.9758 -1.99295e-17
57 38.0035 -1.99283e-17
56 31.5884 -1.993e-17
55 34.2442 -1.99291e-17
54 17.5826 -1.99305e-17
53 20.8478 -1.99306e-17
52 14.5324 -1.9931e-17
51 11.4475 -1.99312e-17
50 11.8353 -1.99312e-17
49 7.5302 -1.99315e-17
48 5.24242 -1.99317e-17
47 0.0814613 -1.9932e-17
46 2.94113 -1.99318e-17
45 5.21061 -1.99317e-17
44 4.15001 -1.99318e-17
43 8.01778 -1.99316e-17
42 4.16649 -1.99318e-17
41 -0.0745361 -1.9932e-17
40 2.1323 -1.99319e-17
39 -0.0823768 -1.9932e-17
38 -0.0867695 -1.9932e-17
37 -0.0915231 -1.9932e-17
36 -0.0966783 -1.9932e-17
35 2.87548 -1.99319e-17
34 -0.108387 -1.9932e-17
33 -0.115055 -1.9932e-17
32 -0.122359 -1.9932e-17
31 -0.13038 -1.9932e-17
30 -0.139217 -1.9932e-17
29 -0.148984 -1.9932e-17
28 -0.159815 -1.9932e-17
27 -0.171873 -1.9932e-17
26 -0.185348 -1.9932e-17
25 -0.200472 -1.9932e-17
24 -0.217526 -1.9932e-17
23 -0.236853 -1.9932e-17
22 -0.258874 -1.9932e-17
21 -0.284116 -1.9932e-17
20 -0.313238 -1.9932e-17
19 -0.347078 -1.9932e-17
18 -0.386713 -1.9932e-17
17 -0.433547 -1.9932e-17
16 -0.489434 -1.9932e-17
15 -0.556867 -1.9932e-17
14 -0.639261 -1.9932e-17
13 -0.741391 -1.9932e-17
12 -0.870105 -1.9932e-17
11 -1.0355 -1.9932e-17
10 -1.25295 -1.9932e-17
9 -1.54685 -1.9932e-17
8 -1.95774 -1.9932e-17
7 -2.55704 -1.9932e-17
6 -3.48042 -1.9932e-17
5 -5.01181 -1.9932e-17
4 -7.83095 -1.9932e-17
3 -13.9217 -1.9932e-17
2 -31.3238 -1.9932e-17
1 -125.295 -1.9932e-17
