600 81.7885 -6.28556e-19
599 73.8597 -6.34718e-19
598 74.9674 -6.31956e-19
597 79.4189 -6.32516e-19
596 72.2543 -6.29995e-19
595 78.7088 -6.37531e-19
594 74.8152 -6.3866e-19
593 79.5808 -6.41781e-19
592 80.5129 -6.4435e-19
591 84.8808 -6.38633e-19
590 81.5825 -6.42209e-19
589 86.3241 -6.40873e-19
588 80.8248 -6.44724e-19
587 82.7055 -6.45446e-19
586 79.9798 -6.43664e-19
585 84.8957 -6.49673e-19
584 81.6507 -6.40745e-19
583 83.8126 -6.48524e-19
582 84.2304 -6.46984e-19
581 86.223 -6.54659e-19
580 80.4425 -6.49189e-19
579 82.5199 -6.5635e-19
578 86.1651 -6.51471e-19
577 96.0792 -6.57085e-19
576 87.0495 -6.61e-19
575 76.6516 -6.56253e-19
574 86.9051 -6.56236e-19
573 84.6432 -6.5571e-19
572 89.5068 -6.63436e-19
571 90.5649 -6.67624e-19
570 85.4002 -6.63773e-19
569 87.8465 -6.65038e-19
568 87.3877 -6.67658e-19
567 87.3788 -6.66479e-19
566 90.549 -6.69876e-19
565 92.3041 -6.65537e-19
564 86.6967 -6.74478e-19
563 89.3336 -6.74111e-19
562 88.0491 -6.72605e-19
561 83.5703 -6.73766e-19
560 87.8039 -6.7148e-19
559 95.8294 -6.82211e-19
558 95.3366 -6.84114e-19
557 88.0572 -6.78026e-19
556 91.2346 -6.72244e-19
555 92.5803 -6.86647e-19
554 96.6579 -6.87137e-19
553 88.9251 -6.83058e-19
552 92.8949 -6.93318e-19
551 92.6459 -6.87746e-19
550 93.7782 -6.86036e-19
549 99.4094 -6.98363e-19
548 96.5793 -6.89931e-19
547 99.6346 -6.93322e-19
546 97.5194 -6.95815e-19
545 92.21 -6.97095e-19
544 95.5148 -6.98343e-19
543 101.573 -7.02127e-19
542 100.011 -6.98665e-19
541 99.5224 -7.01291e-19
540 95.0725 -7.03844e-19
539 100.071 -7.00933e-19
538 100.337 -7.03347e-19
537 94.073 -7.09422e-19
536 105.588 -7.11346e-19
535 103.142 -7.08193e-19
534 102.992 -7.1893e-19
533 103.791 -7.19465e-19
532 109.846 -7.16028e-19
531 107.777 -7.14635e-19
530 97.7714 -7.14891e-19
529 103.7 -7.16056e-19
528 104.508 -7.18832e-19
527 102.729 -7.19042e-19
526 103.789 -7.28316e-19
525 107.096 -7.28587e-19
524 96.3091 -7.26785e-19
523 109.851 -7.31404e-19
522 107.286 -7.21623e-19
521 108.91 -7.31283e-19
520 109.781 -7.40579e-19
519 117.294 -7.3638e-19
518 107.279 -7.32339e-19
517 97.2392 -7.36075e-19
516 110.598 -7.41659e-19
515 111.703 -7.4463e-19
514 103.657 -7.37621e-19
513 105.374 -7.39628e-19
512 109.002 -7.42438e-19
511 117.18 -7.39178e-19
510 115.711 -7.46453e-19
509 113.899 -7.42687e-19
508 113.802 -7.53248e-19
507 111.409 -7.5712e-19
506 104.851 -7.51266e-19
505 106.647 -7.54581e-19
504 115.889 -7.57943e-19
503 123.141 -7.60095e-19
502 117.248 -7.59451e-19
501 114.743 -7.54634e-19
500 111.308 -7.60415e-19
499 118.069 -7.62603e-19
498 118.806 -7.60849e-19
497 112.022 -7.67657e-19
496 119.828 -7.70642e-19
495 103.747 -7.69731e-19
494 119.006 -7.71843e-19
493 121.79 -7.69146e-19
492 120.188 -7.75756e-19
491 123.985 -7.7484e-19
490 117.536 -7.76052e-19
489 125.818 -7.78285e-19
488 119.415 -7.83323e-19
487 124.688 -7.85947e-19
486 118.059 -7.8532e-19
485 132.524 -7.87969e-19
484 127.096 -7.86859e-19
483 126.831 -7.92408e-19
482 130.353 -7.87459e-19
481 123.379 -7.905e-19
480 118.832 -8.02011e-19
479 121.462 -7.93562e-19
478 136.143 -7.96182e-19
477 125.53 -7.93477e-19
476 122.613 -8.03256e-19
475 121.987 -8.05224e-19
474 123.047 -8.1032e-19
473 143.176 -8.16344e-19
472 131.982 -8.08067e-19
471 133.691 -8.15699e-19
470 126.498 -8.10868e-19
469 127.181 -8.13478e-19
468 125.118 -8.1446e-19
467 135.796 -8.27563e-19
466 127.715 -8.16615e-19
465 138.443 -8.19867e-19
464 137.283 -8.21755e-19
463 139.674 -8.25678e-19
462 134.416 -8.31334e-19
461 137.797 -8.26793e-19
460 140.561 -8.29907e-19
459 140.031 -8.32938e-19
458 139.626 -8.38115e-19
457 148.071 -8.45844e-19
456 147.75 -8.38079e-19
455 132.859 -8.43845e-19
454 143.664 -8.41382e-19
453 142.395 -8.43635e-19
452 141.373 -8.53935e-19
451 140.649 -8.56163e-19
450 145.463 -8.558e-19
449 143.796 -8.57976e-19
448 144.162 -8.53037e-19
447 150.121 -8.59287e-19
446 146.709 -8.56996e-19
445 148.479 -8.65666e-19
444 145.786 -8.72033e-19
443 152.188 -8.66145e-19
442 157.879 -8.73711e-19
441 158.994 -8.6446e-19
440 168.409 -8.73574e-19
439 162.094 -8.73283e-19
438 167.866 -8.81647e-19
437 162.397 -8.80828e-19
436 166.112 -8.81158e-19
435 155.601 -8.75104e-19
434 163.357 -8.95344e-19
433 145.931 -8.84668e-19
432 162.844 -8.92176e-19
431 184.693 -8.90448e-19
430 163.325 -9.02124e-19
429 171.7 -8.98656e-19
428 164.494 -8.99891e-19
427 165.624 -9.02187e-19
426 173.941 -9.09961e-19
425 166.737 -9.13536e-19
424 172.952 -9.09048e-19
423 176.588 -9.13696e-19
422 174.552 -9.08363e-19
421 153.548 -9.2011e-19
420 169.352 -9.182e-19
419 160.823 -9.19383e-19
418 177.063 -9.25029e-19
417 162.253 -9.26426e-19
416 177.191 -9.27255e-19
415 200.436 -9.3267e-19
414 171.189 -9.29008e-19
413 174.344 -9.31533e-19
412 172.198 -9.3271e-19
411 176.019 -9.35362e-19
410 182.99 -9.41808e-19
409 181.512 -9.4508e-19
408 181.841 -9.49789e-19
407 183.292 -9.50744e-19
406 190.914 -9.55555e-19
405 179.91 -9.56512e-19
404 184.966 -9.60927e-19
403 203.217 -9.61387e-19
402 193.968 -9.65628e-19
401 191.213 -9.59925e-19
400 194.098 -9.67359e-19
399 196.901 -9.79597e-19
398 203.634 -9.73691e-19
397 205.929 -9.74695e-19
396 198.844 -9.79915e-19
395 184.745 -9.87091e-19
394 203.645 -9.93301e-19
393 201.937 -9.9422e-19
392 200.448 -9.83698e-19
391 203.557 -9.9453e-19
390 210.759 -9.90522e-19
389 198.32 -9.9942e-19
388 207.675 -1.00203e-18
387 194.609 -1.00384e-18
386 203.799 -1.00423e-18
385 216.232 -1.01553e-18
384 202.241 -1.01498e-18
383 224.273 -1.01273e-18
382 199.21 -1.01264e-18
381 211.986 -1.01932e-18
380 216.029 -1.03511e-18
379 200.005 -1.02663e-18
378 203.301 -1.02863e-18
377 225.557 -1.03328e-18
376 224.327 -1.03761e-18
375 231.981 -1.04602e-18
374 201.907 -1.04698e-18
373 226.705 -1.05037e-18
372 218.457 -1.04667e-18
371 225.806 -1.05201e-18
370 223.421 -1.0553e-18
369 218.015 -1.05637e-18
368 212.963 -1.06498e-18
367 234.332 -1.05325e-18
366 244.26 -1.07604e-18
365 249.532 -1.06941e-18
364 259.448 -1.08241e-18
363 242.314 -1.07906e-18
362 235.264 -1.08868e-18
361 258.127 -1.08807e-18
360 234.378 -1.09638e-18
359 258.375 -1.09843e-18
358 252.094 -1.09183e-18
357 250.699 -1.10027e-18
356 251.09 -1.10308e-18
355 262.915 -1.1093e-18
354 249.799 -1.10219e-18
353 259.267 -1.10987e-18
352 253.274 -1.11108e-18
351 254.284 -1.11855e-18
350 241.226 -1.1242e-18
349 251.553 -1.12203e-18
348 277.476 -1.12706e-18
347 300.922 -1.13336e-18
346 277.249 -1.13308e-18
345 278.241 -1.13651e-18
344 292.526 -1.15384e-18
343 268.372 -1.14936e-18
342 302.483 -1.15246e-18
341 272.615 -1.15678e-18
340 324.533 -1.16752e-18
339 253.707 -1.16788e-18
338 304.996 -1.15835e-18
337 319.849 -1.17428e-18
336 296.756 -1.17655e-18
335 327.613 -1.18249e-18
334 292.356 -1.18462e-18
333 305.086 -1.19726e-18
332 263.824 -1.19491e-18
331 324.685 -1.19459e-18
330 311.227 -1.19342e-18
329 285.36 -1.20263e-18
328 316.338 -1.2166e-18
327 304.129 -1.22035e-18
326 293.647 -1.22055e-18
325 319.162 -1.22285e-18
324 312.657 -1.22279e-18
323 330.564 -1.23032e-18
322 328.913 -1.23612e-18
321 377.822 -1.24553e-18
320 326.961 -1.25337e-18
319 370.33 -1.24843e-18
318 357.451 -1.26385e-18
317 349.617 -1.25681e-18
316 362.384 -1.26907e-18
315 360.121 -1.2693e-18
314 357.153 -1.2757e-18
313 336.856 -1.28381e-18
312 324.77 -1.28662e-18
311 341.805 -1.29619e-18
310 386.869 -1.29078e-18
309 365.534 -1.30547e-18
308 336.61 -1.30848e-18
307 358.881 -1.31864e-18
306 364.15 -1.31724e-18
305 342.744 -1.32215e-18
304 372.801 -1.31094e-18
303 399.6 -1.328e-18
302 370.386 -1.33073e-18
301 414.455 -1.34364e-18
300 369.738 -1.35088e-18
299 371.612 -1.33525e-18
298 380.153 -1.36919e-18
297 397.411 -1.36807e-18
296 419.64 -1.38009e-18
295 372.376 -1.3842e-18
294 420.971 -1.38984e-18
293 373.979 -1.38861e-18
292 415.779 -1.39383e-18
291 449.502 -1.40726e-18
290 391.602 -1.41114e-18
289 419.888 -1.40592e-18
288 424.49 -1.41826e-18
287 476.043 -1.42472e-18
286 449.454 -1.42834e-18
285 429.088 -1.43081e-18
284 432.122 -1.43758e-18
283 391.278 -1.4364e-18
282 437.881 -1.45709e-18
281 429.585 -1.45242e-18
280 484.194 -1.47425e-18
279 426.147 -1.47698e-18
278 502.289 -1.47754e-18
277 455.292 -1.49061e-18
276 447.848 -1.49428e-18
275 493.651 -1.48733e-18
274 504.186 -1.50495e-18
273 502.611 -1.51441e-18
272 469.211 -1.51364e-18
271 488.353 -1.52936e-18
270 567.802 -1.54069e-18
269 461.466 -1.52896e-18
268 492.201 -1.54423e-18
267 552.64 -1.56014e-18
266 496.641 -1.56008e-18
265 547.726 -1.568e-18
264 512.19 -1.58178e-18
263 530.178 -1.56692e-18
262 679.019 -1.58299e-18
261 517.842 -1.60131e-18
260 633.046 -1.60117e-18
259 565.806 -1.61552e-18
258 607.753 -1.62363e-18
257 529.654 -1.62471e-18
256 571.945 -1.63488e-18
255 578.624 -1.64718e-18
254 640.878 -1.65187e-18
253 686.028 -1.67878e-18
252 633.305 -1.67754e-18
251 614.013 -1.6842e-18
250 557.217 -1.68441e-18
249 591.012 -1.7049e-18
248 600.02 -1.70003e-18
247 694.886 -1.70884e-18
246 623.379 -1.74414e-18
245 680.251 -1.73616e-18
244 722.09 -1.74007e-18
243 657.481 -1.75252e-18
242 712.235 -1.76322e-18
241 801.215 -1.77162e-18
240 675.045 -1.77864e-18
239 636.795 -1.79815e-18
238 697.133 -1.80206e-18
237 709.221 -1.82358e-18
236 900.47 -1.82417e-18
235 780.309 -1.83524e-18
234 780.095 -1.84177e-18
233 818.819 -1.87066e-18
232 800.027 -1.8657e-18
231 740.818 -1.88074e-18
230 781.46 -1.91704e-18
229 799.91 -1.91705e-18
228 871.977 -1.9194e-18
227 812.678 -1.92509e-18
226 788.917 -1.94045e-18
225 911.409 -1.95823e-18
224 930.579 -1.97043e-18
223 911.098 -1.97937e-18
222 975.636 -1.97765e-18
221 817.303 -2.01105e-18
220 906.818 -2.01377e-18
219 1038.53 -2.04262e-18
218 1037.54 -2.05663e-18
217 959.495 -2.06381e-18
216 942.99 -2.08263e-18
215 1001.23 -2.08449e-18
214 1102.88 -2.09042e-18
213 1075.76 -2.12462e-18
212 1110.72 -2.14056e-18
211 1277.85 -2.13621e-18
210 875.488 -2.17926e-18
209 1158.01 -2.18096e-18
208 1065.42 -2.18271e-18
207 1085.2 -2.19205e-18
206 1310.64 -2.21267e-18
205 1242.71 -2.25719e-18
204 1430.02 -2.25669e-18
203 1323.14 -2.27509e-18
202 1281.59 -2.30955e-18
201 1423.98 -2.3196e-18
200 1247.32 -2.35069e-18
199 1711.51 -2.35404e-18
198 1373.97 -2.38106e-18
197 1206.89 -2.37274e-18
196 1325.72 -2.4216e-18
195 1552.32 -2.44252e-18
194 1406.55 -2.47141e-18
193 1593.43 -2.48527e-18
192 1270.31 -2.49579e-18
191 1536.45 -2.53514e-18
190 1947.13 -2.54131e-18
189 1362.82 -2.55145e-18
188 2323.32 -2.59803e-18
187 1691.08 -2.59116e-18
186 1775.17 -2.64429e-18
185 1920.25 -2.67541e-18
184 2087.36 -2.68358e-18
183 2529.91 -2.69112e-18
182 2123.83 -2.78875e-18
181 1954.15 -2.74569e-18
180 2804 -2.81216e-18
179 2547.02 -2.87504e-18
178 2215.22 -2.8367e-18
177 2302.62 -2.86967e-18
176 2827.36 -2.93115e-18
175 2520.01 -2.98627e-18
174 2127.91 -3.03355e-18
173 2049.23 -2.98833e-18
172 2358.68 -3.06183e-18
171 3361.36 -3.18912e-18
170 2359.96 -3.08943e-18
169 3157.47 -3.17741e-18
168 3193.66 -3.28634e-18
167 2166.93 -3.50444e-18
166 6135.35 -3.37149e-18
165 3719.99 -3.538e-18
164 4311.85 -3.53206e-18
163 4443.56 -3.67677e-18
162 4130.71 -3.72406e-18
161 3579.59 -3.70463e-18
160 2951.21 -3.83003e-18
159 1907.12 -3.8553e-18
158 2901.03 -3.93231e-18
157 2440.11 -3.99384e-18
156 2415.62 -4.06847e-18
155 2539.79 -4.02726e-18
154 2598.01 -4.12324e-18
153 2102.63 -4.11989e-18
152 2662.06 -4.17738e-18
151 1978.64 -4.23121e-18
150 1971.42 -4.23811e-18
149 1941.34 -4.25527e-18
148 2682.18 -4.28487e-18
147 1876.69 -4.30106e-18
146 1872.71 -4.33011e-18
145 1810.23 -4.37977e-18
144 1859.65 -4.39138e-18
143 1720.71 -4.41062e-18
142 1601.63 -4.44067e-18
141 1610.81 -4.45977e-18
140 1805.07 -4.4878e-18
139 1473.18 -4.51703e-18
138 1423.94 -4.52771e-18
137 1099.74 -4.54865e-18
136 1299.19 -4.5668e-18
135 1235.7 -4.57751e-18
134 1269.95 -4.60446e-18
133 1258.55 -4.61853e-18
132 1024.07 -4.63266e-18
131 1226.47 -4.63845e-18
130 1322.09 -4.66866e-18
129 1105.31 -4.68801e-18
128 991.379 -4.69663e-18
127 996.607 -4.71193e-18
126 827.253 -4.72106e-18
125 663.645 -4.74498e-18
124 876.312 -4.74308e-18
123 846.012 -4.75877e-18
122 676.729 -4.76684e-18
121 889.483 -4.78208e-18
120 752.733 -4.79272e-18
119 713.336 -4.7946e-18
118 669.751 -4.81173e-18
117 710.395 -4.81929e-18
116 760.808 -4.82843e-18
115 667.233 -4.8465e-18
114 592.59 -4.84697e-18
113 594.237 -4.85763e-18
112 580.158 -4.8654e-18
111 487.042 -4.879e-18
110 538.053 -4.88151e-18
109 566.592 -4.88667e-18
108 543.352 -4.89216e-18
107 461.525 -4.90058e-18
106 483.655 -4.90356e-18
105 375.754 -4.91578e-18
104 362.227 -4.92151e-18
103 379.193 -4.92438e-18
102 366.925 -4.93205e-18
101 323.598 -4.93527e-18
100 304.939 -4.94036e-18
99 314.416 -4.94482e-18
98 332.619 -4.94524e-18
97 328.534 -4.95028e-18
96 315.564 -4.95574e-18
95 283.802 -4.95734e-18
94 220.042 -4.96391e-18
93 229.165 -4.96809e-18
92 240.763 -4.97167e-18
91 195.386 -4.97311e-18
90 212.801 -4.97668e-18
89 204.188 -4.97973e-18
88 161.752 -4.98233e-18
87 166.976 -4.98428e-18
86 123.076 -4.98848e-18
85 136.904 -4.98843e-18
84 145.542 -4.98863e-18
83 128.865 -4.99004e-18
82 108.928 -4.99432e-18
81 117.626 -4.99457e-18
80 87.4365 -4.99739e-18
79 119.757 -4.99634e-18
78 91.9835 -4.9982e-18
77 96.0402 -4.99878e-18
76 78.022 -5.00136e-18
75 74.7229 -5.00237e-18
74 66.5585 -5.00374e-18
73 77.5689 -5.00355e-18
72 58.8674 -5.00495e-18
71 52.6209 -5.00554e-18
70 43.4818 -5.00697e-18
69 36.7104 -5.00704e-18
68 40.1103 -5.00813e-18
67 33.9684 -5.00873e-18
66 41.2386 -5.00793e-18
65 20.7691 -5.01004e-18
64 25.8891 -5.00956e-18
63 21.7964 -5.00972e-18
62 21.2136 -5.00999e-18
61 16.5847 -5.01058e-18
60 13.8471 -5.01086e-18
59 12.0073 -5.011e-18
58 9.95494 -5.01126e-18
57 7.68961 -5.01138e-18
56 10.2033 -5.0113e-18
55 7.20199 -5.01144e-18
54 2.54399 -5.01182e-18
53 5.59998 -5.01161e-18
52 6.37828 -5.01158e-18
51 2.66095 -5.01183e-18
50 2.60249 -5.01186e-18
49 0.960893 -5.01194e-18
48 1.71711 -5.0119e-18
47 2.33769 -5.01187e-18
46 0.52986 -5.01197e-18
45 0.971379 -5.01195e-18
44 -0.00248296 -5.012e-18
43 0.197285 -5.01199e-18
42 -0.00272507 -5.012e-18
41 -0.00285962 -5.012e-18
40 -0.00300438 -5.012e-18
39 -0.000732215 -5.012e-18
38 -0.00332896 -5.012e-18
37 -0.00351133 -5.012e-18
36 0.12369 -5.012e-18
35 -0.00392409 -5.012e-18
34 -0.00415832 -5.012e-18
33 -0.00441416 -5.012e-18
32 -0.00469435 -5.012e-18
31 -0.0050021 -5.012e-18
30 -0.00534113 -5.012e-18
29 -0.00571583 -5.012e-18
28 -0.0061314 -5.012e-18
27 -0.00659399 -5.012e-18
26 -0.00711097 -5.012e-18
25 -0.00769122 -5.012e-18
24 -0.00834551 -5.012e-18
23 -0.00908699 -5.012e-18
22 -0.00993185 -5.012e-18
21 -0.0109003 -5.012e-18
20 -0.0120175 -5.012e-18
19 -0.0133158 -5.012e-18
18 -0.0148365 -5.012e-18
17 -0.0166333 -5.012e-18
16 -0.0187774 -5.012e-18
15 -0.0213645 -5.012e-18
14 -0.0245256 -5.012e-18
13 -0.0284439 -5.012e-18
12 -0.0333821 -5.012e-18
11 -0.0397274 -5.012e-18
10 -0.0480702 -5.012e-18
9 -0.0593459 -5.012e-18
8 -0.0751096 -5.012e-18
7 -0.0981024 -5.012e-18
6 -0.133528 -5.012e-18
5 -0.192281 -5.012e-18
4 -0.300438 -5.012e-18
3 -0.534113 -5.012e-18
2 -1.20175 -5.012e-18
1 -4.80702 -5.012e-18
