3000 86101.2 -3.57534e-17
2999 542.035 -1.01489e-18
2998 661.073 -4.90125e-19
2997 1313.97 2.47547e-18
2996 400.584 -2.36284e-18
2995 197.879 -4.12969e-20
2994 602.59 -8.59163e-19
2993 810.149 -1.41205e-18
2992 212.767 -6.68655e-20
2991 226.812 -5.91249e-20
2990 411.452 -1.76513e-18
2989 706.302 -1.23586e-18
2988 773.163 2.93272e-18
2987 559.795 -9.74156e-20
2986 201.192 -9.75098e-19
2985 486.726 -9.1023e-19
2984 752.666 1.8666e-18
2983 463.091 -3.44e-24
2982 1160.33 6.66082e-19
2981 429.233 -1.8389e-18
2980 1242.46 2.64099e-18
2979 589.62 4.32847e-19
2978 420.865 7.53521e-19
2977 300.296 2.25359e-19
2976 266.744 -1.73841e-19
2975 942.358 -9.27769e-19
2974 1107.99 2.86548e-18
2973 1444.18 -2.28612e-18
2972 395.831 1.29213e-18
2971 439.637 -4.24359e-19
2970 1923.1 3.56806e-19
2969 943.424 2.42744e-18
2968 384.943 -1.50284e-19
2967 1113.24 5.60715e-19
2966 811.272 -1.42377e-18
2965 1885.47 2.1211e-18
2964 341.986 1.87469e-19
2963 884.55 -3.15934e-18
2962 171.913 -2.41234e-19
2961 441.519 4.86265e-19
2960 601.306 -1.64012e-18
2959 954.919 -3.82961e-19
2958 799.789 -5.58337e-19
2957 1877.42 2.90341e-18
2956 302.314 4.69884e-19
2955 1250.7 -1.42737e-18
2954 599.165 -8.65866e-19
2953 1065.12 1.1899e-18
2952 772.316 3.12826e-20
2951 283.838 8.27206e-19
2950 592.089 -3.88021e-19
2949 358.074 -1.03207e-18
2948 473.187 8.64568e-19
2947 964.55 -1.18466e-18
2946 578.478 -1.76353e-18
2945 400.744 -1.24703e-18
2944 515.816 2.292e-18
2943 317.311 2.69941e-21
2942 420.723 -2.02612e-19
2941 1972.03 -3.02987e-19
2940 308.849 -9.30274e-19
2939 521.041 -4.82526e-20
2938 480.163 5.46715e-19
2937 471.968 2.35638e-18
2936 1225.39 -2.55196e-19
2935 877.558 -6.72708e-19
2934 668.023 -9.35705e-19
2933 350.388 -8.92514e-19
2932 381.636 -1.25412e-18
2931 549.2 9.04731e-20
2930 273.514 1.41268e-18
2929 214.388 -6.45471e-19
2928 398.514 -4.63378e-19
2927 354.99 6.55846e-19
2926 683.879 -6.80519e-19
2925 211.592 -1.55251e-18
2924 281.477 -7.85465e-20
2923 729.434 -3.89123e-19
2922 249.955 -4.56216e-19
2921 508.767 1.20124e-18
2920 383.372 -1.29204e-18
2919 157.042 -7.65741e-19
2918 701.911 1.1147e-18
2917 428.859 1.53258e-18
2916 582.377 -6.10183e-19
2915 837.385 6.78876e-19
2914 1291.22 1.61041e-18
2913 268.928 5.08472e-19
2912 640.659 -1.20104e-18
2911 535.652 -1.35628e-19
2910 565.284 1.07511e-18
2909 571.338 -6.55832e-19
2908 686.017 -1.03654e-18
2907 621.063 3.46269e-19
2906 191.77 9.81007e-19
2905 1097.29 -2.77985e-18
2904 604.216 -4.43686e-19
2903 903.159 3.0817e-19
2902 861.686 -2.91046e-19
2901 548.627 2.07799e-18
2900 237.523 2.96556e-19
2899 410.422 -8.84102e-19
2898 635.412 -1.49961e-18
2897 586.628 3.71547e-19
2896 490.595 3.05982e-19
2895 435.521 -1.7511e-18
2894 518.092 4.70965e-19
2893 710.9 -9.11674e-19
2892 768.555 9.01154e-19
2891 453.617 4.16657e-19
2890 505.369 1.1059e-18
2889 566.867 -1.15143e-18
2888 331.207 1.70157e-20
2887 230.536 -6.36738e-19
2886 458.706 9.88702e-19
2885 654.305 -2.37961e-19
2884 808.207 4.3542e-19
2883 940.058 -3.19669e-19
2882 1747.03 2.20125e-18
2881 1090.94 -2.47968e-18
2880 588.203 -9.31055e-20
2879 854.156 1.54181e-19
2878 1915.68 2.15675e-18
2877 835.725 -4.18298e-19
2876 1213.6 -7.59295e-19
2875 1953.83 9.22103e-19
2874 672.234 1.23552e-18
2873 655.148 -8.5279e-19
2872 892.277 1.30415e-18
2871 596.26 -1.25435e-18
2870 594.196 7.34922e-20
2869 976.991 -1.38949e-18
2868 1282.24 1.56312e-18
2867 563.495 -1.25426e-18
2866 373.966 -9.33543e-19
2865 289.991 -6.05043e-19
2864 138.341 -1.01264e-18
2863 1221.06 3.44066e-18
2862 1913.41 -1.4669e-18
2861 781.133 -2.31087e-18
2860 1308.05 -1.08293e-18
2859 316.538 2.39172e-19
2858 1346.78 -2.03332e-18
2857 469.953 1.66672e-18
2856 310.974 -1.18362e-18
2855 330.932 5.54735e-19
2854 889.036 1.79915e-19
2853 465.075 -2.43777e-19
2852 1109.53 -5.85761e-19
2851 1579.45 2.26491e-18
2850 1021.04 1.06898e-18
2849 393.484 -1.14785e-18
2848 531.284 9.12147e-19
2847 471.93 2.90017e-18
2846 447.341 -5.98981e-19
2845 348.133 -3.69461e-19
2844 585.649 1.50052e-18
2843 435.337 -1.12969e-18
2842 437.356 7.0229e-20
2841 809.509 -1.91622e-19
2840 284.648 8.55012e-19
2839 374.317 1.04121e-18
2838 604.701 7.36733e-19
2837 261.4 -4.41088e-19
2836 1108.03 3.99538e-19
2835 1512.68 4.97898e-19
2834 1202.64 -8.59028e-19
2833 511.447 -1.46618e-18
2832 762.689 -9.67707e-19
2831 1012.11 2.14575e-18
2830 814.578 5.86939e-19
2829 509.3 -1.33782e-19
2828 171.225 1.371e-18
2827 611.528 -1.02475e-18
2826 1240.45 2.59439e-18
2825 667.343 -1.39741e-19
2824 1622.32 3.19265e-19
2823 342.184 -5.41969e-20
2822 867.035 2.24116e-18
2821 628.872 -3.57368e-19
2820 642.519 -1.33964e-18
2819 1636.82 2.52308e-18
2818 676.07 1.12519e-18
2817 1332.88 3.58302e-19
2816 1220.81 -1.94543e-18
2815 1034.36 1.23595e-18
2814 1427.84 -2.96378e-18
2813 647.432 -1.20498e-18
2812 287.072 -1.52954e-18
2811 214.56 8.632e-19
2810 643.529 -7.44662e-19
2809 1019.21 1.85238e-18
2808 1114.06 -1.21683e-18
2807 596.042 1.64658e-18
2806 581.354 -1.36167e-18
2805 1424.59 9.79568e-19
2804 1114.72 -2.23146e-19
2803 638.792 2.26479e-18
2802 835.439 -1.63768e-18
2801 884.58 1.48648e-18
2800 643.521 -1.86422e-18
2799 331.899 -1.3246e-18
2798 397.165 6.43342e-19
2797 604.62 -9.06624e-19
2796 487.859 5.8481e-19
2795 1319.34 -1.9585e-19
2794 410.388 -8.80932e-19
2793 1768.38 2.74696e-18
2792 849.216 -1.25825e-18
2791 1019.38 8.85888e-19
2790 1347.23 -2.1543e-18
2789 773.862 -1.07069e-19
2788 162.485 5.32104e-19
2787 459.632 -1.33259e-18
2786 564.384 -9.43683e-19
2785 1004.1 1.41901e-18
2784 931.222 6.80103e-19
2783 1288.37 3.34153e-18
2782 758.052 -8.83473e-19
2781 931.103 1.2189e-18
2780 1008.8 -1.86382e-18
2779 502.784 -2.05835e-18
2778 548.405 2.47254e-19
2777 1416.31 -4.48482e-19
2776 1164.47 -2.42844e-18
2775 371.048 1.61174e-18
2774 693.792 2.55973e-18
2773 967.52 -1.07256e-18
2772 1510.05 -6.2059e-19
2771 625.423 -4.40702e-19
2770 531.64 3.73266e-19
2769 518.184 1.18793e-19
2768 327.299 -1.40995e-18
2767 403.104 9.61054e-20
2766 406.187 5.31876e-19
2765 680.962 3.59838e-19
2764 481.85 7.23276e-19
2763 1088.22 -2.00718e-19
2762 1248.68 1.07542e-18
2761 444.924 -1.36301e-18
2760 798.53 2.21877e-18
2759 3516.83 -1.39496e-18
2758 824.83 2.76566e-19
2757 1892.29 2.72825e-18
2756 784.29 -1.06373e-18
2755 1024.93 1.45215e-18
2754 233.975 7.29343e-19
2753 913.418 -1.03779e-18
2752 1179.8 2.8479e-20
2751 822.523 -1.69057e-18
2750 1232.57 -8.06274e-19
2749 530.956 1.69561e-18
2748 385.394 -7.74657e-19
2747 1533.85 1.61352e-18
2746 940.354 2.61576e-18
2745 2253.69 -1.97728e-18
2744 558.257 1.47884e-18
2743 1597.22 -4.94986e-19
2742 1959.99 2.98323e-18
2741 400.66 -3.45415e-19
2740 418.493 2.11045e-18
2739 547.599 -1.38344e-18
2738 814.498 1.67358e-18
2737 1580.6 -2.74975e-18
2736 512.815 -7.84786e-19
2735 886.177 -1.50346e-18
2734 864.769 1.83544e-19
2733 2196.6 4.61946e-19
2732 2371.7 -3.01745e-18
2731 871.978 8.27548e-19
2730 817.526 4.08485e-19
2729 1536.79 2.07413e-18
2728 521.464 3.00317e-19
2727 867.288 1.55523e-18
2726 454.734 -2.15018e-18
2725 609.599 9.79623e-19
2724 1236.28 -1.08584e-18
2723 539.371 3.94652e-19
2722 447.965 -5.17933e-19
2721 622.622 3.13592e-19
2720 529.187 -5.8221e-19
2719 315.575 -3.4621e-19
2718 440.362 -5.62103e-19
2717 596.302 1.78972e-18
2716 568.696 7.1394e-19
2715 617.841 1.0186e-18
2714 3023.98 3.0124e-18
2713 1518.57 1.22983e-18
2712 378.032 8.1698e-19
2711 1359.45 2.04442e-18
2710 821.423 -1.37928e-18
2709 1512.42 2.46558e-18
2708 1630.02 -3.40225e-18
2707 676.096 -6.00812e-19
2706 976.447 9.19513e-19
2705 527.404 -1.1311e-18
2704 825.363 -1.66019e-19
2703 1070.04 1.91957e-18
2702 838.538 -2.43945e-18
2701 633.727 1.91919e-21
2700 990.42 -1.75252e-18
2699 718.196 -5.14252e-19
2698 930.375 2.31929e-18
2697 3651.6 -1.32224e-18
2696 812.296 4.31963e-19
2695 1341.35 -3.78295e-19
2694 294.508 9.30432e-19
2693 568.993 -6.97237e-19
2692 948.596 -1.71769e-18
2691 515.557 1.29753e-18
2690 1204.68 2.15473e-18
2689 1227.58 -3.69584e-19
2688 340.05 1.66478e-19
2687 564.792 3.1905e-19
2686 420.505 3.24996e-19
2685 1348.06 4.90871e-19
2684 447.657 1.48806e-18
2683 288.696 1.27606e-19
2682 554.253 -6.43784e-19
2681 625.84 4.7747e-20
2680 731.138 1.11292e-19
2679 577.162 -4.91426e-19
2678 3147.76 3.82875e-18
2677 295.155 3.14701e-19
2676 1128.41 -1.43483e-19
2675 659.482 -1.02172e-18
2674 497.099 -2.92625e-19
2673 2133.89 1.60078e-18
2672 358.743 2.39615e-19
2671 520.579 9.69665e-19
2670 559.102 2.03523e-18
2669 1305.94 -1.25322e-18
2668 493.61 -5.52491e-19
2667 1303.67 -1.71231e-18
2666 887.324 3.03003e-19
2665 766.941 1.50348e-18
2664 924.634 -1.33403e-19
2663 1138.24 -3.45018e-19
2662 574.651 1.13797e-18
2661 1271.63 -1.59801e-18
2660 838.929 1.05755e-18
2659 1074.03 2.03094e-18
2658 713.637 7.91995e-19
2657 540.862 4.64241e-19
2656 1886.51 3.05247e-18
2655 1254.77 -1.54092e-18
2654 1463.62 -3.25453e-18
2653 313.064 -6.33912e-19
2652 730.885 -2.54022e-20
2651 1948.98 -2.30856e-18
2650 1378.75 5.5397e-19
2649 486.049 1.13497e-18
2648 471.653 -1.4224e-18
2647 377.572 4.32125e-19
2646 846.794 -9.48963e-19
2645 537.263 -1.3163e-18
2644 520.942 1.87592e-18
2643 734.353 -5.012e-19
2642 932.358 1.53297e-18
2641 373.472 -6.8552e-19
2640 2853.97 7.77421e-19
2639 785.669 -5.76848e-19
2638 251.299 -2.01633e-19
2637 599.088 6.87938e-19
2636 1715.13 -2.46815e-18
2635 498.455 2.87812e-20
2634 1189.72 2.46831e-21
2633 335.718 6.19298e-19
2632 864.317 1.00614e-18
2631 799.633 -1.03398e-18
2630 2858.73 5.45906e-19
2629 327.614 -1.2968e-18
2628 704.078 -1.66547e-18
2627 405.552 -9.22292e-19
2626 634.304 8.31063e-19
2625 785.115 1.93084e-18
2624 634.803 1.4307e-18
2623 3487.77 -1.98784e-18
2622 473.716 4.98237e-19
2621 561.807 9.14257e-19
2620 1189.82 1.50527e-20
2619 888.972 1.49324e-19
2618 404.785 -2.6752e-19
2617 280.583 -8.34205e-19
2616 320.092 -3.75846e-19
2615 1359 -1.71102e-18
2614 615.363 -2.4387e-18
2613 533.387 1.38064e-19
2612 308.439 2.07472e-19
2611 729.66 1.86824e-18
2610 613.776 5.43269e-19
2609 461.847 -8.79284e-19
2608 763.427 -5.45105e-19
2607 646.403 1.32881e-18
2606 968.122 8.35157e-19
2605 1228.7 -1.87264e-18
2604 707.514 -1.77502e-19
2603 837.021 2.52468e-18
2602 501.294 -9.25558e-19
2601 1148.36 1.49172e-18
2600 457.277 2.47383e-18
2599 1309.51 -2.59402e-18
2598 1035.84 1.65875e-18
2597 799.258 -3.22266e-19
2596 2035.42 1.67605e-18
2595 936.863 6.09754e-19
2594 263.63 2.47831e-20
2593 1220.02 7.39572e-19
2592 430.872 -5.3372e-19
2591 932.866 1.16677e-18
2590 1326.61 5.36626e-19
2589 821.089 7.93576e-19
2588 1724.65 8.28403e-19
2587 685.684 -2.64031e-18
2586 528.441 6.49416e-19
2585 664.088 1.86438e-19
2584 686.538 -1.83205e-18
2583 612.332 -1.32941e-18
2582 881.091 -8.03815e-19
2581 1399.12 -1.85793e-19
2580 989.199 -1.5352e-18
2579 1149.1 -2.10925e-18
2578 288.821 6.79109e-19
2577 2048.63 2.34127e-18
2576 801.075 -7.85114e-19
2575 564.43 -7.26209e-19
2574 560.184 2.47747e-18
2573 373.07 4.00546e-19
2572 1421.19 -1.3036e-19
2571 1609.61 2.99075e-18
2570 746.141 -3.09549e-19
2569 546.22 -7.60549e-19
2568 628.572 1.80013e-19
2567 1163.63 -3.59733e-19
2566 1219.73 -3.36016e-20
2565 755.674 -3.363e-19
2564 759.388 7.18704e-19
2563 1224.7 1.48523e-19
2562 569.662 2.20826e-18
2561 1227.61 -1.46558e-18
2560 900.006 8.14968e-19
2559 1077.76 1.20904e-18
2558 892.006 7.63104e-19
2557 390.458 3.33098e-19
2556 1515.07 3.45922e-19
2555 1044.5 -1.53076e-18
2554 1758.02 2.38395e-18
2553 852.755 -1.55296e-18
2552 638.48 -2.12053e-18
2551 1290.52 1.31084e-18
2550 2375.4 1.86763e-18
2549 767.444 6.47871e-19
2548 467.946 -1.12805e-18
2547 1286.46 2.40164e-19
2546 676.154 -8.77113e-19
2545 2161.17 1.07416e-18
2544 2091.91 -2.41896e-18
2543 681.898 -7.09134e-20
2542 602.769 -6.48113e-19
2541 1222.73 -2.4293e-18
2540 1313.82 2.61748e-18
2539 530.877 1.43433e-18
2538 620.969 5.84413e-19
2537 837.957 -6.81255e-19
2536 598.657 6.85305e-19
2535 645.389 5.57332e-19
2534 540.549 1.9453e-19
2533 1016.74 -2.29798e-19
2532 1036.86 2.18504e-18
2531 1041.18 -4.82426e-19
2530 864.426 -9.92604e-19
2529 1092.49 -2.36955e-19
2528 500.837 -4.02135e-19
2527 442.558 1.83306e-19
2526 2196.51 8.68337e-19
2525 1227.51 4.97123e-19
2524 1587.5 1.35086e-18
2523 722.729 1.39654e-18
2522 338.409 -4.61116e-19
2521 597.575 -1.5651e-19
2520 279.563 -6.56974e-19
2519 1745.33 -1.08142e-18
2518 554.579 -8.15138e-19
2517 949.433 5.96858e-19
2516 898.31 1.68494e-19
2515 478.235 -1.06571e-18
2514 789.098 1.23504e-19
2513 983.282 -1.72991e-18
2512 1129.01 1.08183e-18
2511 3029.24 8.35166e-19
2510 1216.77 -2.51405e-18
2509 930.15 -1.31882e-18
2508 1132.62 6.16888e-19
2507 1188.75 -1.67681e-18
2506 883.481 -9.28636e-19
2505 1310.24 -1.93606e-18
2504 607.798 1.8934e-18
2503 721.385 2.11286e-18
2502 1251.97 -2.87418e-19
2501 789.528 -1.91315e-18
2500 825.791 1.18765e-18
2499 1184.59 2.83913e-18
2498 2085.71 -3.76608e-19
2497 1636.1 -4.2318e-20
2496 816.118 -4.30244e-19
2495 637.481 4.02644e-19
2494 1245.64 -1.23415e-18
2493 660.594 2.97807e-18
2492 438.598 1.64202e-18
2491 680.825 -1.57857e-18
2490 448.709 -1.08094e-18
2489 372.27 -4.24393e-19
2488 1215.73 2.72894e-18
2487 589.247 4.36377e-20
2486 428.048 8.96915e-20
2485 467.621 -4.32072e-19
2484 1159.07 8.48664e-19
2483 532.729 -1.51933e-19
2482 472.949 -8.78205e-19
2481 1342.69 2.46289e-18
2480 553.959 -2.86683e-19
2479 337.125 -1.51298e-18
2478 591.409 1.0848e-18
2477 900.926 -2.49217e-18
2476 1135.1 2.18041e-19
2475 1661.23 -1.81387e-18
2474 1989.86 -2.39856e-18
2473 662.797 1.12649e-18
2472 1966.87 8.33617e-19
2471 610.898 -8.49989e-19
2470 976.028 -4.2793e-19
2469 648.658 4.63532e-19
2468 1897.77 -8.08618e-19
2467 603.379 3.63788e-19
2466 1698.3 2.6103e-18
2465 1293.04 1.96314e-18
2464 1938.13 -2.15281e-18
2463 665.362 -7.79993e-19
2462 1343.73 2.32598e-18
2461 974.815 -1.31467e-18
2460 1000.21 1.06576e-18
2459 236.497 3.29096e-19
2458 1623.46 -5.53768e-19
2457 1032.81 7.97453e-19
2456 1886.4 -9.42525e-19
2455 667.549 -1.016e-18
2454 916.282 1.5985e-18
2453 3863.71 -6.47531e-19
2452 1016.81 2.42876e-18
2451 1031.93 -6.42635e-19
2450 5217.95 2.1844e-18
2449 1156.86 -1.65142e-18
2448 1257.2 7.26611e-19
2447 586.888 -1.97541e-18
2446 431.738 1.3694e-21
2445 684.458 -7.98852e-19
2444 2437.7 6.98363e-19
2443 2036.24 -6.85176e-19
2442 498.54 5.69744e-19
2441 654.355 -2.19451e-18
2440 328.301 1.21168e-20
2439 1136.56 4.72285e-19
2438 704.681 -1.18284e-18
2437 367.054 -1.89884e-18
2436 1251.9 4.61763e-19
2435 732.589 -8.43605e-19
2434 399.759 6.94773e-19
2433 298.639 -8.0793e-19
2432 838.239 -8.58207e-19
2431 664.261 5.73971e-19
2430 1188.4 -6.95236e-19
2429 664.372 -1.33494e-18
2428 1189.56 1.67062e-18
2427 278.228 -3.617e-20
2426 1695.61 1.93211e-19
2425 371.895 -1.63296e-18
2424 2470.03 3.39637e-19
2423 2219.25 -1.44325e-19
2422 2089.09 1.41893e-19
2421 657.21 -3.39761e-19
2420 553.503 3.53345e-19
2419 715.077 -6.23692e-19
2418 925.538 -1.6228e-18
2417 661.459 5.63288e-20
2416 1509.6 7.68922e-19
2415 1454.14 -1.09205e-19
2414 1365.93 3.19959e-18
2413 409.265 7.73747e-19
2412 508.581 8.63736e-19
2411 605.907 -8.90512e-19
2410 1961.99 7.75378e-19
2409 1092.48 -2.66016e-18
2408 569.158 4.76902e-19
2407 920.609 -1.18081e-18
2406 285.125 2.64205e-19
2405 667.233 -1.66904e-18
2404 975.94 1.01165e-18
2403 921.649 -1.15423e-18
2402 1137.52 8.26543e-19
2401 578.465 -8.89443e-19
2400 772.031 2.99654e-19
2399 532.203 -1.04256e-18
2398 450.412 5.33506e-19
2397 3022.2 2.30392e-18
2396 837.374 -5.08422e-19
2395 989.94 -6.71995e-19
2394 935.861 -8.23725e-21
2393 1221.45 6.48093e-19
2392 685.036 4.37844e-19
2391 1637.19 1.54658e-20
2390 1891.02 -1.99785e-18
2389 756.442 -1.12961e-18
2388 1312.61 1.79945e-18
2387 1166.69 3.22126e-19
2386 555.261 3.44646e-19
2385 465.883 -7.28732e-19
2384 1031.72 6.86254e-19
2383 1574.71 2.33254e-18
2382 476.119 -2.14951e-18
2381 1271.07 1.67076e-19
2380 1215.53 1.00055e-18
2379 376.242 -7.25192e-19
2378 449.963 -8.16376e-19
2377 1229.91 -5.01565e-19
2376 695.823 9.16543e-19
2375 565.089 -3.3656e-19
2374 2690.61 2.97434e-18
2373 450.753 1.75771e-18
2372 1224.94 3.99635e-20
2371 1940.03 3.20785e-18
2370 821.79 -2.91707e-18
2369 405.317 -3.9295e-20
2368 288.102 1.47617e-19
2367 2029.23 1.44452e-18
2366 381.587 -1.24809e-18
2365 1120.54 -1.01536e-18
2364 632.474 5.54092e-19
2363 500.141 -3.96083e-19
2362 1116.18 6.51226e-19
2361 515.366 1.24139e-18
2360 410.538 1.3125e-19
2359 616.89 -3.95352e-19
2358 1187.64 1.34143e-18
2357 1929.59 -1.04145e-18
2356 1386.75 2.05221e-18
2355 535.854 -1.6454e-19
2354 361.653 1.09936e-18
2353 1480.57 1.4211e-18
2352 552.791 -3.21436e-19
2351 1700.81 -9.01732e-19
2350 3052.5 -2.15629e-18
2349 3239.27 2.50339e-18
2348 1803.42 2.66331e-18
2347 1096.85 -1.35e-18
2346 637.606 -4.00196e-19
2345 878.371 -1.09427e-18
2344 1239.17 2.2557e-18
2343 1117.93 1.23017e-18
2342 964.886 -1.8408e-18
2341 608.86 -1.8173e-18
2340 879.194 1.87002e-18
2339 427.082 -2.86357e-19
2338 807.874 -4.11212e-19
2337 1050.71 9.66283e-19
2336 1366.49 -1.25734e-19
2335 3791.91 1.36335e-18
2334 1892.79 9.13613e-19
2333 649.712 1.51423e-18
2332 610.918 -1.6906e-19
2331 1809.93 -6.84073e-19
2330 477.283 1.69683e-18
2329 916.947 -2.65239e-19
2328 1997.6 7.45195e-19
2327 468.405 -2.08918e-18
2326 990.261 2.2382e-18
2325 950.802 4.71752e-19
2324 2084.06 2.43403e-18
2323 1052.87 -9.11448e-19
2322 690.854 1.33067e-18
2321 4552.47 -2.39682e-18
2320 819.745 8.45349e-19
2319 1479.49 1.13917e-18
2318 503.071 -9.12309e-20
2317 1030.82 4.80272e-19
2316 1830.83 1.18964e-18
2315 758.427 9.21369e-19
2314 756.237 2.2145e-20
2313 868.14 -3.90828e-19
2312 366.066 -3.50408e-19
2311 826.31 -1.4083e-19
2310 310.862 1.64664e-18
2309 1196.7 -1.2766e-18
2308 923.555 1.62538e-18
2307 537.619 -3.93577e-19
2306 3070.97 4.5655e-19
2305 745.016 -1.28661e-18
2304 3480.5 7.15827e-19
2303 317.494 1.01678e-18
2302 1189.94 -4.52328e-19
2301 848.311 5.13599e-19
2300 2113.38 -2.24728e-18
2299 1976.18 -2.95822e-18
2298 3324.63 3.00119e-18
2297 493.602 1.68269e-18
2296 789.212 1.11318e-20
2295 1165.38 6.70493e-19
2294 2106.86 -1.43673e-18
2293 982.043 5.42522e-19
2292 502.944 7.98449e-19
2291 1435.95 -5.14025e-19
2290 1372.76 3.18261e-18
2289 1347.02 1.30623e-19
2288 1063.63 -9.71405e-19
2287 3211.62 7.39997e-19
2286 437.938 -1.44412e-18
2285 1067.22 2.96015e-19
2284 2043.8 -1.21665e-18
2283 913.44 2.12395e-18
2282 1025.93 -2.37451e-18
2281 469.553 -9.72945e-19
2280 1202.01 7.58164e-21
2279 503.431 9.67783e-19
2278 1031.38 -2.60752e-18
2277 600.269 1.06004e-18
2276 2275.96 4.3262e-20
2275 1720.95 -1.97601e-18
2274 1081 6.75893e-19
2273 520.551 4.01591e-19
2272 831.742 1.0695e-18
2271 1121.45 -2.36001e-18
2270 844.11 8.68941e-19
2269 600.748 7.1011e-19
2268 424.53 2.11799e-18
2267 697.739 -2.02251e-19
2266 604.391 -1.80372e-19
2265 401.404 -6.48823e-19
2264 905.714 -3.16732e-19
2263 791.475 2.45802e-18
2262 777.494 1.14299e-18
2261 1717.87 -2.30411e-18
2260 825.33 -3.52847e-19
2259 985.767 4.08874e-18
2258 1116.86 1.49903e-19
2257 1718.62 9.1942e-19
2256 501.752 -1.71573e-18
2255 1456.14 4.70008e-19
2254 1575.65 -1.25639e-18
2253 1024.22 2.01762e-19
2252 544.939 -1.11549e-18
2251 388.632 -7.84235e-19
2250 696.108 3.01359e-19
2249 1319.74 7.81105e-19
2248 1214.07 -1.17069e-18
2247 404.519 -6.64145e-20
2246 178.131 -1.11371e-18
2245 916.905 -4.97596e-19
2244 623.937 1.25489e-18
2243 2558.76 -1.01907e-19
2242 833.597 -8.64771e-19
2241 437.826 5.13067e-19
2240 1285.29 -9.60049e-19
2239 833.175 -4.25185e-20
2238 1007.65 -6.10585e-19
2237 4871.49 2.06708e-18
2236 2957.55 -2.09374e-18
2235 1750.78 1.30833e-18
2234 900.439 -8.36688e-19
2233 1700.42 -9.87221e-19
2232 730.73 1.07502e-18
2231 968.215 1.67203e-18
2230 789.282 -5.21159e-19
2229 754.004 -8.19672e-19
2228 1524.31 -1.23117e-19
2227 1554.52 -3.80292e-19
2226 1358.79 1.38269e-19
2225 1564.61 1.23847e-18
2224 874.079 -2.0333e-19
2223 476.744 -5.55444e-19
2222 886.466 -1.12008e-18
2221 1249.97 8.49057e-19
2220 648.169 8.10578e-19
2219 742.378 -1.11175e-18
2218 1775.79 -2.53253e-18
2217 633.912 -1.48615e-18
2216 472.625 -6.76335e-20
2215 738.235 9.1181e-19
2214 1334.19 1.02644e-18
2213 2012.31 -2.8223e-18
2212 1074.51 1.01454e-18
2211 747.721 8.56702e-19
2210 778.326 8.46617e-19
2209 974.198 -1.98945e-18
2208 1557.41 2.31783e-18
2207 1566.79 1.03157e-18
2206 1105.68 4.98189e-19
2205 586.388 -4.79432e-19
2204 731.57 1.8266e-18
2203 2022.84 1.78682e-18
2202 1403.22 -1.56203e-18
2201 768.282 -1.07226e-19
2200 909.944 -6.29039e-19
2199 526.988 8.04564e-19
2198 198.37 2.379e-20
2197 2831.43 -1.80205e-18
2196 390.663 -4.58085e-19
2195 923.251 -1.49875e-18
2194 804.17 5.16856e-19
2193 2470.75 -3.02377e-19
2192 1250.82 -1.94379e-18
2191 1077.56 5.25705e-20
2190 515.92 -6.09933e-19
2189 1567.71 -1.60884e-18
2188 1484.7 -2.07128e-18
2187 1350.36 -2.24433e-19
2186 1054.05 -7.07762e-19
2185 567.343 -7.84418e-19
2184 752.891 5.33987e-19
2183 1914.75 3.76662e-19
2182 1074.53 -7.67069e-19
2181 3030.03 1.36546e-18
2180 1095.17 -8.62162e-19
2179 323.309 -2.33166e-19
2178 3299.77 -5.49626e-20
2177 1175.31 -1.23055e-18
2176 378.566 6.18293e-19
2175 540.804 1.12595e-18
2174 253.449 -5.26474e-19
2173 1523.61 -1.03034e-18
2172 457.95 8.26022e-19
2171 2415.31 -2.38196e-18
2170 676.077 -2.44904e-19
2169 1838.18 2.51474e-19
2168 1739.3 -5.92923e-19
2167 952.468 -1.39088e-18
2166 2405.89 2.44792e-18
2165 571.539 1.43947e-19
2164 705.868 1.53004e-18
2163 669.658 -1.08384e-18
2162 2548.58 -2.07146e-18
2161 2922.29 2.16036e-18
2160 2027.36 -3.13413e-18
2159 1718.31 2.70567e-18
2158 713.019 1.94054e-19
2157 448.261 5.57276e-19
2156 1411.08 5.41866e-19
2155 664.129 4.6599e-19
2154 996.971 -1.21573e-18
2153 1543.93 7.46486e-19
2152 753.199 6.72651e-19
2151 3423.45 -8.75216e-19
2150 2059.99 3.08367e-18
2149 956.597 -5.73236e-19
2148 2019.1 -1.03478e-19
2147 722.486 -5.41968e-19
2146 1989.38 2.58838e-19
2145 3768.82 -3.06892e-18
2144 613.255 1.81681e-19
2143 1002.17 1.1917e-18
2142 688.647 1.9372e-18
2141 1585.83 -1.68182e-18
2140 1831.43 2.68552e-18
2139 978.785 -2.00083e-18
2138 2228.94 6.29883e-19
2137 2295.66 -1.71406e-18
2136 2925.55 -1.2215e-18
2135 504.594 3.31322e-19
2134 797.075 2.93778e-19
2133 4237.29 -3.03188e-19
2132 467.679 1.47667e-18
2131 733.088 1.49439e-19
2130 629.983 -1.3686e-18
2129 1761.2 -4.86593e-19
2128 1708.11 -2.13208e-19
2127 958.919 -2.02009e-18
2126 4505.63 -2.99027e-18
2125 823.433 6.50843e-19
2124 1142.58 -1.03713e-19
2123 1947.55 -1.35939e-18
2122 334.499 8.45091e-19
2121 788.965 1.00837e-20
2120 975.239 -6.8588e-20
2119 577.424 -6.68188e-19
2118 1581.43 9.6728e-19
2117 1970.13 7.74778e-19
2116 1824.31 2.89663e-18
2115 957.352 -7.6944e-19
2114 1590.26 -2.02919e-18
2113 692.105 1.33064e-18
2112 2604.58 -1.68276e-18
2111 1033.92 1.04215e-18
2110 995.379 -1.98749e-18
2109 1335.55 1.11139e-19
2108 1325.4 -9.72174e-19
2107 496.449 3.55973e-19
2106 619.005 1.55572e-19
2105 880.359 -1.73479e-18
2104 1119.91 1.14685e-18
2103 2378.72 3.24036e-19
2102 1748.3 -2.19476e-19
2101 660.914 3.46215e-19
2100 2514.5 1.53512e-18
2099 1923.62 -2.1122e-18
2098 1274.68 -1.05451e-18
2097 1057.88 -1.51625e-18
2096 1994.41 1.08343e-19
2095 1451.16 -2.12377e-18
2094 938.572 5.17895e-19
2093 760.786 -1.02691e-18
2092 4915.6 2.39051e-18
2091 3142.29 -6.71209e-19
2090 1206.43 5.60551e-19
2089 1795.77 1.90254e-18
2088 593.427 -1.14734e-18
2087 889.281 -6.77395e-19
2086 2665.88 1.19674e-18
2085 949.474 4.95799e-19
2084 503.865 3.15092e-19
2083 722.761 6.08753e-19
2082 709.822 -4.82755e-19
2081 1948.12 1.81419e-19
2080 411.624 2.93804e-19
2079 861.341 4.10845e-19
2078 1506.75 -1.89903e-18
2077 959.786 2.63516e-18
2076 2275.98 -3.01293e-18
2075 872.181 -3.1552e-19
2074 497.963 4.73061e-19
2073 1470.51 3.64223e-19
2072 1044.24 2.2371e-19
2071 1105.35 -5.64352e-19
2070 963.431 7.20989e-19
2069 1221.09 1.07201e-19
2068 1225.71 -1.05089e-18
2067 588.17 1.41181e-18
2066 904.229 -6.88961e-19
2065 1247.64 1.75634e-19
2064 2952.04 -1.81409e-19
2063 484.778 -1.0525e-18
2062 1446.19 5.29439e-19
2061 1896.21 -1.76083e-18
2060 1296.79 2.02869e-18
2059 556.775 -3.25184e-19
2058 1006.32 4.22944e-20
2057 2482.67 2.05421e-18
2056 741.304 -5.90436e-19
2055 752.761 -2.44996e-19
2054 653.753 2.40632e-18
2053 2418.91 -2.82714e-18
2052 1014.64 1.64252e-18
2051 587.839 1.31903e-18
2050 4003.91 -4.62285e-19
2049 1046.7 -2.31935e-18
2048 2639.22 1.59182e-18
2047 1734.91 -2.70548e-18
2046 1627.83 -5.71887e-19
2045 1820.53 7.01457e-19
2044 1021.98 -5.97342e-19
2043 1906.77 -6.88874e-20
2042 672.324 1.54013e-18
2041 1099.16 -4.00903e-19
2040 1826.17 1.62559e-18
2039 2635.94 1.33298e-19
2038 2062.91 1.67409e-18
2037 910.693 5.38626e-19
2036 1080.9 9.36129e-19
2035 1544.49 1.64515e-19
2034 2197.23 -3.19265e-19
2033 1618.45 -1.57783e-18
2032 922.186 9.50246e-19
2031 932.945 -1.04427e-18
2030 993.542 3.6225e-20
2029 746.448 1.86037e-19
2028 729.05 -1.09349e-18
2027 506.97 -5.88768e-19
2026 2777.91 2.52236e-18
2025 1363.08 -2.21731e-18
2024 1271.45 1.41896e-18
2023 1841.95 -1.72491e-18
2022 789.017 -3.74413e-19
2021 820.264 1.32443e-18
2020 901.07 -7.77337e-19
2019 1349.05 1.19616e-18
2018 757.249 6.92762e-20
2017 3186.61 -1.68344e-18
2016 5765.85 2.94488e-18
2015 972.066 -2.35511e-18
2014 1265.84 -9.95533e-19
2013 602.465 -1.10332e-19
2012 577.28 1.7127e-20
2011 743.444 -7.6107e-19
2010 2517 2.52616e-18
2009 1804.89 -1.83112e-18
2008 1399.62 4.42455e-19
2007 2472.01 -2.9968e-18
2006 1577.22 3.11139e-18
2005 2535.72 -1.57211e-18
2004 1187.23 -3.29398e-19
2003 3673.84 -2.52013e-18
2002 877.251 6.08823e-19
2001 467.037 -6.09683e-19
2000 477.29 -1.05156e-18
1999 2802.78 1.27104e-18
1998 873.56 -2.58898e-19
1997 1381.92 -1.26385e-19
1996 2648.43 -6.39974e-19
1995 698.749 -1.05055e-18
1994 2238.34 -1.19271e-18
1993 850.091 1.75153e-18
1992 1800.62 8.15765e-19
1991 1160.79 -2.73824e-18
1990 1191.06 -1.46895e-18
1989 599.101 1.6127e-18
1988 2731.95 -9.73115e-19
1987 2331.13 -2.01593e-18
1986 800.895 -7.23515e-19
1985 2181.43 8.4294e-19
1984 1827.02 -1.62747e-18
1983 826.91 7.06588e-19
1982 464.209 -1.56684e-19
1981 809.574 -4.51202e-19
1980 1108.31 1.60008e-19
1979 864.719 9.79834e-19
1978 617.641 4.73622e-19
1977 6752.14 2.16606e-18
1976 2479.23 -8.03633e-19
1975 1307.41 -2.76696e-18
1974 1090.01 1.26433e-18
1973 1669.26 -4.21269e-19
1972 635.694 5.39247e-19
1971 1806.32 5.43433e-19
1970 2490.82 -4.10286e-18
1969 960.319 6.45138e-19
1968 2714.84 4.28438e-19
1967 1549.93 1.85711e-19
1966 959.161 -2.54239e-20
1965 2019.83 8.07389e-19
1964 1370.57 4.31493e-19
1963 2667.2 -1.91621e-18
1962 1072.68 -3.91458e-19
1961 3352.42 -8.2446e-19
1960 966.594 5.80298e-19
1959 717.626 1.01204e-18
1958 1641.09 -3.56415e-19
1957 1362.78 -9.31976e-19
1956 1392.49 -7.13235e-19
1955 947.663 6.61762e-19
1954 2059.16 -1.32592e-18
1953 6204.54 -3.46979e-19
1952 2440.3 2.49578e-18
1951 2879.01 1.26409e-18
1950 959.563 -3.02562e-19
1949 1187.92 -1.19174e-19
1948 1247.96 6.73037e-19
1947 1545.2 -7.40592e-19
1946 1440.88 1.78859e-18
1945 2051.8 1.26647e-18
1944 1490.81 -1.48262e-18
1943 1145.69 -2.98312e-18
1942 2917.62 2.45569e-18
1941 876.807 -8.2916e-19
1940 1308.98 -1.19236e-18
1939 1476.63 -2.03684e-18
1938 2341.7 -2.9558e-20
1937 2321.74 4.89826e-19
1936 2748.63 -1.17875e-18
1935 1629.16 5.51915e-19
1934 1334.76 -2.05333e-18
1933 2153.97 -6.40281e-19
1932 1155.58 -1.26973e-18
1931 1276.24 1.14059e-18
1930 3559.51 -2.28408e-18
1929 1257.49 2.50406e-18
1928 1547.43 -6.72986e-19
1927 1377.73 -1.6412e-18
1926 3804.99 -1.08818e-18
1925 1583.83 2.17333e-18
1924 703.359 4.68909e-19
1923 816.594 1.00262e-18
1922 1165.56 -5.70254e-19
1921 803.907 4.47147e-19
1920 1686.46 6.57221e-19
1919 1139.42 -8.25203e-19
1918 8145.33 -1.371e-18
1917 984.391 1.21899e-18
1916 1275.67 8.69514e-19
1915 2049.63 -4.41487e-20
1914 2159.77 -9.58709e-19
1913 2375.3 2.68666e-18
1912 5166.14 1.40647e-18
1911 521.796 8.36039e-19
1910 1452.55 -2.22735e-19
1909 3119.39 8.72838e-19
1908 999.768 -1.23142e-18
1907 376.575 3.58533e-19
1906 619.669 -1.36385e-18
1905 1321.79 -1.81433e-19
1904 907.407 -6.31609e-20
1903 2244.15 5.19793e-19
1902 2846.68 1.64094e-18
1901 968.131 7.98993e-19
1900 1312.77 2.13902e-19
1899 2036.02 -1.49899e-18
1898 2747.34 1.27e-18
1897 734.939 -3.32233e-19
1896 1029.8 1.73794e-18
1895 3105.12 -1.98569e-18
1894 2454.74 5.47447e-19
1893 942.747 -7.92406e-19
1892 1517.65 4.2214e-19
1891 1575.01 -1.04394e-18
1890 5073.46 -5.20205e-19
1889 1842.8 2.10075e-18
1888 719.296 -1.73642e-19
1887 1023.32 3.42818e-19
1886 630.465 1.49923e-18
1885 539.708 8.13101e-19
1884 768.294 -1.41298e-18
1883 897.778 9.57001e-19
1882 686.084 -1.29241e-18
1881 1422.15 2.13803e-19
1880 2128.59 -1.11915e-19
1879 1232.48 6.49286e-19
1878 1645.1 1.69601e-18
1877 1393.18 -1.4416e-18
1876 2050.09 4.12654e-19
1875 2949.14 -4.01614e-19
1874 2656.15 1.03115e-18
1873 1453.8 1.1588e-18
1872 3022.65 -5.42886e-19
1871 3212.81 1.5238e-18
1870 1356.38 -7.81939e-19
1869 1281.14 -2.04853e-18
1868 1499.2 1.31011e-18
1867 2260.58 -1.95591e-18
1866 383.856 -4.89653e-19
1865 1180.92 4.71149e-19
1864 3868.6 -4.453e-19
1863 1293.09 2.60233e-18
1862 1384.06 1.14581e-18
1861 1944.07 8.60159e-19
1860 643.463 -1.71071e-18
1859 955.629 -1.04052e-18
1858 2611.45 2.72505e-18
1857 1003.29 -8.94601e-19
1856 4354.93 8.76086e-19
1855 1709.18 -2.00559e-18
1854 1126.2 -1.34077e-18
1853 2094.55 -7.3049e-19
1852 1014.5 6.76936e-20
1851 2202.25 -8.14413e-19
1850 3152.76 -1.11199e-18
1849 3889.33 6.07893e-19
1848 2384.56 -2.17975e-18
1847 4267.85 1.56758e-18
1846 1254.84 -8.07683e-19
1845 2440.07 -8.12746e-19
1844 1916.27 1.69227e-18
1843 1489.49 1.05133e-18
1842 1714.89 -6.19073e-19
1841 1624.31 -5.82853e-20
1840 985.768 -1.2104e-18
1839 2918.55 9.90849e-19
1838 1707.89 -2.02171e-18
1837 1373.98 -2.53083e-19
1836 667.305 3.10149e-19
1835 5488.05 -1.94262e-18
1834 1051.74 1.73131e-18
1833 1013.28 1.01816e-19
1832 3026.73 4.00855e-19
1831 3694.34 1.80141e-18
1830 3306.22 -1.96301e-18
1829 1106.69 6.58345e-19
1828 2514.37 -4.80798e-19
1827 2290.6 2.12091e-18
1826 771.285 1.00615e-18
1825 1191.59 -3.31536e-19
1824 1552.83 5.15709e-19
1823 603.614 6.39994e-20
1822 2103.38 -9.90858e-19
1821 996.282 1.08896e-18
1820 2579.15 1.62612e-18
1819 3365.03 -1.96786e-18
1818 1020.22 -2.60389e-19
1817 474.802 5.14886e-19
1816 1221.94 -1.47825e-19
1815 979.686 4.26977e-20
1814 4209.85 3.05726e-18
1813 2738.32 -2.24793e-18
1812 533.802 1.26474e-18
1811 1638.25 9.84212e-19
1810 3785.64 -9.95806e-19
1809 546.497 3.57367e-19
1808 1326.81 9.59613e-19
1807 1431.86 8.91162e-19
1806 1639.57 -2.59109e-18
1805 1170.09 -9.88032e-20
1804 1688.66 -2.07302e-18
1803 1663.66 -1.2154e-19
1802 1733.79 1.09258e-18
1801 1991.58 -1.67408e-18
1800 2076.89 -1.39881e-18
1799 1109.16 -1.04561e-18
1798 1158.11 1.07836e-18
1797 2175.81 2.05988e-18
1796 595.159 -1.04134e-18
1795 1066.19 7.1606e-21
1794 4732.77 -2.02728e-18
1793 3635.73 -1.73202e-18
1792 1169.83 1.75571e-18
1791 4374.04 -2.7614e-18
1790 5127.3 4.07517e-18
1789 4972.11 1.72457e-18
1788 2561.1 9.62892e-19
1787 4573.24 2.59362e-18
1786 742.474 -6.04863e-19
1785 2882.2 1.41862e-18
1784 1606.32 -1.46007e-18
1783 1066.37 -1.93871e-18
1782 878.204 6.31107e-19
1781 1341.14 4.63022e-19
1780 3642.59 -2.50668e-18
1779 1046.68 3.45604e-19
1778 2260.99 -2.57287e-18
1777 2395.72 2.26358e-18
1776 1008.13 4.56943e-19
1775 2780.74 5.59196e-19
1774 2821.05 -3.05832e-18
1773 3166.11 1.42918e-18
1772 2526.01 -2.41904e-18
1771 1716.3 2.49553e-18
1770 1413 6.48616e-19
1769 2265.72 1.35991e-18
1768 4257.39 -3.43048e-18
1767 1382.94 -3.51273e-19
1766 2629.55 1.47836e-18
1765 968.963 -1.03952e-18
1764 1985.26 1.10494e-18
1763 998.974 -8.89951e-19
1762 1986.3 6.72407e-19
1761 4833.02 7.9507e-19
1760 2678.08 -2.09597e-18
1759 1341.49 2.38548e-18
1758 1200.63 -2.39887e-18
1757 1183.05 8.30941e-19
1756 697.386 7.4244e-19
1755 2969.53 1.1764e-18
1754 1568.58 -2.29684e-18
1753 1566.27 1.97131e-18
1752 2675.1 -1.57338e-18
1751 2123.09 -5.5989e-19
1750 1297.51 3.20349e-19
1749 6726.93 2.77214e-18
1748 2034.19 -2.97115e-18
1747 2144.06 5.45659e-19
1746 1053.96 -2.39983e-19
1745 1466.08 2.33629e-18
1744 1131.19 -1.32578e-18
1743 2657.57 -4.34163e-19
1742 1461.64 -1.0544e-18
1741 2442.27 1.86774e-18
1740 3050.32 -2.94529e-18
1739 1516.97 1.38986e-18
1738 708.264 1.32486e-19
1737 863.775 1.40727e-18
1736 3789.66 -1.44029e-18
1735 2370.61 -2.37461e-19
1734 1948.11 1.0584e-18
1733 1325.18 -1.45052e-19
1732 817.307 -2.88737e-19
1731 1371.17 1.57656e-19
1730 1316.39 -5.60547e-19
1729 1001.5 -4.8268e-20
1728 2027.31 4.92881e-19
1727 810.892 -2.05689e-19
1726 1587.78 2.46688e-18
1725 1390.34 1.12865e-18
1724 1684.91 2.28909e-19
1723 3925 -1.62717e-18
1722 1288.55 -3.09518e-19
1721 1255.89 2.37744e-19
1720 2634.77 2.27302e-18
1719 2388.29 1.55284e-19
1718 1376.68 1.80347e-18
1717 2930.11 -2.41249e-18
1716 1335.34 4.48428e-19
1715 2452.1 9.03395e-19
1714 1655.41 1.72411e-18
1713 2464.01 -1.12882e-19
1712 856.579 2.45301e-18
1711 1483.48 4.95711e-19
1710 2717.06 -1.47852e-18
1709 4277.81 1.33074e-18
1708 2018.96 -3.67192e-19
1707 1825.44 6.35998e-19
1706 1690.3 -1.08463e-18
1705 1403.04 1.56658e-19
1704 2147.41 -3.74225e-19
1703 2089.75 -2.13122e-18
1702 2845.67 -7.84947e-20
1701 3001.12 -1.19336e-18
1700 2117.86 8.2693e-19
1699 1936.44 7.61727e-20
1698 1592.78 1.31046e-18
1697 1354.24 1.79537e-18
1696 5472.66 2.27225e-19
1695 1663.04 4.67598e-19
1694 1188.4 3.75105e-19
1693 1060.45 -1.8092e-18
1692 908.591 1.38387e-18
1691 1543.17 9.61164e-19
1690 1755.22 -1.3225e-18
1689 1980.08 -4.35196e-19
1688 2879.77 1.08725e-18
1687 2604.21 -2.99477e-19
1686 1267.41 1.44532e-18
1685 634.65 -1.64269e-18
1684 2277.75 3.81351e-19
1683 715.55 8.20925e-19
1682 2122.3 -3.37124e-18
1681 2578.47 9.89395e-19
1680 869.514 1.35959e-18
1679 2473.29 -3.93826e-19
1678 2477.37 1.92383e-18
1677 1129.23 1.54888e-18
1676 839.003 9.87717e-19
1675 1600.85 -1.55624e-18
1674 1087.96 8.01929e-19
1673 1528.09 -1.826e-18
1672 5281.9 1.10601e-18
1671 2160.53 1.47981e-18
1670 5232.48 1.45708e-18
1669 5979.59 3.85995e-19
1668 1827.76 -7.79587e-19
1667 2314.4 -3.20148e-19
1666 3061.78 1.86003e-18
1665 3358.78 -1.54951e-18
1664 1282.82 1.63805e-18
1663 1346.73 -1.29463e-18
1662 5629.47 -3.95014e-19
1661 4590.4 -3.05912e-18
1660 4092.87 6.50595e-19
1659 3896.71 -6.04677e-19
1658 1830.66 5.24593e-20
1657 1271.29 -9.90064e-19
1656 1182.54 -6.13658e-19
1655 4367.52 1.10973e-18
1654 2972.73 -1.97863e-18
1653 2246.49 2.05876e-18
1652 1835.6 -1.0782e-18
1651 6095.03 1.33984e-18
1650 831.39 -1.372e-18
1649 647.596 -4.40765e-19
1648 4205.03 -1.32447e-18
1647 1741.99 -2.27825e-18
1646 1908.23 4.60449e-19
1645 1767.61 3.14417e-21
1644 4763.14 -5.78266e-19
1643 942.204 -3.57851e-19
1642 3093.18 1.07722e-18
1641 2259.21 1.13441e-19
1640 1200.28 -5.1249e-19
1639 2265.88 -1.49141e-18
1638 543.504 -1.46796e-18
1637 4209.8 7.67084e-19
1636 949.791 1.71618e-18
1635 1232.13 -1.98601e-19
1634 3993.76 -2.86737e-19
1633 1977.79 9.9328e-19
1632 3561.71 1.12706e-19
1631 2285.34 3.05496e-18
1630 3866.56 -9.93611e-19
1629 2733.25 4.10178e-19
1628 1863 -3.16287e-19
1627 851.268 -3.97871e-19
1626 1241.55 2.27286e-18
1625 1228.05 9.47958e-21
1624 1008.31 -2.05182e-18
1623 1094.72 1.10843e-18
1622 3531.4 -3.07854e-20
1621 4118.09 2.94956e-18
1620 1095.16 -6.40017e-19
1619 1580.99 -5.33576e-19
1618 2930.47 1.03933e-18
1617 3142.94 -1.84076e-18
1616 2193.19 1.66244e-18
1615 1209.23 -8.23945e-19
1614 4264.36 3.40419e-18
1613 7058.8 1.41248e-18
1612 1689.1 -1.61545e-18
1611 10318.4 2.4728e-18
1610 1969.48 -2.34973e-18
1609 3917.61 -2.1121e-19
1608 4732.41 3.91577e-19
1607 2340.81 -1.64087e-18
1606 924.499 1.13934e-18
1605 1167.09 -1.36415e-18
1604 4808.71 1.96128e-19
1603 3819.81 -1.11359e-18
1602 4311.07 -2.50821e-18
1601 2333.31 -2.20599e-19
1600 393.899 6.09018e-19
1599 1281.25 -2.23541e-19
1598 1144.23 1.16593e-18
1597 769.608 3.40932e-19
1596 4494.58 -1.3054e-18
1595 2364.46 1.21145e-18
1594 1139.03 -6.92769e-19
1593 1763.61 -1.13025e-18
1592 6529.2 -2.46754e-18
1591 1639.39 7.93012e-19
1590 1649.47 5.042e-19
1589 681.925 -5.66825e-19
1588 2145.23 -8.98398e-19
1587 1230.19 -9.90336e-19
1586 1227.31 1.79466e-18
1585 5582.81 -2.60513e-18
1584 1131.23 4.3013e-20
1583 2629.06 1.571e-18
1582 2946.35 5.72699e-19
1581 2096.19 -2.391e-19
1580 1871.09 5.20908e-20
1579 927.76 -6.76316e-19
1578 1157.19 -3.8229e-19
1577 1176.6 -2.57911e-19
1576 2927.04 -1.209e-18
1575 1829.5 1.34864e-18
1574 2197.77 1.18659e-19
1573 8967.07 -1.64814e-18
1572 1288.5 6.81766e-19
1571 7287.12 2.58222e-18
1570 1213.23 -1.30903e-18
1569 1878.25 -1.63539e-18
1568 3108.15 -1.6837e-18
1567 685.693 7.4559e-19
1566 2643.53 1.02647e-18
1565 8458.08 6.96559e-19
1564 5995.96 -1.62597e-18
1563 5266.45 3.96747e-19
1562 3691.97 3.00194e-18
1561 1984.42 -1.82104e-18
1560 1559 9.13691e-19
1559 1361.7 -8.66487e-19
1558 5109.07 4.92712e-19
1557 1644.22 7.97474e-19
1556 1648.76 -1.55361e-18
1555 3407.7 2.30122e-18
1554 1230.53 -9.54728e-19
1553 1183.81 -5.97019e-20
1552 1746.25 1.81423e-18
1551 2121.38 -2.11535e-18
1550 4467.13 1.46276e-18
1549 1498.64 -6.74397e-19
1548 1668.67 1.29811e-18
1547 6361.74 1.18242e-18
1546 4435.88 -2.54158e-19
1545 3105.56 2.27642e-18
1544 1787.63 -8.20282e-20
1543 2615.82 -8.95297e-19
1542 4189.25 -1.22968e-18
1541 2502.03 2.24238e-18
1540 1786.04 2.03491e-19
1539 1210.5 -9.29631e-19
1538 1774.3 -1.11055e-18
1537 2023.27 1.18833e-18
1536 6019.29 8.19247e-19
1535 1127.58 7.0655e-19
1534 4723.84 -1.04831e-18
1533 1278.74 1.51001e-18
1532 4929.24 2.79327e-18
1531 3944.87 1.08629e-18
1530 3132.71 -1.45874e-18
1529 3340.33 -3.99236e-19
1528 5295.02 3.32952e-19
1527 2954.03 3.13501e-18
1526 8725.21 -2.04504e-18
1525 2123.73 9.76901e-19
1524 1872.57 -1.72929e-18
1523 3623.01 -1.37544e-18
1522 4272.24 1.89389e-19
1521 2297.48 -2.4686e-19
1520 3056.04 -1.3351e-18
1519 1373.8 -9.15165e-19
1518 3773.34 3.38952e-19
1517 6602.61 -1.30054e-19
1516 1398.56 -2.24824e-18
1515 1662.79 4.4623e-19
1514 1913.42 -3.4437e-19
1513 2697.02 -2.39167e-18
1512 3289.82 8.51143e-19
1511 1297.27 -7.29431e-19
1510 2602.73 -1.52731e-18
1509 2442.98 -2.39913e-18
1508 2678.85 1.08091e-18
1507 2712.93 -1.06142e-19
1506 2115.7 -1.25295e-18
1505 1302.91 1.85168e-18
1504 2544.25 -3.91277e-19
1503 3133.02 2.28837e-18
1502 1827.38 -2.50579e-19
1501 5792.36 -1.23951e-18
1500 2614.63 -2.1517e-19
1499 3503.67 -1.67404e-18
1498 967.999 -1.77552e-18
1497 2647.26 1.08715e-18
1496 1254.32 2.31194e-19
1495 3002.67 -2.21917e-19
1494 3303.47 2.144e-19
1493 848.059 -3.01652e-19
1492 1924.42 -1.23305e-18
1491 3098.31 1.57969e-18
1490 5718.79 7.77126e-19
1489 1867.76 -5.23956e-19
1488 852.76 -1.07747e-18
1487 1403.5 -6.02929e-19
1486 2988.77 -4.66673e-19
1485 3802.37 -2.22669e-18
1484 2739.39 1.32411e-18
1483 1657.6 -1.01202e-18
1482 1196.16 9.60357e-19
1481 1830.09 -1.09077e-18
1480 1160.03 4.1885e-19
1479 3696.85 1.44293e-18
1478 5288.15 -1.70782e-18
1477 2343.53 2.02172e-19
1476 2045.95 -1.73214e-19
1475 937.26 -1.0321e-18
1474 2242.49 2.13517e-19
1473 3739.7 -1.01156e-18
1472 3859.87 -1.61527e-18
1471 3247.08 1.62162e-18
1470 3058.67 -1.99887e-18
1469 5196.54 2.18746e-18
1468 4677.55 -8.46195e-19
1467 9261.57 -2.93609e-18
1466 2208.08 -3.80237e-19
1465 2489.78 -5.54835e-21
1464 3260.1 2.71726e-18
1463 1937.99 4.43807e-19
1462 3246.16 -2.53482e-18
1461 8697.44 -1.72253e-18
1460 772.198 9.996e-19
1459 1540.51 1.2909e-18
1458 3832.27 1.10629e-18
1457 2092.88 -2.47487e-18
1456 2508.96 1.09165e-18
1455 2279.21 -1.39294e-18
1454 1636.33 5.54347e-19
1453 1271.65 -5.91647e-19
1452 1576.34 2.68863e-19
1451 1187.67 -6.21631e-20
1450 5840.75 -6.20649e-19
1449 9006.76 -2.59037e-18
1448 2429.54 4.05073e-19
1447 3601.29 1.4954e-18
1446 2990.1 -2.35455e-20
1445 2046.29 1.68869e-18
1444 1510.51 -1.82853e-18
1443 3432.55 6.59303e-19
1442 1303.08 -1.55274e-18
1441 2217.34 4.90858e-19
1440 1955.39 -1.7164e-18
1439 984.576 -4.77444e-19
1438 2410.87 3.16933e-18
1437 860.408 -2.82691e-19
1436 5677.1 -2.50062e-18
1435 1182.03 -7.11542e-20
1434 1187.38 -5.62342e-19
1433 2969.34 1.59297e-18
1432 3633.04 -6.03222e-19
1431 2608.08 2.13638e-18
1430 1597.22 5.65967e-19
1429 2078.29 1.315e-19
1428 9597.04 1.63731e-18
1427 2320.45 -2.4405e-19
1426 1751.02 -1.14284e-18
1425 1511.88 1.54284e-19
1424 1907.88 -3.09633e-19
1423 6270.01 -3.69391e-18
1422 2134.02 1.11007e-19
1421 2999.54 2.81319e-19
1420 2248.63 -6.47545e-19
1419 4456.61 -1.40916e-18
1418 9787.48 2.59762e-18
1417 2051.63 -1.0342e-18
1416 2858.3 9.51141e-19
1415 3481.37 -1.7236e-18
1414 5424.61 -2.24383e-18
1413 2822.84 -9.38659e-19
1412 4215.35 6.56723e-19
1411 903.794 -2.38562e-19
1410 5308.68 -1.59106e-18
1409 6391.32 1.84851e-18
1408 3195.93 -4.30172e-19
1407 2453.16 -6.68485e-19
1406 6435.72 2.10785e-18
1405 2865.03 1.09954e-18
1404 2980.9 3.42505e-19
1403 3534.91 -6.75397e-19
1402 1895.85 9.17027e-19
1401 2052.62 -1.2027e-18
1400 1110.43 -1.27368e-18
1399 2907.2 -1.4459e-18
1398 3927.83 -1.23596e-18
1397 1059.06 -5.77026e-19
1396 1641.82 -4.24504e-19
1395 3783.91 1.08798e-20
1394 3610.96 -4.54809e-19
1393 6453.72 -1.06853e-18
1392 5391.24 -1.87718e-18
1391 1374.09 2.52725e-18
1390 13042.3 2.39303e-18
1389 7152.14 -3.62651e-18
1388 1292.69 9.87741e-19
1387 2233.17 -3.50738e-19
1386 1086.6 -8.74153e-19
1385 1898.61 1.31811e-18
1384 866.719 1.72954e-19
1383 2407.79 3.18689e-19
1382 3491.53 -1.55676e-18
1381 2568.88 1.19216e-18
1380 3088.61 9.46696e-19
1379 2505.05 -1.07438e-18
1378 2281.96 5.05368e-19
1377 6589.84 -2.52164e-18
1376 1739.06 5.531e-19
1375 1094.2 6.65929e-19
1374 1517.8 2.16173e-18
1373 2118.21 -1.26136e-18
1372 8287.45 -2.14201e-18
1371 2594.28 -4.05267e-19
1370 1997.62 -1.06314e-18
1369 1292.06 1.03449e-19
1368 1510.15 -5.96049e-19
1367 1656.57 5.99642e-19
1366 1418.71 -3.99268e-19
1365 1744.66 2.88507e-19
1364 1522.59 -1.32043e-18
1363 5605.79 -7.12171e-19
1362 2444.07 1.72127e-18
1361 5379.03 2.52462e-19
1360 7232.36 2.19564e-18
1359 1799.18 1.15245e-19
1358 4974.97 -1.54813e-18
1357 3775.05 -1.64425e-18
1356 2078.52 -4.59866e-19
1355 1800.46 4.93191e-19
1354 1931.31 4.50728e-19
1353 2410.83 7.98398e-19
1352 1892.94 -1.81402e-18
1351 5103.54 -1.47236e-18
1350 8173.71 3.48291e-19
1349 7032 -1.73656e-18
1348 2521.17 1.55019e-18
1347 2697.42 -3.01202e-19
1346 4121.56 2.08071e-20
1345 3030.36 -2.08987e-18
1344 4921.2 -9.70103e-19
1343 2657.73 -1.43373e-18
1342 2006.48 2.22545e-18
1341 4081.14 -6.03145e-19
1340 5562.29 1.70281e-18
1339 2108.69 -1.82337e-19
1338 2543.64 -2.76837e-18
1337 2030.56 6.86958e-20
1336 6284.51 -1.01211e-18
1335 1717.86 -4.44211e-19
1334 3226.17 3.48334e-19
1333 3187.18 -1.77741e-18
1332 1682.43 5.4605e-19
1331 2174.03 5.30217e-19
1330 1295.01 1.42164e-18
1329 1754.74 -6.11572e-19
1328 3156.6 2.27294e-18
1327 2825.27 9.38682e-19
1326 1647.68 -4.64327e-19
1325 4017.35 -2.02987e-18
1324 1933.76 6.75275e-21
1323 5636.69 2.02598e-18
1322 8811.58 -1.4901e-18
1321 5240.05 -3.93074e-19
1320 2564.02 2.26815e-19
1319 9218.01 2.82464e-18
1318 2410 -1.22846e-18
1317 2045.22 -1.40762e-18
1316 1079.01 7.95779e-19
1315 2128.95 3.48117e-19
1314 2335.48 -4.86361e-19
1313 2935.72 1.47629e-18
1312 1243.76 -1.21433e-18
1311 1852.43 -1.73858e-19
1310 2167.94 -3.38799e-19
1309 1355.69 1.11086e-18
1308 8311.98 2.06247e-18
1307 1942.92 6.10269e-19
1306 1531.63 -1.27951e-18
1305 3726.03 9.02643e-19
1304 1834.98 -8.66921e-19
1303 3200.08 9.41309e-19
1302 3367.69 3.50983e-19
1301 3881.38 3.44535e-19
1300 2413.39 2.25263e-18
1299 2219.3 1.94787e-18
1298 3445.62 -1.48727e-18
1297 1136.03 1.18255e-19
1296 1231.03 -1.65867e-18
1295 2383.88 1.62928e-19
1294 6431.51 1.5892e-18
1293 5276.34 -2.72801e-18
1292 1390.59 -1.44579e-18
1291 1996.46 -3.88803e-19
1290 3885.19 2.05627e-19
1289 2621.63 -1.16361e-18
1288 1287.98 -1.57792e-19
1287 2489.96 1.47839e-18
1286 3092.01 -4.34152e-19
1285 971.492 -8.81003e-19
1284 3487.2 1.6619e-18
1283 1532.73 -2.47116e-19
1282 2267.41 1.41563e-20
1281 2342.95 2.99695e-19
1280 3347.95 2.98127e-20
1279 1750.1 -1.42362e-18
1278 1423.65 -1.46576e-19
1277 2905.6 -1.86525e-18
1276 2431.32 1.13984e-18
1275 10746.9 -1.60609e-18
1274 3073.12 1.82007e-18
1273 1763.91 8.74035e-19
1272 3194.12 -3.36562e-19
1271 6485.42 1.11719e-18
1270 7703.36 1.78526e-19
1269 6154.17 1.96305e-18
1268 4876.22 -3.07112e-18
1267 4720.91 2.38131e-18
1266 3960.19 -5.17024e-19
1265 2752.58 1.77683e-18
1264 1221.58 1.09867e-18
1263 1379.65 -1.63311e-18
1262 1860.69 -3.89551e-19
1261 6495.59 -2.04202e-18
1260 2878.87 6.44779e-19
1259 2240.29 -3.75263e-20
1258 2774.85 -4.60378e-21
1257 5047.58 1.50483e-18
1256 4674.08 -1.43257e-18
1255 4366.57 -1.14538e-18
1254 1795.7 4.78913e-19
1253 2114.24 1.36373e-19
1252 5009.33 2.43013e-18
1251 2665.22 -3.24813e-19
1250 6995.68 -2.94135e-18
1249 1927.8 1.30839e-18
1248 2981.29 2.39494e-18
1247 2054.46 4.37647e-19
1246 1288.93 1.00611e-18
1245 890.643 -1.45885e-18
1244 2967.71 -5.94566e-19
1243 4561.94 2.6482e-18
1242 10367.6 2.96496e-19
1241 739.247 -9.11625e-19
1240 6327.66 1.40491e-18
1239 2641.68 -6.89998e-19
1238 2268.82 3.41122e-19
1237 2060.62 9.2795e-19
1236 2865.79 1.04638e-18
1235 3380.62 -4.04677e-19
1234 5324.76 -7.49492e-19
1233 1087.34 9.60539e-21
1232 3455.14 -8.63457e-19
1231 4028.09 -1.27053e-18
1230 3048.77 -5.84532e-19
1229 5128.42 -5.98748e-19
1228 3153.07 2.41939e-19
1227 2712.18 1.28572e-18
1226 2022.39 -5.38325e-19
1225 5299.99 -5.18678e-19
1224 3161.8 3.29986e-20
1223 6145.94 2.36553e-20
1222 2818.78 -9.60156e-19
1221 6494.82 -7.49994e-19
1220 4870.66 1.15728e-18
1219 6509 -1.04866e-18
1218 3269.69 -1.23428e-19
1217 2639.18 6.68077e-19
1216 5385.21 -1.04232e-18
1215 2568.13 5.65141e-19
1214 975.741 -1.51586e-18
1213 2789.09 1.01236e-18
1212 2811.48 -1.83157e-18
1211 1401.98 1.93306e-18
1210 3457.98 -2.11189e-19
1209 3688.04 7.93237e-20
1208 3102.31 -1.95254e-18
1207 2923 -1.56102e-18
1206 6299.16 1.20873e-18
1205 1790.49 9.23098e-20
1204 2671.52 -4.89914e-19
1203 2075.28 -4.74846e-19
1202 2933.03 -1.19663e-18
1201 1805.49 -3.6381e-19
1200 2138.35 -6.99615e-19
1199 5592.9 3.2232e-18
1198 1466.8 -1.05889e-18
1197 1278.69 6.51184e-19
1196 1556.76 5.5233e-19
1195 4891.62 3.91042e-19
1194 7828.52 -1.02406e-19
1193 3419.86 2.13497e-18
1192 5518.3 5.8244e-19
1191 5704.36 3.86193e-19
1190 4849.83 -1.3726e-18
1189 3364.83 5.24727e-19
1188 4588.52 9.93444e-19
1187 1021.39 8.0678e-19
1186 1649.76 -1.34335e-18
1185 4191 -1.48695e-18
1184 3019.5 1.49247e-18
1183 4601.7 -1.70368e-18
1182 3425.35 1.11726e-18
1181 4065.77 -3.81716e-19
1180 4834.14 -9.97967e-19
1179 6119.69 1.38404e-18
1178 4958.95 -1.67784e-18
1177 4607.66 -1.62897e-19
1176 8541.75 1.77306e-18
1175 4335.83 -7.33469e-19
1174 5945.34 -3.26473e-20
1173 3847.68 1.18977e-18
1172 8478.81 -1.72353e-18
1171 4971.8 2.1949e-18
1170 13552.6 1.41554e-18
1169 2218.8 -2.25216e-18
1168 1847.83 7.75644e-19
1167 4577.83 -2.67115e-18
1166 2365.36 1.63628e-18
1165 6385.47 -1.28216e-18
1164 3691.64 8.53572e-19
1163 5254.85 -2.7825e-18
1162 1603 4.00334e-19
1161 4927.22 -1.67846e-19
1160 3211.44 -1.22362e-18
1159 7083.74 -2.44482e-18
1158 9249.27 7.71247e-19
1157 1574.23 -1.28086e-18
1156 1702.49 -7.4041e-19
1155 1139.78 -4.69911e-19
1154 4447.63 1.2997e-18
1153 3020.84 -5.80555e-19
1152 4588.66 7.67458e-19
1151 8227.14 1.37057e-18
1150 6873.27 -1.15189e-18
1149 4385.56 -1.97176e-18
1148 3764.49 1.40758e-18
1147 4514.73 3.96952e-20
1146 1822.02 -1.25906e-18
1145 6828.47 -2.66525e-18
1144 1958.58 4.20175e-19
1143 8868.22 -4.40555e-19
1142 6889.01 1.49322e-18
1141 11222.2 -1.31081e-18
1140 5384.26 -9.70132e-19
1139 2566.87 -1.64501e-18
1138 2864.48 -4.85291e-19
1137 9201.49 -8.57542e-19
1136 3101.95 -3.94789e-19
1135 3597.88 -1.98307e-18
1134 1830.21 2.14685e-19
1133 11462.4 1.62197e-18
1132 2959.15 -1.45622e-19
1131 2073.99 -1.42644e-18
1130 4137.65 -1.216e-18
1129 9335.69 4.67151e-20
1128 3515.3 -3.98978e-19
1127 9473.3 -2.08221e-18
1126 3063.84 -7.76547e-19
1125 3082.77 7.1372e-19
1124 11614.4 -3.89123e-18
1123 3340.32 -1.70344e-18
1122 2184.83 1.85966e-19
1121 3788.99 1.27019e-18
1120 9413.25 -1.04956e-18
1119 6998.84 1.09251e-18
1118 3973.86 1.2034e-18
1117 3781.07 9.7467e-19
1116 2378.72 1.18438e-19
1115 1736.69 2.41274e-19
1114 2070.43 1.09526e-18
1113 2465.22 4.33258e-20
1112 6913.8 -5.15702e-19
1111 9090.18 -1.42402e-18
1110 3836.22 -2.30074e-18
1109 2962.25 1.88748e-18
1108 5650.03 4.60113e-19
1107 3893.83 1.17724e-19
1106 4236.16 -1.22245e-18
1105 5878.76 1.61748e-18
1104 5486.19 -2.30828e-18
1103 1185.07 -5.55781e-19
1102 3736.4 -5.30778e-19
1101 2039.85 1.12411e-18
1100 3079 3.10529e-19
1099 7318.93 -4.01679e-19
1098 4738.85 5.01128e-19
1097 7559.59 -2.70105e-19
1096 9401.18 1.31133e-19
1095 2260.92 -1.55907e-18
1094 7796.16 -2.6379e-18
1093 2156.23 6.3709e-19
1092 2712.12 -1.20297e-18
1091 2415.82 1.01541e-18
1090 3106.28 5.48171e-19
1089 4168.15 -1.85189e-18
1088 3871.58 -6.83978e-19
1087 6963.19 7.51198e-19
1086 4763.07 5.03899e-19
1085 2645.26 -1.42592e-18
1084 3717.2 7.6282e-19
1083 3802.51 4.14578e-19
1082 5926.13 -2.66541e-19
1081 3994.68 2.40256e-18
1080 3989.23 -1.02844e-19
1079 3567.48 -1.22159e-18
1078 1775.72 6.40133e-19
1077 5028.3 -1.97534e-18
1076 8668.76 3.36403e-18
1075 2985.84 -4.77398e-19
1074 6755.4 -1.07861e-18
1073 6415.66 1.48772e-18
1072 6701.17 4.01309e-19
1071 4026.01 -2.33269e-19
1070 6646.47 -5.93182e-19
1069 11055.4 2.10559e-18
1068 8961.44 -1.97597e-18
1067 1742.96 1.34758e-18
1066 9025.34 6.78214e-19
1065 2942.47 2.43232e-19
1064 6155.68 -2.12575e-18
1063 2926.63 1.61387e-18
1062 5095.75 -1.73338e-18
1061 2509.43 -1.17396e-18
1060 6127.48 1.78732e-18
1059 3271.21 3.73699e-20
1058 3761.69 1.40411e-18
1057 6754.69 -1.88547e-18
1056 3955.17 -2.04873e-18
1055 3426.16 -2.60505e-19
1054 5985.86 1.1335e-18
1053 3986.01 1.87633e-20
1052 2843.74 2.14615e-18
1051 3589.55 -1.06732e-18
1050 8170.64 -2.53232e-18
1049 7835.51 1.22113e-18
1048 3526.26 7.83928e-19
1047 3124.48 1.4006e-18
1046 4866.23 1.55962e-18
1045 2982.03 -1.18243e-18
1044 2823.46 3.50215e-19
1043 2069.26 6.11586e-19
1042 4725.81 -1.09248e-18
1041 1530.13 5.73873e-20
1040 5603.86 -4.51994e-19
1039 4658.67 2.19814e-18
1038 3005.86 -9.03726e-19
1037 8399.58 -6.9101e-19
1036 3393.38 -1.49499e-18
1035 1863.28 -2.87887e-20
1034 8277.54 1.45331e-18
1033 9992.21 9.00261e-19
1032 3847.93 -2.27144e-18
1031 1803.81 5.38085e-19
1030 3345.52 3.17618e-19
1029 5503.47 -6.70672e-19
1028 19044.7 4.05624e-19
1027 3517.93 1.64109e-19
1026 7110.07 -2.30933e-18
1025 4573.76 9.66565e-19
1024 2452.4 3.75025e-20
1023 6095.09 9.8634e-19
1022 6771.88 -1.08015e-18
1021 4138.22 -7.80298e-19
1020 6704.85 2.19906e-18
1019 6737.92 -7.97411e-20
1018 13714.1 -2.41131e-18
1017 3676.04 -8.54379e-19
1016 4032.14 -1.97894e-18
1015 7737.55 8.21116e-19
1014 2244.56 3.80192e-19
1013 6737.23 3.0296e-19
1012 5345.06 -3.31306e-18
1011 7111.83 2.15361e-18
1010 2509.34 -1.19216e-18
1009 2759.4 -9.75557e-19
1008 5397.75 -1.17114e-18
1007 6913.58 7.38903e-19
1006 2326.4 5.00604e-20
1005 5051.66 -2.09248e-18
1004 7344.34 2.04545e-19
1003 3584.35 7.53045e-19
1002 3717.92 3.58529e-19
1001 5163.36 -1.46842e-19
1000 4107.38 -1.61525e-19
999 9843.38 2.19838e-18
998 1901.32 4.28093e-19
997 2862.42 8.57165e-19
996 9101.29 1.52852e-18
995 3367.64 -9.59715e-19
994 3693.95 1.50019e-19
993 7841.22 -7.50379e-19
992 3730.94 -1.18591e-18
991 2760.72 4.36081e-19
990 4141.75 2.68963e-19
989 7138.43 -2.0579e-19
988 5147.94 -9.10655e-19
987 5380.04 2.33163e-19
986 3871.24 -7.18676e-19
985 3836.9 1.00015e-18
984 4054.03 -4.8394e-19
983 5488.2 -7.99826e-19
982 2507.27 6.73987e-19
981 5773.36 9.35449e-19
980 6629.67 -1.37287e-18
979 2644.7 2.57214e-20
978 7788.12 2.24289e-18
977 12187.5 -1.24977e-18
976 5099 8.63977e-19
975 5957.96 5.4823e-19
974 4392.68 -3.79808e-19
973 5845.19 1.41256e-18
972 2214.97 -4.48025e-19
971 3054.95 -6.32985e-19
970 8397.05 2.83476e-18
969 22120.5 -3.71777e-18
968 15591.9 1.22197e-18
967 4229.62 6.59445e-21
966 8022.55 -1.1485e-18
965 2951.31 8.23165e-19
964 6970.4 2.12471e-18
963 10457.7 1.4402e-18
962 8269.74 -8.38639e-19
961 5927.46 -1.88736e-18
960 4548.09 -1.43355e-18
959 12712.4 1.61833e-18
958 15544.4 -2.42958e-18
957 3306.45 4.50347e-19
956 7186.53 1.46937e-18
955 10849.2 -2.11647e-18
954 10028 2.06844e-18
953 16584.8 9.45612e-19
952 10639.6 -1.02698e-18
951 3239.83 9.34852e-19
950 3022.74 1.12525e-18
949 4895.13 1.26084e-18
948 6469.24 -3.31446e-19
947 11799.8 2.51295e-18
946 8365.73 -2.06566e-19
945 5370.26 -4.10645e-19
944 5991.9 -6.2524e-19
943 8257.79 4.39195e-19
942 3655.27 -8.43264e-19
941 6894.03 2.64103e-19
940 2957.2 2.7023e-19
939 10779.9 1.56688e-18
938 4334.86 -5.59683e-19
937 10172.8 -1.3236e-18
936 2624.07 -9.40071e-19
935 2096.5 2.23395e-19
934 3053.23 7.03659e-19
933 5234.85 -2.49057e-20
932 2810.44 4.89594e-19
931 7764.38 8.77403e-20
930 6654.66 1.29818e-18
929 2336.93 8.81806e-19
928 5307.95 8.60826e-20
927 16484.9 -1.06048e-18
926 6272.96 1.45933e-18
925 2371.74 3.70693e-20
924 3681.46 2.27825e-19
923 17117.7 -1.15775e-19
922 19796.3 -2.96054e-18
921 9760.4 1.80805e-18
920 4411.27 -1.84286e-18
919 11343.9 9.17346e-20
918 3199.29 -9.811e-19
917 3615.83 1.23673e-18
916 16771.1 -7.71835e-20
915 5781.44 3.45683e-19
914 6771.47 -1.23658e-19
913 9037.52 -5.05588e-19
912 4045.22 2.87817e-19
911 10986.7 7.53108e-19
910 3813.55 3.14713e-20
909 6098.46 8.46401e-19
908 16510.9 -2.50094e-18
907 18022.9 1.21849e-18
906 3357.38 -1.06879e-18
905 3575.17 -1.06787e-18
904 3194.32 2.01293e-18
903 3859.58 7.43525e-19
902 9057.09 -6.44297e-19
901 6496.32 1.25655e-18
900 4295.26 -1.44239e-18
899 9409.94 3.14463e-19
898 3199.39 -1.69964e-18
897 6395.24 3.10186e-19
896 3043.16 1.36441e-18
895 5840.68 -1.05275e-18
894 8812.49 3.34425e-18
893 25027.9 -9.08801e-19
892 3189.58 -8.27818e-20
891 7026.1 9.58004e-19
890 4966.09 3.13567e-19
889 2288.17 -1.06954e-18
888 12234 2.79347e-19
887 28429.2 -3.08082e-18
886 7008.46 -4.5173e-19
885 7376.9 1.54211e-18
884 4471.69 4.18752e-19
883 7955.76 3.46132e-19
882 5348.29 1.52216e-19
881 6574.68 3.6871e-19
880 7448.41 1.86118e-18
879 5564.44 -6.86687e-19
878 4486.86 8.63374e-19
877 11349.7 1.0456e-18
876 8917.34 -1.89148e-18
875 6263.61 -2.07372e-18
874 1760.74 -7.76046e-19
873 11631.5 4.78477e-19
872 4866.89 1.77993e-18
871 11760.3 -1.30979e-18
870 6520.63 1.51026e-18
869 4580.46 1.02685e-18
868 5821.04 1.18542e-19
867 1952.77 1.97448e-19
866 5209.46 3.02252e-19
865 3229.96 -1.18023e-18
864 15428.3 -3.7637e-19
863 15504.8 -3.44965e-18
862 12580.1 7.34374e-19
861 9398 -8.52744e-19
860 5007.37 -5.85684e-19
859 16963 -1.32742e-18
858 4548.4 2.2891e-19
857 3796.81 -1.16605e-18
856 3772.13 -6.90133e-19
855 3804.44 -4.82524e-19
854 9636.22 -1.58937e-18
853 3307.43 -1.32257e-18
852 3632.62 5.76346e-19
851 14079.1 -2.11253e-18
850 10328.7 8.53394e-19
849 9104.77 6.1768e-19
848 17804.4 -2.18956e-18
847 6394.2 -2.57637e-18
846 11598.9 -1.26707e-18
845 6475.98 1.32843e-18
844 2436.77 -5.36122e-19
843 7978.54 -1.10418e-18
842 2958.58 3.4251e-19
841 5282.95 -1.01388e-18
840 17750 -5.06184e-19
839 14128.8 -7.58244e-19
838 6516.05 1.72417e-18
837 18093.3 1.62075e-18
836 17584.4 2.31867e-18
835 9796.07 -1.1457e-18
834 5053.26 -1.65989e-19
833 2240.34 -8.68011e-19
832 6167.88 -2.35124e-18
831 17863 -3.99212e-19
830 4064.9 -1.82409e-18
829 3695.57 1.43623e-18
828 18833.9 3.30732e-19
827 5125.79 -1.67572e-18
826 7585.62 -1.35564e-18
825 12067.5 1.19338e-18
824 11411 -9.26198e-19
823 8650.12 4.88668e-19
822 26968.5 -2.93702e-18
821 10146.6 1.85386e-19
820 4184.52 -1.05894e-18
819 31270.1 -5.89319e-19
818 10044.5 -2.22453e-18
817 5516.13 1.05656e-18
816 16366.9 -5.49131e-19
815 9534.49 -1.982e-18
814 8422.26 1.19226e-18
813 12388.2 1.89676e-18
812 9132.02 -1.59109e-18
811 8989.17 5.87232e-19
810 9714 4.20315e-20
809 2670.58 -4.00557e-19
808 7730.8 -7.4249e-19
807 4064.42 3.9809e-19
806 6364.87 1.36087e-18
805 12089.4 -7.11051e-19
804 3071.8 1.00027e-19
803 6382.89 -1.16928e-18
802 5053.75 -2.32543e-19
801 6732.63 -1.77249e-20
800 9897.73 -2.59774e-18
799 7627.63 6.33252e-19
798 8000.86 -1.61525e-18
797 6662.44 -1.41409e-18
796 7447.04 -1.39585e-18
795 4126.11 -1.69876e-19
794 14140.8 -1.2366e-18
793 13496.4 -1.81853e-18
792 9119.38 3.26154e-18
791 3936.46 -7.46312e-19
790 5766.02 -5.90914e-19
789 3569.02 4.285e-19
788 3816.13 -9.89142e-19
787 3289.39 -5.64016e-19
786 10589.7 -4.71881e-19
785 8886.51 -2.46838e-18
784 8558.81 1.34538e-18
783 18346.5 -5.95157e-19
782 10190.3 -5.52182e-19
781 15603.2 -2.49914e-18
780 3710.02 1.77927e-18
779 7038.4 2.54521e-19
778 6438.71 -2.02783e-19
777 7167.44 5.30176e-19
776 3814.05 5.57837e-19
775 5971.22 1.19426e-18
774 14072.2 -1.58767e-18
773 6241.17 -1.72109e-19
772 15538.9 -6.34853e-19
771 10583.5 9.21838e-19
770 6411.65 -3.08867e-19
769 2664.98 -4.2764e-19
768 3103.07 -6.90341e-19
767 15524.8 8.35202e-21
766 12821 1.80475e-18
765 7392.39 5.90536e-19
764 3643.93 -7.35054e-20
763 16506.3 -1.39662e-18
762 20034.5 -3.10455e-18
761 7588.91 6.83816e-19
760 12955.5 4.07509e-19
759 4034.12 -1.92482e-18
758 11975 -1.59498e-19
757 5742.81 -1.03362e-18
756 6007.97 -4.29788e-19
755 6523.73 -1.78313e-18
754 8462.22 6.61825e-19
753 5228.79 9.79497e-19
752 10612.2 -5.74331e-19
751 6640.65 1.11167e-18
750 9779.8 -1.93791e-18
749 5187.03 2.36378e-20
748 11652.3 4.64647e-19
747 8250.28 8.30506e-19
746 19168.5 -4.77355e-19
745 39026.9 3.30843e-18
744 8734.39 7.23446e-19
743 4677.35 7.48253e-19
742 6330.42 -1.76901e-18
741 9153.56 -5.91486e-19
740 7219.84 1.04972e-18
739 12573.1 -1.38143e-18
738 55786.9 -7.76289e-19
737 24874.8 3.32956e-18
736 32101.5 -2.93289e-18
735 40283.4 2.93527e-18
734 5648.18 2.90082e-19
733 7356.89 -7.88103e-19
732 12143.8 -1.75665e-18
731 14388.4 -4.8916e-19
730 16132.2 1.39033e-18
729 8066.53 -2.24666e-18
728 5940.76 -3.39366e-19
727 9253.54 1.69705e-19
726 8726.61 -2.06506e-18
725 10765 -6.24943e-19
724 12072.6 1.12663e-18
723 4912.79 -1.02546e-18
722 5822.77 4.39555e-19
721 10241.3 -4.80449e-19
720 8256.49 1.03877e-18
719 11863.8 1.18231e-19
718 1741.28 5.07694e-19
717 3972.46 2.0541e-20
716 15442.6 -1.62033e-18
715 12504.2 -1.62444e-18
714 6854.32 -2.48323e-19
713 10289.6 1.34473e-18
712 6850.66 -6.05998e-19
711 9384.31 7.38673e-20
710 15718.4 -4.15784e-19
709 13392.2 -5.05588e-19
708 4866.84 7.95688e-19
707 9443.77 3.9446e-19
706 13913.2 -3.08534e-19
705 4397.8 -5.97489e-19
704 4239.57 1.2544e-18
703 8564.38 -1.9488e-18
702 13276.8 -2.04214e-18
701 11506.7 1.16462e-18
700 8576.42 1.55034e-18
699 4332.62 -1.87533e-19
698 2757.04 7.53006e-19
697 11917.7 -3.1878e-19
696 8256.12 -1.44449e-18
695 18779.7 2.29187e-19
694 19735.2 -7.08232e-19
693 21411.3 6.6618e-20
692 18013.2 -1.98355e-18
691 11616.8 -9.65669e-19
690 5394.51 -2.66166e-20
689 6975.53 -2.08708e-19
688 11549.4 2.38032e-18
687 4909.62 -6.92812e-19
686 9977.48 1.2949e-19
685 5446.93 1.00442e-18
684 10447.6 -1.2554e-18
683 16755.4 -3.03394e-18
682 2981.76 3.45616e-19
681 19075.6 -5.45142e-19
680 9281.32 -1.11063e-18
679 4867.65 2.23426e-19
678 6298.7 -5.78542e-19
677 10373.4 2.86713e-20
676 10966.1 1.56677e-18
675 7891.11 -3.21472e-19
674 8373.7 1.739e-19
673 6336.77 -3.44313e-19
672 10178.5 -6.4288e-20
671 17684 -2.01086e-18
670 7035.99 3.08141e-19
669 19123.1 -1.52291e-18
668 5161.21 -9.36121e-19
667 22379.1 -4.11951e-18
666 7576.03 7.55052e-19
665 4024.14 -1.00905e-18
664 6363.23 1.06822e-18
663 7912.6 1.09699e-18
662 12490 3.3979e-19
661 5915.6 6.20799e-19
660 25010.2 -6.33162e-19
659 25135.7 -3.30177e-18
658 12305.5 1.66835e-18
657 10545.7 3.76972e-22
656 4901.16 -6.24084e-19
655 4178.32 -5.66561e-19
654 7050.78 -5.9672e-19
653 9838.22 -1.41163e-18
652 30145.1 7.68143e-19
651 11610.6 -1.48522e-18
650 27026.9 -8.15255e-19
649 15712.7 -1.48851e-18
648 7624.63 1.3607e-18
647 6603.42 -1.90447e-18
646 5186.31 1.20076e-18
645 11830.9 -2.56859e-19
644 9080.33 3.30144e-19
643 11863.3 1.16758e-18
642 16456.5 3.676e-19
641 10061.6 -1.17748e-18
640 8738.9 -1.55944e-18
639 35924.6 -1.77015e-18
638 25042.5 -2.18409e-18
637 8262.35 -1.28411e-18
636 13805.8 5.62699e-19
635 14007.8 -1.14064e-18
634 7924.65 -1.31184e-18
633 7527.76 2.25317e-19
632 13073.3 8.93811e-19
631 8221.77 -8.54945e-19
630 18542.4 5.1315e-19
629 5278.86 4.82285e-19
628 5581.96 1.49643e-18
627 42337.3 -2.86395e-18
626 35119.6 2.274e-18
625 10858 -3.73067e-19
624 7389.5 1.20388e-18
623 14460 1.2706e-18
622 15613.4 -1.33886e-18
621 16214.4 1.14399e-19
620 4007.71 6.29875e-19
619 13184.9 1.21451e-19
618 19338.7 9.70059e-19
617 14486.5 5.77347e-19
616 7866.73 -5.3385e-19
615 7473.02 3.42831e-19
614 11481.7 1.62094e-18
613 22030.2 -7.63346e-20
612 7878.65 -9.93868e-19
611 7077.01 9.00243e-19
610 13791.3 1.43783e-18
609 16682.1 -2.68366e-18
608 7619.44 1.60471e-18
607 3519.47 -2.64148e-19
606 18871.1 -1.23733e-18
605 14352.9 -1.66965e-18
604 21947.2 -1.29186e-18
603 11321.5 -1.84952e-19
602 19374.3 2.09835e-18
601 13403.4 -3.25451e-19
600 19659.2 1.34106e-18
599 16032.4 -2.33523e-18
598 27656 -1.95056e-18
597 9252.56 -8.33781e-19
596 12483.5 1.37409e-18
595 7838.46 -2.07885e-18
594 10033.6 8.1383e-19
593 5350.14 2.94452e-19
592 22171.5 -6.26962e-19
591 14166.8 2.04829e-19
590 16530.5 3.72775e-19
589 13595 5.08868e-19
588 12592 -1.60503e-18
587 8709.42 1.48511e-18
586 9156.43 -9.53945e-19
585 10526.2 -6.86624e-19
584 9314.38 -2.11307e-20
583 20950.5 -5.66262e-19
582 10849.1 -6.30735e-20
581 27290.8 -7.48273e-19
580 4078.09 -1.25612e-19
579 5793.39 1.21661e-19
578 9463.99 -1.40104e-18
577 17230.9 -7.95966e-19
576 7459.29 -6.67752e-19
575 6094.89 -4.78101e-19
574 4774.12 8.90357e-19
573 21712 -9.8668e-19
572 5596.75 -1.43901e-18
571 13412.3 3.32448e-19
570 11960 -4.71493e-20
569 10768.7 6.95068e-19
568 10127.8 -3.55841e-19
567 15114.6 -6.75546e-19
566 12101.1 -8.75115e-19
565 25178.2 -1.43574e-18
564 8077.39 6.97132e-19
563 17715.6 -1.63285e-18
562 17261.9 4.72661e-19
561 25707.8 -1.29947e-18
560 25412.7 1.11203e-18
559 3959.16 7.73448e-20
558 11689.1 -5.27463e-19
557 17255.2 1.73977e-19
556 8714.57 -1.09361e-18
555 10164.3 -1.54386e-18
554 12193 6.2382e-19
553 17886.8 -7.75302e-20
552 27634.6 8.04631e-19
551 42401.3 -2.52143e-18
550 6614.12 1.70725e-18
549 13842.2 -1.76236e-18
548 20086.3 -1.71987e-18
547 9674.86 -8.63273e-19
546 6343.94 9.62343e-19
545 18007 -1.3845e-18
544 7940.72 -1.99064e-18
543 13003.5 -3.55647e-19
542 18534.7 5.66269e-19
541 11093.8 1.55038e-21
540 9443.72 -9.81687e-19
539 10065.7 3.60555e-19
538 82812.3 -2.39902e-18
537 10175.6 -2.42802e-18
536 13013.3 1.52935e-18
535 14902.8 -1.72281e-18
534 19016 -8.92953e-19
533 30958.6 1.79132e-18
532 5224.91 -1.82738e-19
531 16574.8 -1.64175e-18
530 5956.8 4.66534e-20
529 24349.3 -2.54449e-19
528 18619.7 -8.65651e-19
527 9414.85 -1.13198e-18
526 20754.4 1.85713e-18
525 14114.5 -2.04215e-20
524 27711.8 -7.49917e-19
523 12701.4 -9.09822e-19
522 4000.01 -4.16533e-19
521 9946.47 5.97687e-19
520 14025.4 1.17411e-18
519 9225.11 -2.40674e-19
518 24022.9 -1.2539e-18
517 15082.6 1.00859e-18
516 17651.3 -9.31894e-20
515 8470.96 -3.63238e-19
514 8370.39 1.52429e-18
513 59842.9 -2.64034e-18
512 14784.6 -1.57844e-19
511 10363.7 -2.64625e-19
510 21033.8 -1.98879e-18
509 13172 1.3172e-18
508 13391.9 6.13238e-19
507 20156.4 6.6314e-19
506 15857.7 2.15598e-19
505 3277.06 5.59448e-19
504 23974.6 -2.30716e-18
503 9900.28 -9.68527e-19
502 14620.3 5.62208e-19
501 28259.5 -1.91019e-18
500 6969.83 -8.68836e-19
499 17130.1 4.90191e-19
498 14177.1 8.90404e-19
497 17070.3 -1.77182e-19
496 22315.6 -2.23834e-18
495 14401.6 5.85113e-19
494 8336.72 8.82767e-19
493 11544.1 4.73374e-19
492 33535.3 -2.09989e-18
491 23320.5 -1.43674e-18
490 13195.7 -9.06847e-19
489 11149.3 2.51213e-19
488 39836.5 -2.89432e-18
487 23511.5 2.50369e-19
486 21120.5 1.11934e-19
485 29880.4 1.36185e-18
484 16289 -1.84831e-19
483 15011.7 -8.50403e-19
482 15407.2 -1.36593e-18
481 18297.4 1.12618e-18
480 11110.4 1.68577e-18
479 11923.9 -7.28279e-19
478 21499.1 3.50812e-19
477 12171.1 -7.43188e-20
476 12644.9 1.83065e-18
475 64996.8 1.04301e-18
474 10369.5 -1.82706e-18
473 13233.9 2.64586e-20
472 14755.6 -2.5121e-18
471 27349.4 -2.59486e-18
470 22770.5 1.60805e-18
469 22687.8 -2.65076e-18
468 14139.4 -3.35867e-19
467 7055.56 1.3238e-20
466 22097.2 -1.53934e-18
465 11869.6 4.09015e-19
464 28279.4 -2.33848e-18
463 18289.4 -1.26456e-18
462 18076.1 2.72762e-19
461 11674.2 -1.45349e-18
460 19065.1 4.93556e-19
459 25441.7 -1.39897e-18
458 39510.7 -1.6786e-18
457 10842.4 4.44607e-19
456 14940.3 1.40993e-19
455 13744 -4.05762e-19
454 31722.2 1.1978e-18
453 12878.8 6.45544e-19
452 63395.8 -2.86171e-18
451 15653.8 2.2238e-18
450 38856.1 -2.96473e-18
449 5133.98 1.27376e-18
448 23981.7 -1.3235e-18
447 12439.4 -3.6635e-19
446 8365.65 -4.1533e-19
445 35504.1 -1.88251e-18
444 19160.5 -8.89185e-19
443 24197 -9.01763e-19
442 24810.5 1.05114e-18
441 26287.6 -2.00366e-18
440 20296.2 3.82848e-19
439 27459 5.64172e-20
438 10432.2 -8.22279e-19
437 38329.1 -7.7519e-19
436 36326.7 1.16947e-19
435 45072.8 -3.27042e-18
434 20952 -9.90671e-19
433 21030.3 -5.43338e-19
432 84372.4 -3.01605e-18
431 34945.6 1.48373e-18
430 21169.8 -1.68613e-18
429 13981.1 -1.04215e-18
428 61708.7 6.22523e-19
427 12774.9 -7.03945e-19
426 99090.3 -3.0195e-18
425 20205.8 1.9781e-19
424 26559.8 -2.20971e-18
423 32820.6 1.17011e-18
422 5800.06 -2.87282e-19
421 20096.4 -1.92623e-18
420 39149.1 -1.84425e-18
419 18320.5 5.48294e-19
418 49278.8 -1.79892e-18
417 14580 4.50786e-19
416 48273 -1.7761e-18
415 23603.1 6.34336e-19
414 13459.4 5.18624e-19
413 21784.1 -1.59604e-18
412 59299.8 4.83118e-19
411 157460 -2.78286e-18
410 12112.2 -4.08003e-19
409 39562.5 -1.95641e-18
408 57961.4 1.72858e-18
407 137621 -3.11833e-18
406 16657.1 -1.11166e-18
405 33475.7 -1.33243e-18
404 23526.5 -9.88958e-19
403 36129.3 -1.32588e-18
402 6208.88 3.76152e-19
401 28424.5 -9.17079e-19
400 17353.5 -1.06555e-18
399 17042.6 -8.32793e-20
398 44542.7 -1.00593e-18
397 19499.3 1.52053e-19
396 47425.2 2.72288e-19
395 64952.3 1.99905e-18
394 13491.7 -1.69672e-18
393 17978.2 -7.65527e-19
392 29264.2 -4.9043e-19
391 64464.9 -3.09204e-18
390 20088.1 -1.14925e-19
389 25827 -7.80953e-20
388 50121.1 -2.34656e-18
387 105151 3.34985e-18
386 21738.8 -2.01749e-18
385 41802.9 -3.14961e-19
384 6220.3 -2.84561e-19
383 48359.6 -1.20876e-18
382 41239 -1.76992e-18
381 18085 -8.77684e-19
380 14335.9 5.84046e-19
379 44692.6 4.04961e-19
378 49756.5 -1.60547e-18
377 44355.9 -2.04137e-18
376 58644.3 -3.01087e-18
375 20841.8 9.23701e-19
374 43722 -1.3719e-18
373 19144 -3.61604e-19
372 11820.3 2.05288e-18
371 24266.1 1.42566e-19
370 12371.9 -9.29398e-19
369 94001.8 -4.21116e-18
368 44718.3 -1.37087e-18
367 17993.4 8.89432e-19
366 134608 -9.46261e-19
365 17928.6 6.05736e-19
364 27561.6 -2.3094e-19
363 76306.7 -5.67015e-19
362 18872.2 -6.79967e-19
361 21096 -1.4334e-19
360 28570.8 1.05448e-18
359 16905.7 -1.12681e-18
358 127130 -2.21152e-18
357 32041.1 4.65162e-19
356 14847.9 8.289e-19
355 19391.1 -6.5533e-19
354 55579.7 -5.44658e-19
353 20928.2 -1.25423e-18
352 24154 -4.49048e-19
351 24529.5 -1.82686e-19
350 49285.6 -8.06704e-19
349 12147.9 -1.24868e-18
348 19634.9 -3.93956e-20
347 61396.3 -2.96805e-18
346 19784.2 -1.19191e-18
345 37664 -1.67059e-18
344 95287.1 -3.10847e-18
343 65537.5 2.9145e-18
342 15312.3 1.21637e-19
341 29984 -1.5987e-18
340 65280.6 -9.03467e-19
339 22059.3 6.63293e-19
338 82365.1 -8.15126e-19
337 18781.8 -2.25701e-18
336 18504.1 -8.21348e-19
335 122011 9.95221e-19
334 93913 -1.96761e-18
333 50318.7 -1.17364e-18
332 16725.5 -1.39729e-18
331 44659.9 7.14112e-19
330 156986 -1.72521e-18
329 106390 -1.09971e-18
328 26642.8 -6.41228e-19
327 49244.9 -8.61385e-20
326 25024.2 -7.64048e-19
325 215107 -3.85828e-18
324 41599.6 -5.65684e-19
323 93114 -2.03028e-18
322 57404.1 -1.76265e-18
321 96907.7 2.28125e-18
320 34656 -7.74714e-20
319 51395.1 -2.07286e-19
318 151132 -1.94788e-18
317 26224.4 -6.79527e-19
316 74368.2 -3.67089e-18
315 13188.6 4.41493e-19
314 21126.6 -1.54064e-18
313 43655.7 -1.895e-18
312 49712.7 -2.16722e-18
311 68042.3 -8.29485e-19
310 96824.7 -3.19712e-18
309 75050.7 1.66658e-18
308 33029.8 -1.96503e-18
307 72439.5 -9.44839e-19
306 22239.9 -9.6117e-19
305 12797.2 -3.11189e-19
304 91959.1 -1.4092e-18
303 194199 -3.15176e-18
302 30160.8 6.87968e-19
301 20891.4 -1.19955e-18
300 15173.8 -4.35304e-19
299 238279 -3.33636e-18
298 57357.5 1.85506e-19
297 90740 -2.56406e-18
296 64139.7 -1.32278e-18
295 41132.4 -1.36328e-18
294 73120.2 -1.76231e-18
293 111191 -2.09341e-18
292 24863.6 -5.82768e-19
291 64940.1 -2.1001e-18
290 88007.1 -2.92593e-18
289 46954.9 -2.35204e-18
288 12093.7 -1.79698e-19
287 77027.3 -1.69691e-18
286 25937.5 -2.35213e-18
285 154648 -1.62457e-18
284 38034.9 -1.67755e-18
283 78445.8 -4.78497e-19
282 160029 -2.05733e-18
281 84592.9 -1.18376e-18
280 81004.8 -2.92397e-18
279 24843.3 -1.62522e-18
278 145955 -2.23006e-18
277 175651 -1.57761e-18
276 42153.4 -1.85313e-18
275 96167.5 -6.94999e-19
274 130865 -1.73731e-18
273 205175 -4.19121e-18
272 66170.4 -1.0269e-18
271 18344.3 -4.01417e-19
270 52456.8 -2.59058e-18
269 231982 -2.34711e-18
268 45807.3 -9.28649e-19
267 241215 -2.73566e-18
266 79153.9 -2.01562e-18
265 48831.2 -7.38895e-19
264 242352 -2.8649e-18
263 20929.6 -5.388e-19
262 40563.6 -2.35812e-19
261 73676.9 -2.79848e-18
260 139682 -2.56766e-18
259 72326.9 -1.38125e-18
258 268877 -2.36795e-18
257 74626 -2.59504e-18
256 36606 -1.67354e-18
255 286278 -2.5374e-18
254 53412.7 -1.90709e-18
253 201153 -3.89393e-18
252 198512 -3.12016e-19
251 74770.3 -2.02463e-18
250 85031.1 -1.92416e-18
249 143636 -2.30464e-18
248 78769.4 -1.46034e-18
247 42154.3 -7.15768e-20
246 36238.3 -2.40283e-18
245 419705 -4.48736e-18
244 201805 -2.49453e-18
243 413154 -3.37864e-18
242 89346.8 -1.54541e-18
241 60810.6 -1.52679e-18
240 305002 -3.16254e-18
239 122257 -2.22498e-18
238 114488 -1.58218e-18
237 225234 -3.3817e-18
236 167625 -1.07214e-18
235 203527 -3.46003e-18
234 133357 -1.27518e-18
233 37616.4 -4.58486e-19
232 68799 -1.42497e-18
231 338982 -4.59117e-18
230 255536 -3.52835e-18
229 105891 -3.12557e-18
228 188152 -2.88705e-18
227 92698.3 -2.81267e-18
226 537716 -3.95906e-18
225 118742 -2.84014e-18
224 402989 -5.05458e-18
223 75850.2 -1.28401e-18
222 130457 -2.36213e-18
221 228477 -2.25365e-18
220 355508 -4.3765e-18
219 266829 -1.80036e-18
218 64714 -9.16996e-19
217 652396 -3.65776e-18
216 327578 -2.18111e-18
215 121305 -2.52544e-18
214 229207 -2.46614e-18
213 446051 -3.30603e-18
212 430061 -3.69608e-18
211 249963 -1.9933e-18
210 240527 -3.17819e-18
209 668130 -3.97062e-18
208 149124 -2.05719e-18
207 368489 -2.73521e-18
206 294928 -4.11192e-18
205 701684 -3.3722e-18
204 283563 -4.36416e-18
203 469298 -4.19947e-18
202 432264 -3.40737e-18
201 471886 -3.09597e-18
200 2.39141e+06 -8.40112e-18
199 298516 -1.72528e-18
198 400072 -3.29999e-18
197 451589 -2.61733e-18
196 696051 -3.43729e-18
195 413184 -3.22733e-18
194 681170 -3.65719e-18
193 703828 -4.06466e-18
192 1.02714e+06 -4.874e-18
191 1.02866e+06 -4.41251e-18
190 835078 -3.59055e-18
189 525474 -3.81688e-18
188 1.66039e+06 -5.89895e-18
187 930790 -4.06635e-18
186 486099 -3.25165e-18
185 648197 -3.07002e-18
184 1.0048e+06 -4.37484e-18
183 988232 -6.2743e-18
182 672142 -3.94207e-18
181 699047 -3.66398e-18
180 1.12172e+06 -4.76061e-18
179 2.15527e+06 -7.07181e-18
178 1.44919e+06 -5.45036e-18
177 894268 -5.68453e-18
176 1.77452e+06 -5.19897e-18
175 2.09777e+06 -7.75246e-18
174 954045 -5.05775e-18
173 1.44526e+06 -5.11695e-18
172 1.97793e+06 -5.08097e-18
171 1.73227e+06 -5.1701e-18
170 1.39576e+06 -5.13124e-18
169 1.51655e+06 -5.92187e-18
168 1.78659e+06 -6.57723e-18
167 2.01553e+06 -6.70621e-18
166 2.97199e+06 -6.66771e-18
165 1.34879e+06 -4.7503e-18
164 1.72884e+06 -4.99707e-18
163 1.55954e+06 -4.82675e-18
162 3.41584e+06 -8.0606e-18
161 2.9601e+06 -6.82758e-18
160 1.87661e+06 -6.01476e-18
159 1.82634e+06 -6.19586e-18
158 1.47791e+06 -5.26099e-18
157 2.85155e+06 -6.76634e-18
156 2.19966e+06 -5.04856e-18
155 3.47212e+06 -7.60971e-18
154 1.80116e+06 -5.79091e-18
153 3.13025e+06 -6.48997e-18
152 4.07452e+06 -7.92746e-18
151 1.93411e+06 -5.0111e-18
150 1.99651e+06 -5.98464e-18
149 1.42626e+06 -6.02015e-18
148 2.83027e+06 -6.86428e-18
147 4.23018e+06 -7.02559e-18
146 2.17314e+06 -5.3124e-18
145 4.05804e+06 -6.83893e-18
144 3.19502e+06 -6.28315e-18
143 1.99036e+06 -6.03005e-18
142 3.45879e+06 -7.39315e-18
141 2.52186e+06 -5.27369e-18
140 1.69726e+06 -4.97882e-18
139 2.46649e+06 -6.64363e-18
138 2.17273e+06 -5.42262e-18
137 2.55606e+06 -4.89476e-18
136 3.66273e+06 -6.26474e-18
135 2.87645e+06 -5.43192e-18
134 2.27171e+06 -5.85405e-18
133 2.44759e+06 -4.70643e-18
132 2.65965e+06 -5.39721e-18
131 1.34033e+06 -4.03831e-18
130 2.11694e+06 -5.09315e-18
129 2.7043e+06 -5.29306e-18
128 1.67682e+06 -3.77349e-18
127 1.81266e+06 -4.48574e-18
126 2.63441e+06 -4.53206e-18
125 1.90456e+06 -5.06518e-18
124 1.86545e+06 -4.12872e-18
123 1.77068e+06 -4.19207e-18
122 2.58802e+06 -4.22041e-18
121 1.48599e+06 -3.92e-18
120 1.56463e+06 -3.9148e-18
119 1.41505e+06 -2.67606e-18
118 1.77016e+06 -4.30954e-18
117 1.02868e+06 -3.67258e-18
116 1.39456e+06 -3.09986e-18
115 1.3131e+06 -3.6522e-18
114 1.59131e+06 -3.48989e-18
113 949754 -3.1583e-18
112 601639 -2.59594e-18
111 991419 -2.9561e-18
110 1.21848e+06 -2.82361e-18
109 1.8199e+06 -3.24741e-18
108 736465 -2.57203e-18
107 1.33799e+06 -3.13814e-18
106 551740 -1.76589e-18
105 864641 -2.82748e-18
104 696353 -2.36782e-18
103 619438 -2.28477e-18
102 897056 -2.62181e-18
101 590976 -2.36915e-18
100 926194 -2.6066e-18
99 645898 -2.02319e-18
98 707190 -1.87986e-18
97 418161 -1.57043e-18
96 665427 -1.85575e-18
95 771605 -2.08766e-18
94 258407 -1.2319e-18
93 265485 -1.59784e-18
92 440968 -1.40256e-18
91 457956 -1.65637e-18
90 662707 -1.68726e-18
89 498460 -1.54826e-18
88 363290 -1.0636e-18
87 519927 -1.78435e-18
86 167535 -8.07277e-19
85 295851 -1.4998e-18
84 381041 -1.41195e-18
83 479619 -1.62776e-18
82 295256 -1.09809e-18
81 291580 -9.78745e-19
80 165551 -8.11136e-19
79 102966 -6.77141e-19
78 286344 -8.94609e-19
77 349982 -1.13912e-18
76 304109 -1.07355e-18
75 252990 -1.08375e-18
74 311283 -9.86719e-19
73 233046 -8.64247e-19
72 139318 -5.41481e-19
71 197915 -7.87854e-19
70 201163 -7.58531e-19
69 101318 -5.4328e-19
68 145760 -6.63355e-19
67 162761 -8.19868e-19
66 124620 -4.57791e-19
65 164954 -7.90636e-19
64 87133 -5.97686e-19
63 131769 -4.81638e-19
62 123717 -6.33904e-19
61 89254.6 -4.75296e-19
60 168494 -7.11352e-19
59 54927.8 -4.10139e-19
58 138944 -4.41048e-19
57 87031.2 -3.85242e-19
56 141488 -5.27006e-19
55 144725 -3.60359e-19
54 106558 -3.68071e-19
53 78535.7 -2.88857e-19
52 103180 -3.85556e-19
51 66934.2 -3.45095e-19
50 125672 -4.14061e-19
49 102958 -3.30424e-19
48 79495.9 -3.23468e-19
47 56166.1 -3.11856e-19
46 110232 -3.58112e-19
45 111363 -3.66615e-19
44 131304 -4.1004e-19
43 52633.3 -2.5124e-19
42 64168.5 -2.68795e-19
41 94963 -3.15504e-19
40 80052.4 -2.71257e-19
39 61145.3 -2.41771e-19
38 64345.7 -2.23077e-19
37 79567.7 -2.53814e-19
36 79170.4 -2.70398e-19
35 67040.3 -2.32602e-19
34 67605.1 -2.14088e-19
33 67034.3 -1.87015e-19
32 91401.6 -2.56355e-19
31 90600.2 -2.2283e-19
30 90405.1 -1.97267e-19
29 96287.9 -1.95868e-19
28 74697.6 -1.96757e-19
27 74034.2 -1.73973e-19
26 86666.4 -2.06739e-19
25 159305 -2.50828e-19
24 110922 -1.92911e-19
23 149143 -1.95913e-19
22 198947 -2.35299e-19
21 185241 -2.01904e-19
20 116686 -1.7534e-19
19 116365 -1.53321e-19
18 193360 -1.65821e-19
17 212730 -1.75532e-19
16 126800 -1.48145e-19
15 272607 -1.70733e-19
14 283123 -1.72822e-19
13 393111 -1.98121e-19
12 366545 -1.95493e-19
11 366389 -1.69593e-19
10 554580 -1.62882e-19
9 381643 -1.74979e-19
8 791491 -1.64535e-19
7 841583 -1.63481e-19
6 2.20097e+06 -1.98351e-19
5 1.82362e+06 -1.83915e-19
4 1.96392e+06 -1.34351e-19
3 2.51722e+06 -1.21979e-19
2 8.8221e+06 -1.56028e-19
1 3.26861e+07 -1.16694e-19
