3000 242.893 -6.50494e-18
2999 196.382 1.89052e-19
2998 212.042 3.37129e-19
2997 165.717 -3.01666e-19
2996 177.297 -2.58505e-19
2995 177.562 6.55459e-19
2994 202.813 -3.44715e-19
2993 190.444 8.91566e-20
2992 218.572 -8.89921e-19
2991 189.516 7.0089e-20
2990 178.686 -1.82355e-19
2989 190.148 -5.60564e-19
2988 242.176 -1.24015e-18
2987 182.177 -6.28865e-19
2986 174.989 5.35075e-20
2985 195.956 -6.29967e-19
2984 186.225 3.17137e-19
2983 212.16 2.19137e-19
2982 218.729 -1.66863e-18
2981 255.636 -4.70754e-19
2980 162.882 3.92682e-19
2979 182.921 -1.10178e-19
2978 206.463 8.801e-20
2977 212.467 -8.32614e-19
2976 189.202 -7.45875e-21
2975 202.892 -1.07537e-19
2974 190.439 1.02663e-18
2973 171.169 -5.1544e-19
2972 197.425 1.38343e-19
2971 193.887 3.50363e-19
2970 225.547 -7.78749e-20
2969 242.661 1.40077e-18
2968 227.854 9.23983e-19
2967 205.687 6.40269e-19
2966 225.218 -2.30241e-19
2965 213.769 -3.49795e-19
2964 209.397 -1.18517e-18
2963 224.996 -8.86436e-20
2962 192.713 3.7214e-19
2961 195.55 1.7901e-19
2960 215.513 2.01818e-19
2959 214.001 8.50245e-19
2958 193.661 -7.33421e-19
2957 210.103 -7.22971e-20
2956 169.862 1.99919e-19
2955 198.359 -7.09926e-19
2954 182.233 1.53693e-18
2953 207.018 -7.1289e-19
2952 222.533 3.25971e-19
2951 159.435 9.1853e-19
2950 228.685 -2.85755e-19
2949 215.681 -3.94258e-19
2948 245.864 8.18727e-19
2947 185.11 -3.97755e-19
2946 238.325 1.29138e-18
2945 220.212 6.34172e-19
2944 179.531 2.92144e-19
2943 197.093 1.44991e-18
2942 210.615 -4.2591e-19
2941 237.76 2.83952e-19
2940 190.817 1.39931e-18
2939 194.98 4.60558e-19
2938 190.241 1.19395e-18
2937 173.876 -1.55375e-19
2936 190.615 3.51318e-19
2935 183.576 8.64143e-19
2934 230.318 1.94258e-19
2933 201.665 2.90281e-19
2932 237.127 5.31846e-19
2931 258.532 -7.26675e-20
2930 238.979 1.21762e-19
2929 276.832 -5.02139e-19
2928 210.432 -3.77079e-19
2927 201.12 1.66647e-20
2926 155.49 -3.25529e-20
2925 184.784 -1.78258e-18
2924 205.872 1.62163e-19
2923 211.936 5.16473e-19
2922 204.033 -8.09353e-19
2921 203.313 8.55357e-19
2920 157.98 -2.62321e-19
2919 191.799 3.17554e-19
2918 236.35 3.52747e-19
2917 175.193 -3.58484e-19
2916 204.851 -5.2719e-19
2915 251.323 -2.01519e-19
2914 205.614 4.61423e-19
2913 183.455 -9.23786e-19
2912 182.109 -1.97205e-19
2911 213.054 -1.30399e-19
2910 218.43 1.35755e-19
2909 171.434 8.45869e-19
2908 196.558 -4.0651e-19
2907 217.814 2.42146e-19
2906 204.494 5.27742e-19
2905 228.74 2.6642e-19
2904 202.459 6.34304e-19
2903 222.484 -4.29639e-19
2902 178.95 -5.14552e-19
2901 224.305 -5.5523e-20
2900 186.7 -5.75313e-20
2899 219.982 -6.06579e-20
2898 210.634 1.21053e-18
2897 192.618 -3.09142e-20
2896 195.093 2.2025e-19
2895 220.482 -5.89713e-19
2894 276.164 -4.96073e-19
2893 188.075 3.07474e-19
2892 239.516 6.32412e-19
2891 225.881 -1.026e-18
2890 236.035 1.11905e-18
2889 249.069 3.80137e-19
2888 239.81 -1.18724e-18
2887 203.904 -9.92006e-19
2886 183.669 3.32409e-19
2885 193.813 7.99785e-19
2884 222.512 1.87576e-19
2883 231.571 -3.09836e-19
2882 219.737 -6.02411e-19
2881 203.597 -2.04197e-21
2880 204.045 -1.6625e-19
2879 222.567 -1.89043e-20
2878 234.923 3.82417e-19
2877 208.356 1.06242e-19
2876 244.543 2.89036e-21
2875 198.766 -4.84498e-19
2874 252.183 -1.11783e-18
2873 185.378 -3.10982e-19
2872 196.721 4.165e-19
2871 257.258 -2.42676e-19
2870 200.348 -1.61835e-19
2869 225.702 1.31014e-19
2868 207.547 -5.65841e-19
2867 243.521 2.75742e-19
2866 200.914 1.14963e-18
2865 251.385 6.44886e-19
2864 204.993 1.37483e-19
2863 250.744 -8.26183e-19
2862 224.942 -2.26504e-19
2861 197.861 -4.51064e-19
2860 242.996 8.92931e-20
2859 232.18 5.47466e-19
2858 224.771 2.13648e-19
2857 273.801 -1.03594e-19
2856 229.719 5.48271e-19
2855 226.948 -1.07934e-19
2854 233.723 -1.48476e-19
2853 243.379 -4.52937e-19
2852 216.06 -6.20876e-19
2851 228.71 1.19324e-18
2850 258.466 1.8772e-19
2849 252.527 3.53861e-19
2848 215.406 4.60829e-20
2847 195.033 2.7654e-19
2846 213.16 -2.3226e-19
2845 211.342 7.60515e-19
2844 227.328 -1.13932e-19
2843 212.132 8.38257e-19
2842 205.91 3.75385e-19
2841 227.68 -4.55293e-21
2840 191.716 -3.56632e-19
2839 190.494 9.72255e-20
2838 228.685 6.68161e-19
2837 210.947 -5.31002e-19
2836 240.146 -1.95961e-19
2835 229.969 -5.13845e-20
2834 196.912 1.12781e-19
2833 259.672 -2.87942e-19
2832 253.669 4.03078e-19
2831 264.653 7.07397e-19
2830 209.121 2.53946e-19
2829 212.335 3.16716e-19
2828 214.241 -2.26029e-19
2827 264.508 -2.84595e-19
2826 238.703 8.32348e-20
2825 204.783 3.96914e-19
2824 250.504 6.44992e-19
2823 191.059 2.17506e-19
2822 250.186 -4.38454e-19
2821 224.587 2.95568e-19
2820 271.472 -6.374e-20
2819 208.256 -1.30326e-18
2818 267.249 5.46241e-19
2817 187.728 -9.08109e-20
2816 201.2 -5.44106e-19
2815 257.618 9.19501e-19
2814 234.956 -1.53157e-19
2813 242.23 -3.64224e-19
2812 220.583 -1.04432e-18
2811 211.769 -8.19483e-19
2810 232.124 4.3846e-19
2809 212.741 5.80219e-19
2808 233.987 1.40419e-19
2807 220.21 1.36211e-18
2806 225.441 -1.19995e-19
2805 203.137 -2.99179e-19
2804 205.989 -5.09239e-20
2803 188.636 1.84312e-19
2802 200.605 2.89421e-19
2801 248.456 -1.01347e-18
2800 200.311 -8.09028e-19
2799 180.706 -2.99976e-19
2798 204.344 -4.55467e-20
2797 250.506 9.66267e-19
2796 260.813 8.65007e-20
2795 224.805 -5.70786e-19
2794 252.293 3.69277e-20
2793 254.236 -5.88929e-19
2792 219.513 -1.98413e-19
2791 234.346 5.94221e-19
2790 252.566 2.56599e-20
2789 307.729 -1.02516e-18
2788 238.35 8.26323e-20
2787 211.859 -8.8579e-19
2786 216.957 3.16985e-19
2785 217.207 7.7285e-19
2784 250.635 -2.29637e-19
2783 173.75 6.21782e-19
2782 237.632 -7.18818e-19
2781 280.222 -5.95622e-20
2780 245.046 -3.89693e-19
2779 238.926 -3.55463e-20
2778 227.933 6.6818e-19
2777 199.426 -3.54797e-19
2776 274.811 -2.89156e-19
2775 264.66 -8.28216e-19
2774 224.81 -3.03338e-19
2773 232.937 7.57805e-19
2772 224.392 -4.3714e-20
2771 245.798 -4.64001e-19
2770 253.83 -1.90958e-20
2769 249.253 3.00172e-20
2768 272.534 6.14298e-19
2767 249.486 -2.20681e-20
2766 257.528 -1.40342e-19
2765 287.327 8.20212e-19
2764 257.891 -1.22227e-18
2763 222.304 -6.95453e-19
2762 260.038 -7.206e-19
2761 236.731 -2.22014e-19
2760 243.009 -3.58212e-19
2759 224.77 9.45081e-19
2758 261.634 7.75061e-19
2757 305.798 2.01116e-19
2756 269.432 2.23489e-19
2755 320.907 4.6246e-19
2754 241.221 8.52689e-19
2753 277.406 -6.35764e-19
2752 215.189 5.03494e-19
2751 229.343 -6.17321e-19
2750 226.948 -4.99812e-19
2749 312.605 7.32795e-21
2748 238.788 5.76262e-19
2747 266.994 -6.76747e-19
2746 227.235 4.69949e-20
2745 249.401 -1.12443e-19
2744 237.931 -1.21084e-19
2743 210.075 9.1545e-20
2742 248.128 8.62762e-20
2741 227.878 -1.07773e-19
2740 242.276 1.00966e-19
2739 270.775 6.24541e-19
2738 215.023 -7.52872e-20
2737 252.64 -6.4286e-21
2736 210.997 -9.08941e-19
2735 253.876 -2.64388e-19
2734 240.134 -6.42709e-19
2733 230.159 8.68473e-19
2732 180.137 -4.03103e-19
2731 262.471 3.88585e-19
2730 276.09 -1.28212e-18
2729 226.779 1.97705e-19
2728 213.19 -4.54268e-20
2727 241.263 -2.79799e-19
2726 260.815 -1.27205e-19
2725 250.864 3.87615e-20
2724 253.785 1.35302e-19
2723 272.444 3.46466e-19
2722 264.528 2.82028e-19
2721 211.633 1.14916e-19
2720 252.878 2.13799e-19
2719 267.9 -2.73615e-19
2718 208.223 8.32812e-19
2717 252.13 -5.15754e-19
2716 213.194 1.49533e-18
2715 237.198 -2.15444e-19
2714 286.96 -4.97198e-19
2713 212.583 -6.04121e-19
2712 242.283 -3.04175e-19
2711 251.654 1.41388e-18
2710 265.848 5.68773e-19
2709 285.39 4.90576e-19
2708 301.222 -2.02319e-19
2707 232.163 -3.049e-19
2706 339.702 -6.7119e-19
2705 234.386 -1.04754e-18
2704 273.823 -1.53008e-18
2703 303.236 5.0245e-19
2702 251.815 1.54643e-19
2701 242.586 -3.27196e-19
2700 222.787 -4.58988e-20
2699 252.821 7.08023e-19
2698 327.23 -2.12811e-19
2697 282.53 3.29172e-19
2696 235.575 2.12226e-19
2695 271.408 -4.38212e-19
2694 230.433 3.50809e-19
2693 248.364 -8.91899e-19
2692 253.758 5.09221e-20
2691 219.371 -4.58916e-19
2690 254.9 -4.90156e-19
2689 265.563 -1.08789e-18
2688 258.554 6.11361e-20
2687 335.215 3.79275e-19
2686 245.72 1.94838e-19
2685 322.461 -4.481e-19
2684 257.775 -8.44419e-19
2683 242.387 -7.57953e-19
2682 234.017 3.02107e-19
2681 308.614 5.36556e-19
2680 250.81 1.21578e-19
2679 263.238 9.52623e-19
2678 293.885 3.77338e-20
2677 264.896 -3.41228e-19
2676 233.399 3.35777e-19
2675 245.633 -5.11687e-19
2674 242.007 -1.12917e-19
2673 282.678 -2.03725e-19
2672 257.073 8.58456e-19
2671 256.013 3.4342e-19
2670 256.113 -1.41958e-19
2669 238.999 -1.80353e-19
2668 247.642 1.32841e-18
2667 273.219 5.61802e-19
2666 271.619 6.22191e-19
2665 277.396 -1.35929e-18
2664 230.46 -1.45926e-19
2663 275.182 5.24449e-19
2662 235.654 3.81689e-19
2661 278.955 5.15372e-19
2660 227.663 5.86157e-19
2659 299.47 5.70896e-19
2658 254.07 -9.40037e-19
2657 235.116 1.13181e-18
2656 249.304 -1.79796e-19
2655 305.296 8.88666e-20
2654 250.83 7.62591e-20
2653 325.353 -5.87784e-19
2652 272.906 3.82106e-19
2651 293.318 8.63462e-19
2650 290.961 -1.87734e-19
2649 231.577 2.03925e-19
2648 238.386 4.89983e-19
2647 246.176 5.95774e-20
2646 330.182 -1.46431e-20
2645 241.787 1.42761e-19
2644 325.949 6.3383e-19
2643 252.707 -1.1102e-19
2642 244.051 -2.59894e-19
2641 245.991 -5.24561e-19
2640 257.326 -7.22074e-20
2639 306.767 -1.18407e-19
2638 269.506 -3.88477e-19
2637 260.651 -1.09546e-18
2636 210.967 4.52092e-19
2635 257.473 -3.26121e-19
2634 276.717 -4.57524e-19
2633 269.838 3.50676e-20
2632 211.274 -1.32173e-19
2631 365.391 7.54074e-19
2630 247.777 4.44785e-19
2629 267.38 -1.49348e-18
2628 253.79 2.74442e-19
2627 249.14 1.6961e-19
2626 283.941 -1.05469e-19
2625 281.186 -2.52204e-20
2624 225.596 4.85005e-19
2623 270.655 3.61269e-20
2622 267.995 1.16e-18
2621 253.091 1.19936e-19
2620 287.935 4.41429e-20
2619 228.561 2.05921e-19
2618 284.304 -1.72213e-18
2617 252.024 -2.59006e-19
2616 253.147 1.82827e-19
2615 263.539 6.17447e-19
2614 235.538 -6.76934e-19
2613 295.781 2.76174e-19
2612 241.554 1.46473e-19
2611 277.578 7.50411e-20
2610 240.15 8.60032e-19
2609 273.013 2.62369e-19
2608 282.927 2.30908e-19
2607 239.889 -5.93317e-20
2606 345.668 2.13846e-19
2605 254.445 2.92291e-19
2604 276.882 1.03881e-19
2603 231.266 8.96908e-19
2602 259.574 2.07366e-19
2601 316.802 1.36061e-18
2600 249.407 6.55993e-19
2599 274.605 4.75454e-19
2598 245.129 -9.20559e-19
2597 260.323 1.49684e-19
2596 319.71 7.07781e-21
2595 238.899 -6.01632e-19
2594 291.69 -1.16007e-18
2593 288.918 8.34517e-19
2592 351.388 -1.00706e-19
2591 223.145 4.12327e-19
2590 277.719 -1.34039e-18
2589 281.991 2.25513e-19
2588 284.177 -6.10039e-19
2587 285.489 5.26686e-19
2586 299.122 7.87108e-19
2585 283.133 3.05701e-19
2584 286.92 1.25315e-18
2583 232.628 -5.5667e-19
2582 349.305 -7.20443e-19
2581 243.955 1.54097e-19
2580 293.831 -1.23587e-18
2579 274.366 1.99103e-19
2578 276.105 -5.85954e-19
2577 260.316 1.64231e-18
2576 291.535 1.0135e-18
2575 317.008 -4.47758e-20
2574 321.15 -8.76831e-19
2573 268.698 6.13496e-20
2572 256.269 4.87096e-20
2571 279.731 -1.16249e-18
2570 335.848 -2.15445e-19
2569 238.793 5.35699e-19
2568 249.678 -1.18481e-18
2567 260.381 -4.1054e-20
2566 245.538 9.56943e-19
2565 273.885 7.86803e-19
2564 323.471 4.74289e-20
2563 311.04 2.22735e-19
2562 256.106 7.7341e-19
2561 281.526 -7.34866e-19
2560 303.316 3.59229e-19
2559 309.899 -1.15525e-18
2558 265.447 -5.62878e-19
2557 281.379 -1.73599e-19
2556 260.958 -6.67827e-20
2555 283.011 -3.52717e-19
2554 302.709 5.69386e-19
2553 306.151 4.24403e-19
2552 241.775 1.46262e-19
2551 245.726 -7.36478e-19
2550 348.911 -1.75087e-18
2549 261.483 -7.8103e-20
2548 312.705 5.2476e-19
2547 313.07 6.27766e-20
2546 317.154 3.46404e-19
2545 267.316 -7.19226e-19
2544 277.107 7.56241e-19
2543 316.47 2.52619e-19
2542 291.837 1.75838e-19
2541 355.962 -1.99383e-19
2540 289.432 -4.94231e-19
2539 324.659 -5.4501e-20
2538 316.467 5.5854e-19
2537 249.821 1.73292e-19
2536 267.547 -6.24599e-19
2535 346.056 -6.08294e-19
2534 360.557 3.31068e-19
2533 244.558 2.9463e-19
2532 283.327 5.538e-19
2531 283.272 3.75684e-19
2530 322.816 -1.08743e-18
2529 331.838 5.55496e-19
2528 239.799 -7.00208e-19
2527 328.593 6.68446e-19
2526 322.111 -2.17582e-19
2525 266.817 -4.39212e-19
2524 321.459 7.58993e-19
2523 255.578 -1.7284e-19
2522 294.028 8.34829e-20
2521 278.773 5.26116e-19
2520 264.911 7.21786e-19
2519 290.378 3.23559e-20
2518 278.608 -9.50241e-20
2517 252.127 1.24468e-19
2516 319.659 2.64795e-19
2515 281.544 3.62931e-19
2514 336.222 4.85295e-19
2513 280.672 -5.11364e-19
2512 289.275 3.63549e-19
2511 298.409 4.64887e-19
2510 347.843 -2.07901e-19
2509 277.729 7.49022e-19
2508 307.841 -8.12531e-19
2507 305.273 5.80274e-19
2506 375.518 7.30751e-19
2505 271.791 -4.46516e-20
2504 253.275 -3.74871e-19
2503 236.109 -1.42384e-19
2502 298.918 -1.44329e-19
2501 309.828 3.7657e-19
2500 316.127 -2.83558e-19
2499 272.451 -8.22972e-19
2498 309.812 2.85437e-19
2497 332.309 -2.86292e-19
2496 305.903 1.90976e-19
2495 259.331 -2.76234e-19
2494 368.948 1.34003e-19
2493 275.667 3.82837e-19
2492 279.506 -3.78744e-19
2491 279.872 5.2717e-19
2490 332.194 -1.39848e-19
2489 305.613 5.67542e-19
2488 376.503 -6.59006e-19
2487 271.626 -1.51694e-19
2486 281.157 4.83692e-19
2485 294.826 -1.45947e-19
2484 255.353 1.39363e-19
2483 272.777 -3.06755e-19
2482 296.347 1.29335e-19
2481 275.967 1.82374e-19
2480 337.08 1.65856e-19
2479 321.519 1.33906e-19
2478 276.263 2.84925e-19
2477 315.675 4.5044e-19
2476 311.985 1.41016e-19
2475 347.402 4.21704e-19
2474 248.064 4.89961e-19
2473 320.466 1.8387e-18
2472 285.456 4.11133e-19
2471 308.345 -3.91406e-19
2470 302.498 -8.05301e-19
2469 315.188 -3.42212e-19
2468 302.2 -1.26458e-18
2467 305.523 1.12729e-19
2466 313.155 -1.28752e-19
2465 289.632 6.65965e-19
2464 286.257 7.80218e-19
2463 277.473 -1.83518e-19
2462 351.072 2.87948e-19
2461 344.11 8.4598e-20
2460 281.435 -7.12284e-19
2459 268.961 2.87063e-19
2458 338.91 -2.96257e-19
2457 345.756 1.57224e-19
2456 308.753 9.01262e-19
2455 358.904 -7.00399e-19
2454 308.783 -2.12268e-19
2453 338.714 8.72293e-19
2452 258.293 -1.58416e-18
2451 315.872 -5.96534e-19
2450 282.453 -6.39142e-19
2449 268.199 -3.56396e-19
2448 304.477 -7.17986e-19
2447 288.024 -1.97218e-19
2446 319.213 -1.49551e-19
2445 337.655 -3.95288e-19
2444 266.206 -7.83409e-19
2443 334.745 -4.5349e-19
2442 308.03 5.1737e-19
2441 305.862 -6.45005e-19
2440 334.599 -3.6308e-19
2439 289.852 5.14782e-19
2438 367.215 1.49775e-18
2437 257.053 -8.84103e-19
2436 360.181 -5.26612e-19
2435 297.125 -5.65315e-19
2434 279.842 -3.61713e-19
2433 303.512 -7.7012e-19
2432 303.957 -2.3275e-19
2431 326.271 4.89737e-19
2430 383.697 -1.91646e-19
2429 375.284 1.51552e-19
2428 326.81 4.06699e-19
2427 349.402 -8.27751e-19
2426 335.273 -2.08051e-19
2425 351.438 -7.78147e-19
2424 341.27 -2.96122e-19
2423 338.953 1.1057e-18
2422 341.768 -2.71891e-19
2421 346.182 7.51935e-20
2420 290.032 -3.93938e-19
2419 275.772 3.96842e-19
2418 271.158 -3.5902e-19
2417 375.128 6.35297e-20
2416 294.393 -2.91383e-19
2415 343.091 8.82752e-19
2414 319.542 1.0979e-18
2413 312.227 -7.21947e-20
2412 331.205 -1.01291e-18
2411 335.864 -1.1926e-19
2410 344.88 -1.02043e-19
2409 378.157 -1.32323e-18
2408 263.708 5.0029e-19
2407 390.294 -4.1222e-19
2406 417.987 7.16849e-19
2405 338.525 6.94147e-19
2404 323.715 -1.81391e-19
2403 397.459 2.07062e-19
2402 239.536 1.94239e-19
2401 344.368 -6.82399e-19
2400 316.547 -6.51093e-19
2399 398.842 -4.95174e-20
2398 364.36 7.72559e-19
2397 416.917 6.53175e-19
2396 340.791 -5.48855e-20
2395 272.259 -8.28513e-20
2394 331.678 -1.17136e-18
2393 342.793 -3.30267e-19
2392 332.52 2.12968e-19
2391 319.187 3.07476e-19
2390 304.258 7.85869e-19
2389 404.149 7.45351e-19
2388 312.803 -6.90154e-19
2387 297.707 4.52345e-20
2386 330.669 5.5289e-19
2385 329.127 -9.9737e-19
2384 332.51 1.94312e-19
2383 342.388 -1.74582e-19
2382 287.339 -4.9357e-19
2381 346.248 -1.14737e-20
2380 296.527 9.60195e-20
2379 439.899 2.17802e-19
2378 354.572 4.88302e-19
2377 298.974 -1.80467e-19
2376 288.934 9.42738e-19
2375 273.974 8.74743e-19
2374 350.822 3.29566e-19
2373 399.671 5.6913e-19
2372 286.096 -6.16796e-19
2371 338.056 -4.54284e-19
2370 340.461 5.48715e-19
2369 321.8 -7.6273e-19
2368 396 -4.50306e-20
2367 386.059 -4.21688e-19
2366 427.693 4.56109e-19
2365 326.573 2.33393e-19
2364 362.414 -3.54722e-19
2363 323.072 4.50334e-19
2362 310.645 -2.50454e-20
2361 327.531 -6.19451e-19
2360 435.145 -6.28695e-19
2359 395.325 5.52065e-19
2358 299.176 5.71664e-20
2357 343.239 4.8558e-19
2356 340.621 3.88568e-19
2355 355.698 -7.30129e-19
2354 396.737 3.24699e-19
2353 351.923 1.27505e-19
2352 384.108 3.31641e-19
2351 363.575 -6.81901e-19
2350 428.91 4.63683e-19
2349 316.8 4.81565e-19
2348 319.911 5.83708e-19
2347 322.429 8.41401e-20
2346 355.502 4.80528e-19
2345 406.858 2.88258e-19
2344 273.936 -1.24339e-18
2343 386.088 -3.27035e-19
2342 366.177 7.80516e-19
2341 433.522 -7.338e-19
2340 364.537 -1.54071e-19
2339 399.522 3.72921e-19
2338 323.422 -4.72558e-19
2337 369.555 -7.85775e-19
2336 310.91 -6.28786e-19
2335 401.036 1.44552e-19
2334 291.861 3.9601e-19
2333 377.995 5.05089e-20
2332 318.629 -1.9184e-18
2331 436.351 -1.68737e-19
2330 392.527 -4.17272e-19
2329 355.382 -2.31305e-19
2328 354.289 -6.45598e-19
2327 320.594 -6.61303e-19
2326 331.335 -4.47381e-19
2325 304.146 -3.85165e-19
2324 285.571 9.18661e-19
2323 373.593 -2.05856e-19
2322 397.745 6.62488e-19
2321 381.455 -5.51513e-19
2320 380.519 -4.59205e-19
2319 386.384 3.20965e-20
2318 361.411 4.07644e-19
2317 329.942 7.12193e-19
2316 304.403 -2.00355e-19
2315 353.535 -6.90133e-19
2314 407.265 9.35931e-20
2313 380.472 -4.03346e-19
2312 370.184 -7.78372e-20
2311 371.203 -4.92486e-19
2310 338.667 -5.36129e-19
2309 363.028 3.64175e-19
2308 358.996 -1.19461e-19
2307 359.498 -5.72773e-19
2306 390.315 -7.21814e-19
2305 325.142 -8.57222e-19
2304 358.696 -9.9617e-20
2303 415.652 1.37312e-19
2302 327.089 -1.01711e-18
2301 419.222 -7.17822e-19
2300 382.396 1.38366e-18
2299 308.974 3.63603e-19
2298 356.413 6.8462e-19
2297 355.132 -3.22699e-19
2296 440.498 2.4251e-19
2295 327.681 -2.89145e-20
2294 368.218 -8.78579e-19
2293 435.87 1.83168e-19
2292 418.635 -8.80238e-19
2291 367.065 -1.12917e-18
2290 327.769 -3.68302e-19
2289 319.377 -1.12046e-18
2288 373.933 -7.12339e-19
2287 318.688 3.89294e-19
2286 389.435 2.69482e-19
2285 404.324 1.38234e-19
2284 297.066 9.72763e-19
2283 365.874 -9.74374e-20
2282 340.555 -7.77172e-19
2281 322.698 3.39096e-19
2280 414.335 1.31451e-19
2279 426.265 -3.64534e-19
2278 332.706 -2.35821e-19
2277 311.119 -3.43654e-19
2276 365.528 6.62835e-20
2275 346.874 3.42432e-19
2274 370.877 2.81105e-19
2273 415.156 -5.3552e-19
2272 383.382 5.00921e-20
2271 392.952 -3.39799e-19
2270 411.735 -3.91638e-19
2269 365.359 6.421e-19
2268 415.449 -1.33045e-19
2267 391.843 1.63011e-20
2266 381.532 1.75243e-19
2265 328.193 5.70657e-19
2264 460.235 -4.55177e-19
2263 335.925 -3.98511e-19
2262 312.449 -2.5472e-19
2261 426.01 1.61936e-19
2260 332.902 -4.99737e-19
2259 393.802 -1.43082e-19
2258 391.516 1.66862e-18
2257 443.632 -4.2899e-19
2256 323.631 -4.10269e-19
2255 345.636 3.62288e-19
2254 439.294 2.38912e-19
2253 425.821 9.76959e-20
2252 511.993 2.45297e-20
2251 382.886 -6.26575e-19
2250 363.83 -3.11968e-19
2249 403.393 8.17949e-20
2248 346.817 3.15045e-19
2247 437.604 -9.35393e-20
2246 336.92 1.2511e-18
2245 314.296 5.59284e-19
2244 377.917 3.32336e-19
2243 390.958 -9.95314e-19
2242 309.144 6.16242e-19
2241 364.589 5.31646e-19
2240 463.138 1.46243e-19
2239 371.968 7.55904e-19
2238 499.492 -1.17933e-19
2237 389.894 -8.37163e-19
2236 417.293 6.25989e-19
2235 361.913 -7.33328e-19
2234 377.713 -4.77662e-20
2233 464.915 -4.09688e-19
2232 385.216 -7.2175e-19
2231 391.628 9.15088e-19
2230 424.298 -9.53051e-20
2229 397.601 -1.84177e-18
2228 398.026 4.06559e-19
2227 477.25 3.92131e-20
2226 387.005 3.30493e-19
2225 402.609 -1.61637e-19
2224 433.051 -7.32408e-20
2223 368.049 -6.54705e-19
2222 437.625 7.04254e-19
2221 397.456 -1.32623e-20
2220 405.005 2.97716e-19
2219 439.144 -2.48697e-19
2218 408.941 2.70234e-19
2217 352.102 -5.42709e-19
2216 379.302 3.93582e-19
2215 371.28 9.50881e-19
2214 436.08 -7.99884e-19
2213 402.096 -7.45559e-19
2212 403.568 -8.20315e-19
2211 427.642 -1.08302e-19
2210 426.573 9.17541e-19
2209 370.61 -9.32652e-19
2208 408.438 -1.70452e-18
2207 328.631 -1.30325e-19
2206 434.241 1.94631e-19
2205 380.4 -2.28953e-19
2204 411.066 -2.49786e-19
2203 368.392 7.01947e-19
2202 425.255 8.16433e-19
2201 420.228 3.10986e-19
2200 470.199 6.47634e-19
2199 429.783 2.24327e-19
2198 356.316 -2.14423e-19
2197 479.776 -1.08373e-18
2196 391.825 -3.92977e-19
2195 394.375 4.83323e-19
2194 358.853 -7.27701e-19
2193 329.11 1.78613e-19
2192 481.653 -7.4519e-19
2191 391.133 2.44727e-19
2190 344.557 1.0223e-18
2189 425.526 1.1195e-18
2188 402.409 1.30245e-19
2187 389.392 -6.08233e-19
2186 357.139 2.87201e-19
2185 435.63 5.25965e-19
2184 393.628 4.3895e-19
2183 376.964 -8.5717e-19
2182 496.422 9.21847e-19
2181 360.616 2.10459e-19
2180 370.407 -2.06474e-19
2179 417.978 -3.11552e-19
2178 431.755 -2.97105e-19
2177 463.027 4.10605e-19
2176 459.706 -1.63481e-19
2175 539.34 -3.41915e-19
2174 400.257 5.89925e-19
2173 391.878 -7.25185e-19
2172 421.008 -4.30522e-19
2171 345.446 6.4357e-19
2170 349.706 -3.03737e-21
2169 395.403 -1.4789e-19
2168 428.9 1.86429e-19
2167 411.578 -3.35567e-19
2166 387.254 -4.5173e-19
2165 351.066 1.7407e-19
2164 486.859 5.41443e-19
2163 476.815 -1.76204e-19
2162 397.698 1.77639e-19
2161 371.229 -8.02041e-19
2160 545.45 6.63759e-19
2159 487.473 1.89102e-22
2158 491.682 4.45646e-19
2157 317.692 -1.8393e-19
2156 535.79 -6.20848e-19
2155 438.055 6.9892e-21
2154 468.814 5.04837e-19
2153 416.819 2.50917e-19
2152 378.42 4.96584e-19
2151 405.728 -5.36355e-19
2150 406.462 -7.26798e-19
2149 476.211 2.90416e-19
2148 426.804 -1.03766e-18
2147 415.5 1.21353e-19
2146 438.356 -4.49293e-19
2145 486.915 5.5771e-19
2144 448.497 -1.23249e-18
2143 414.666 -3.44641e-19
2142 495.709 9.03673e-19
2141 424.487 -2.49691e-19
2140 509.132 -1.41699e-19
2139 501.838 1.83101e-18
2138 399.673 5.31872e-19
2137 421.1 1.6579e-18
2136 424.783 -5.34101e-19
2135 372.26 1.14306e-19
2134 410.945 1.35863e-18
2133 388.612 -4.75325e-19
2132 398.431 5.10477e-19
2131 519.836 -5.14183e-19
2130 449.381 1.73961e-19
2129 465.308 -4.87653e-19
2128 380.662 -4.54339e-19
2127 514.274 6.38718e-19
2126 451.55 -2.62982e-19
2125 422.956 3.88844e-19
2124 394.233 7.24956e-19
2123 388.883 -8.93334e-19
2122 474.928 5.1243e-19
2121 357.473 -1.00378e-18
2120 347.188 2.05608e-19
2119 455.743 8.66398e-21
2118 476.274 -4.24242e-19
2117 464.957 1.60082e-20
2116 461.831 -7.20878e-19
2115 405.652 8.0917e-19
2114 483.21 -4.78492e-19
2113 456.193 3.10751e-19
2112 398.2 -5.02917e-19
2111 393.735 -4.08439e-19
2110 430.211 1.15863e-18
2109 427.767 4.66818e-19
2108 417.064 4.77191e-19
2107 399.958 2.85332e-19
2106 395.357 -5.6582e-19
2105 524.628 5.15973e-19
2104 499.962 5.66969e-19
2103 401.542 -3.85824e-19
2102 443.046 -3.3387e-19
2101 444.436 7.1433e-19
2100 418.159 9.06253e-20
2099 371.028 2.00155e-19
2098 442.329 3.28447e-19
2097 400.696 -4.62577e-19
2096 452.295 -1.66674e-19
2095 407.544 -2.41868e-19
2094 464.532 -1.52752e-19
2093 467.003 -6.50035e-19
2092 420.09 -8.62344e-19
2091 423.095 -7.03339e-19
2090 498.738 3.39226e-19
2089 512.975 3.07925e-19
2088 529.437 -1.45908e-18
2087 418.878 5.27224e-19
2086 565.401 -1.20651e-18
2085 464.595 -5.17646e-21
2084 481.882 -6.37289e-19
2083 310.168 -1.86493e-19
2082 456.983 -8.48432e-20
2081 520.415 -1.02997e-18
2080 367.937 -1.49676e-19
2079 438.551 7.11934e-20
2078 456.497 -9.00234e-21
2077 434.474 1.14791e-18
2076 409.76 5.75658e-19
2075 475.308 -6.16001e-19
2074 458.164 1.82552e-19
2073 356.832 5.53019e-19
2072 466.621 1.00348e-19
2071 500.03 1.01162e-19
2070 459.332 2.27907e-19
2069 383.446 -1.92607e-19
2068 477.106 1.43806e-19
2067 517.335 3.42374e-19
2066 558.171 -3.13623e-19
2065 558.606 3.44625e-19
2064 517.065 -2.51154e-19
2063 467.56 3.17015e-20
2062 442.991 -1.28567e-18
2061 493.708 5.75528e-19
2060 476.08 -6.34033e-19
2059 501.905 -4.18487e-19
2058 389.536 -1.06383e-19
2057 430.596 -3.96153e-19
2056 467.642 7.43719e-19
2055 466.12 2.31827e-19
2054 537.597 2.84606e-19
2053 487.473 -8.90998e-19
2052 507.74 1.00949e-18
2051 423.211 4.78381e-19
2050 459.858 -9.96341e-19
2049 537.209 -4.90307e-19
2048 489.732 -5.89727e-19
2047 472.855 -4.06219e-19
2046 443.334 1.2351e-19
2045 506.004 3.68624e-19
2044 446.127 2.3461e-19
2043 426.363 -2.17897e-19
2042 684.809 1.36638e-19
2041 429.098 7.59909e-19
2040 437.831 -7.22313e-20
2039 417.269 -8.74385e-19
2038 506.816 -7.81922e-19
2037 450.997 -1.55373e-18
2036 623.389 1.02476e-18
2035 562.39 -1.53019e-19
2034 524.358 -4.15777e-19
2033 532.88 5.2475e-19
2032 441.01 3.75375e-19
2031 533.759 4.65675e-19
2030 438.972 1.63626e-18
2029 544.823 -3.94353e-19
2028 545.305 1.14589e-18
2027 475.676 1.61746e-18
2026 419.336 9.87138e-20
2025 365.82 -5.45896e-20
2024 463.623 -3.57251e-19
2023 485.231 -1.11491e-19
2022 546.767 5.05877e-19
2021 499.806 -5.00077e-19
2020 529.373 -4.7386e-19
2019 570.812 8.78958e-19
2018 480.853 8.83733e-20
2017 427.226 2.7997e-19
2016 571.612 1.11005e-19
2015 443.243 1.67595e-19
2014 458.269 1.17292e-19
2013 460.836 1.31701e-18
2012 491.888 2.84974e-19
2011 575.833 1.4511e-19
2010 458.691 -2.16026e-19
2009 409.218 1.00179e-19
2008 496.569 2.1916e-19
2007 503.358 7.77183e-21
2006 597.752 5.10225e-19
2005 407.16 -3.30666e-19
2004 460.308 -5.33288e-19
2003 467.433 -2.17751e-19
2002 540.063 4.36555e-19
2001 576.313 -3.85769e-19
2000 450.475 -1.69582e-19
1999 631.861 3.42335e-19
1998 473.73 -8.14807e-19
1997 502.477 1.7565e-20
1996 515.115 2.77849e-19
1995 490.143 -8.65108e-19
1994 483.676 5.15793e-19
1993 486.731 7.1909e-19
1992 500.782 6.03124e-19
1991 457.862 -2.98408e-19
1990 518.48 2.15412e-19
1989 522.733 2.73257e-19
1988 601.442 -6.06055e-19
1987 475.478 -2.56261e-19
1986 585.581 -1.27727e-18
1985 369.334 5.31789e-19
1984 589.565 8.11623e-19
1983 556.143 2.29264e-19
1982 489.343 1.57309e-18
1981 518.732 -1.28233e-18
1980 402.022 6.05743e-19
1979 507.145 8.74356e-19
1978 513.507 -5.71258e-19
1977 414.377 -4.97577e-20
1976 560.402 -6.3598e-19
1975 389.37 7.82815e-20
1974 620.377 -3.51384e-19
1973 518.438 -1.55572e-18
1972 529.898 1.86165e-18
1971 468.952 -1.72334e-19
1970 508.702 2.7424e-19
1969 528.885 -1.10384e-19
1968 536.47 -1.26777e-18
1967 574.03 1.07359e-18
1966 483.3 1.22545e-18
1965 649.304 4.34404e-19
1964 491.051 1.06245e-19
1963 509.383 -8.49454e-19
1962 542.3 -8.56993e-19
1961 547.002 -2.49642e-19
1960 529.456 -6.33726e-19
1959 521.236 -1.22569e-18
1958 466.518 -1.88502e-19
1957 553.953 1.28223e-18
1956 612.871 1.02299e-18
1955 530.137 -8.74055e-19
1954 487.233 -7.01499e-19
1953 475.205 -1.03979e-18
1952 479.223 -2.6981e-19
1951 495.07 -1.74542e-19
1950 534.159 -5.62615e-19
1949 557.358 -2.2541e-19
1948 494.461 -6.51285e-19
1947 463.398 2.68165e-19
1946 485.255 4.41763e-19
1945 534.151 3.72486e-20
1944 730.556 4.70671e-19
1943 511.06 -7.34949e-19
1942 527.865 4.56058e-19
1941 396.6 1.0639e-18
1940 587.403 9.15326e-20
1939 635.042 5.96487e-21
1938 572.774 5.26393e-19
1937 488.676 -1.18573e-18
1936 483.705 -1.9127e-19
1935 555.43 3.22352e-19
1934 502.316 -5.91987e-19
1933 457.851 -2.97956e-20
1932 473.221 -6.92142e-20
1931 619.092 1.86925e-20
1930 405.107 3.77811e-19
1929 495.674 8.76582e-19
1928 444.112 -2.2831e-19
1927 504.209 9.82656e-19
1926 587.608 -6.24556e-20
1925 583.268 -2.9793e-19
1924 589.795 -1.04706e-18
1923 456.803 1.13819e-18
1922 552.935 3.66684e-19
1921 476.337 7.11914e-19
1920 465.003 -8.48502e-19
1919 659.356 8.19366e-19
1918 564.336 3.09986e-19
1917 670.42 -3.74134e-19
1916 609.596 8.18695e-20
1915 539.284 -1.02107e-18
1914 548.16 5.34756e-19
1913 655.709 -6.71899e-19
1912 577.52 -1.19372e-18
1911 497.008 -2.78664e-19
1910 488.451 -4.62516e-19
1909 587.26 -7.78935e-19
1908 564.571 -1.57485e-18
1907 586.414 -9.29011e-19
1906 528.695 -1.32698e-20
1905 567.364 -1.73648e-19
1904 685 -6.16325e-19
1903 626.909 7.57259e-19
1902 529.978 7.68488e-19
1901 558.419 -4.47122e-19
1900 639.742 -1.09342e-18
1899 578.388 -6.93723e-19
1898 578.208 1.43976e-19
1897 458.001 -7.98255e-19
1896 596.091 -1.32887e-18
1895 593.458 6.89334e-19
1894 537.721 4.55989e-19
1893 534.792 5.64732e-19
1892 619.741 -6.58279e-19
1891 591.965 1.25035e-19
1890 618.919 3.71879e-19
1889 544.509 1.14248e-18
1888 711.503 6.04725e-19
1887 603.355 -5.43526e-19
1886 559.292 -1.2734e-18
1885 596.707 -7.44283e-19
1884 531.199 4.15729e-19
1883 613.304 -9.97192e-19
1882 542.663 9.45616e-19
1881 650.134 -2.99224e-19
1880 726.435 -5.67325e-20
1879 583.216 6.26575e-19
1878 496.002 -1.34759e-18
1877 542.227 3.64773e-20
1876 534.215 4.83031e-20
1875 563.38 3.57796e-20
1874 550.025 9.49438e-20
1873 617.33 -3.60406e-19
1872 594.737 4.10782e-19
1871 553.815 -7.38501e-19
1870 538.585 1.40932e-19
1869 639.91 -1.88959e-18
1868 622.991 -3.76512e-19
1867 549.124 -7.47307e-19
1866 609.958 4.17367e-19
1865 588.291 9.90427e-19
1864 562.55 -1.74038e-19
1863 664.125 1.30089e-19
1862 688.454 4.66528e-19
1861 532.187 8.1813e-20
1860 488.522 4.92476e-19
1859 569.283 4.96989e-19
1858 552.042 -7.32213e-20
1857 623.468 4.14588e-19
1856 511.906 -1.4236e-18
1855 557.195 -4.87293e-19
1854 615.015 -2.05415e-19
1853 537.909 3.79041e-19
1852 627.639 2.09047e-19
1851 536.028 7.94072e-20
1850 650.524 6.15029e-19
1849 662.612 -7.06578e-19
1848 606.249 -7.68731e-19
1847 550.532 -4.52756e-19
1846 534.676 7.83574e-19
1845 573.53 -1.89142e-20
1844 737.775 9.69167e-19
1843 537.337 -8.4964e-19
1842 584.367 5.70506e-19
1841 520.001 -9.08782e-19
1840 491.303 8.01064e-19
1839 645.749 6.61869e-19
1838 556.13 1.64463e-19
1837 639.779 4.38203e-20
1836 632.98 5.77698e-19
1835 651.286 2.84642e-19
1834 611.871 -3.50198e-19
1833 734.08 3.61861e-19
1832 562.119 6.98603e-19
1831 531.508 -3.17002e-20
1830 518.295 -8.11028e-20
1829 620.556 2.26607e-19
1828 589.527 -2.25087e-19
1827 801.242 4.03225e-19
1826 502.247 -6.08547e-19
1825 656.759 1.11227e-19
1824 707.753 -3.49267e-19
1823 746.18 2.02004e-19
1822 637.045 2.25879e-19
1821 733.498 -1.47103e-19
1820 564.787 -9.40165e-19
1819 566.387 -1.22162e-18
1818 601.908 5.0063e-19
1817 671.791 1.14288e-18
1816 777.774 -9.63941e-19
1815 663.674 -7.37767e-19
1814 559.378 1.40913e-18
1813 544.202 -4.76896e-19
1812 663.452 6.74321e-19
1811 717.554 9.50864e-19
1810 596.725 -2.03383e-18
1809 668.771 6.10859e-19
1808 602.515 -2.54932e-19
1807 629.902 5.10908e-19
1806 647.089 4.14295e-19
1805 651.978 -6.40034e-19
1804 631.519 1.06627e-18
1803 716.236 -7.00555e-19
1802 660.79 8.94325e-20
1801 777.851 -5.36374e-19
1800 590.224 -5.22834e-19
1799 640.927 -3.46888e-19
1798 749.468 5.52672e-20
1797 643.26 9.84868e-20
1796 621.752 -3.01552e-19
1795 659.344 -3.48087e-19
1794 667.343 -4.02518e-19
1793 549.025 3.67287e-19
1792 605.912 -1.30483e-18
1791 674.017 -5.21993e-19
1790 531.142 -5.68248e-19
1789 789.134 -1.38369e-19
1788 675.992 1.35513e-19
1787 588.425 -8.20136e-19
1786 663.318 6.67185e-19
1785 723.759 -7.63789e-19
1784 597.725 1.0077e-19
1783 654.601 -5.98358e-19
1782 555.948 -1.07227e-19
1781 647.852 1.50142e-19
1780 759.025 -2.95885e-19
1779 687.028 9.37269e-19
1778 747.215 -1.96351e-19
1777 641.385 -7.28722e-19
1776 651.106 -5.27377e-19
1775 644.224 -8.00352e-19
1774 650.726 6.45128e-19
1773 565.493 -3.44897e-19
1772 729.858 3.73838e-19
1771 720.618 -2.59704e-19
1770 734.393 -7.28808e-19
1769 699.907 2.4213e-19
1768 640.891 -4.44646e-19
1767 689.412 5.16576e-19
1766 635.606 -3.73252e-19
1765 641.044 -1.6446e-18
1764 687.408 9.2968e-20
1763 667.151 3.09469e-19
1762 617.634 7.93235e-19
1761 756.466 -6.05444e-19
1760 641.307 5.21757e-19
1759 806.79 -1.05602e-18
1758 577.365 -9.17941e-19
1757 633.382 -6.39769e-19
1756 585.337 4.12465e-19
1755 790.412 3.24473e-19
1754 726.869 7.62204e-20
1753 592.697 -5.16011e-19
1752 809.891 9.45197e-20
1751 677.095 -4.07281e-20
1750 569.194 6.28801e-19
1749 735.845 2.77865e-19
1748 621.287 -1.32086e-19
1747 689.05 -7.98877e-19
1746 585.594 -7.40412e-19
1745 764.064 2.81918e-19
1744 593.729 7.911e-19
1743 663.536 -1.14339e-18
1742 667.697 7.28779e-19
1741 672.888 4.25832e-19
1740 604.856 -5.64943e-19
1739 626.642 3.77157e-19
1738 799.915 2.19963e-19
1737 682.337 -2.99094e-20
1736 639.906 -2.75412e-19
1735 671.455 -8.68961e-19
1734 570.321 -3.55625e-19
1733 721.912 -1.99067e-19
1732 672.731 8.20744e-20
1731 676.839 -7.29395e-19
1730 657.884 -3.90985e-19
1729 650.522 -1.16612e-19
1728 701.71 -3.42474e-20
1727 645.91 4.45297e-19
1726 660.879 1.30835e-19
1725 755.974 -4.49957e-19
1724 850.59 1.27738e-18
1723 793.741 1.81169e-19
1722 728.019 3.81727e-19
1721 740.405 -1.43387e-18
1720 781.049 -4.21329e-19
1719 874.749 5.90649e-19
1718 580.342 -1.04343e-18
1717 613.241 -3.93022e-19
1716 705.57 -6.4463e-20
1715 723.382 -3.88528e-19
1714 589.776 -3.93165e-19
1713 758.678 1.01713e-18
1712 710.879 7.47659e-19
1711 576.231 -3.93716e-19
1710 883.502 -1.37491e-19
1709 703.388 1.12903e-19
1708 813.09 2.96612e-19
1707 683.259 3.51483e-19
1706 632.937 -5.90227e-19
1705 708.435 1.01402e-19
1704 732.237 -3.51391e-19
1703 758.042 4.3771e-19
1702 754.596 3.70915e-19
1701 627.204 -2.69909e-19
1700 839.358 -5.18475e-19
1699 766.17 -3.336e-19
1698 604.601 -5.03669e-19
1697 726.943 -1.06978e-18
1696 800.559 1.68501e-19
1695 708.803 -1.41715e-18
1694 670.932 5.49128e-19
1693 810.651 -7.92339e-20
1692 661.182 -2.77797e-19
1691 870.478 -3.34482e-19
1690 473.533 -2.777e-19
1689 747.66 5.9891e-19
1688 902.933 8.24857e-19
1687 864.841 -8.17185e-19
1686 829.474 2.4033e-19
1685 724.665 -6.67879e-21
1684 753.434 -1.2083e-18
1683 708.191 3.49536e-19
1682 732.343 5.95969e-19
1681 797.124 1.47022e-18
1680 775.211 5.19504e-19
1679 693.729 7.62068e-20
1678 817.574 4.5762e-19
1677 732.676 2.9512e-19
1676 938.235 2.92206e-21
1675 698.107 9.82818e-20
1674 650.927 -2.6419e-19
1673 765.109 -3.23845e-19
1672 735.653 8.12463e-19
1671 880.69 1.08134e-18
1670 715.79 7.47906e-20
1669 713.13 5.45688e-19
1668 762.754 -6.14217e-19
1667 680.636 7.63713e-19
1666 643.621 2.14456e-19
1665 667.915 6.40902e-19
1664 713.556 -3.98567e-19
1663 969.871 -4.92149e-19
1662 736.27 -9.24743e-19
1661 654.702 4.06204e-19
1660 703.06 4.8938e-19
1659 804.278 6.06399e-19
1658 746.337 -1.19608e-18
1657 641.232 -5.42164e-19
1656 716.437 -7.6413e-20
1655 927.457 4.16189e-19
1654 733.49 2.7634e-19
1653 694.34 -1.10477e-18
1652 780.324 -8.79237e-19
1651 690.167 5.8246e-19
1650 683.249 9.0512e-20
1649 898.185 5.55505e-19
1648 732.345 1.4443e-20
1647 771.372 -4.79599e-19
1646 896.276 7.25561e-19
1645 727.769 -2.87429e-19
1644 998.601 8.43078e-19
1643 832.796 -4.07004e-19
1642 816.452 -3.93706e-19
1641 783.851 -7.02582e-19
1640 743.245 -7.19175e-19
1639 654.664 -3.35665e-19
1638 621.831 1.25615e-20
1637 768.647 4.49392e-20
1636 848.323 1.22273e-19
1635 948.158 6.08206e-19
1634 858.513 7.35229e-20
1633 951.137 2.98507e-19
1632 679.51 7.74991e-19
1631 818.541 -8.84497e-20
1630 721.299 5.18434e-19
1629 833.291 -4.89606e-19
1628 735.716 9.69383e-19
1627 770.241 3.74143e-19
1626 783.24 -6.06058e-19
1625 784.923 -1.26946e-18
1624 618.345 -5.10693e-19
1623 876.114 6.1513e-19
1622 781.512 -3.46216e-20
1621 850.33 3.08959e-20
1620 741.809 -1.45425e-19
1619 781.656 -1.25762e-19
1618 805.513 5.68755e-19
1617 738.709 -3.24786e-19
1616 697.271 -8.41093e-20
1615 776.373 -1.10713e-18
1614 866.478 -8.29942e-19
1613 743.852 -5.47667e-20
1612 734.123 6.32065e-19
1611 893.757 2.7429e-19
1610 873.778 4.68576e-21
1609 774.183 -1.35773e-18
1608 863.434 -2.5612e-19
1607 897.281 -2.85758e-19
1606 941.758 4.31401e-19
1605 819.213 -6.62367e-19
1604 745.284 4.09279e-19
1603 703.753 -1.13797e-18
1602 871.916 8.39999e-19
1601 829.737 -4.97497e-19
1600 778.389 6.74556e-19
1599 756.013 -2.45007e-21
1598 969.182 9.05452e-20
1597 905.476 3.74234e-19
1596 904.963 -3.93091e-20
1595 1030.22 -7.04944e-20
1594 987.201 -2.84525e-19
1593 779.649 -6.56669e-19
1592 749.491 8.8042e-20
1591 972.78 1.20896e-18
1590 724.161 -2.00436e-19
1589 962.825 5.37435e-19
1588 842.689 -4.43068e-19
1587 704.249 7.85663e-19
1586 720.212 -4.95026e-19
1585 763.218 -1.21587e-18
1584 790.777 4.14573e-19
1583 759.815 3.39877e-19
1582 789.777 1.15224e-19
1581 713.492 -3.28463e-20
1580 809.102 6.2761e-19
1579 599.779 1.69155e-19
1578 825.142 2.28201e-19
1577 945.275 -7.59611e-20
1576 772.766 3.7046e-19
1575 791.093 -1.22503e-19
1574 991.212 -1.02162e-19
1573 877.912 -2.69816e-19
1572 874.723 -7.02868e-19
1571 919.345 -2.0098e-22
1570 900.784 -5.35144e-20
1569 848.826 1.4059e-19
1568 787.935 3.51821e-19
1567 885.942 -6.18128e-19
1566 884.55 9.53921e-19
1565 853.001 -1.88806e-19
1564 1032.11 5.04348e-20
1563 910.17 -8.88908e-19
1562 918.243 2.39385e-20
1561 1032.29 -8.58928e-20
1560 874.959 7.37018e-19
1559 959.538 -1.03332e-19
1558 812.437 5.50494e-19
1557 834.005 -3.6972e-19
1556 764.955 1.13732e-19
1555 783.363 -5.31172e-19
1554 877.516 -1.15457e-18
1553 748.347 5.34769e-19
1552 1024.17 4.79937e-19
1551 852.166 5.64291e-19
1550 790.877 3.92118e-19
1549 1043.18 8.16079e-19
1548 685.684 1.05189e-20
1547 970.945 -1.73533e-19
1546 895.123 -5.97595e-19
1545 1203.8 -2.25431e-18
1544 957.636 1.02599e-18
1543 950.359 5.92925e-19
1542 963.332 -1.73199e-19
1541 806.317 7.86375e-19
1540 913.001 4.03725e-19
1539 945.928 1.39298e-18
1538 867.59 -6.28618e-19
1537 689.317 5.50693e-19
1536 1027.45 1.85812e-19
1535 1049 -6.82611e-19
1534 858.938 2.02573e-19
1533 781.204 1.31196e-19
1532 960.525 -7.16023e-19
1531 831.411 -2.06511e-19
1530 799.003 -7.04158e-19
1529 846.83 -2.13258e-19
1528 1085.57 -1.79282e-19
1527 750.187 1.6318e-19
1526 903.485 -9.06417e-19
1525 875.682 1.95908e-19
1524 1026.38 7.42965e-19
1523 876.313 1.40466e-18
1522 947.197 -4.99721e-19
1521 1020.99 3.22643e-19
1520 1022.94 -3.76943e-19
1519 854.888 2.71843e-19
1518 1040.35 -1.13891e-18
1517 882.077 -6.38427e-19
1516 949.465 -1.5341e-18
1515 823.782 6.96917e-20
1514 943.493 4.1903e-19
1513 919.275 -1.99845e-19
1512 1029.89 -7.89552e-19
1511 746.728 -3.49403e-19
1510 991.6 -6.36595e-19
1509 925.292 3.05758e-19
1508 939.239 -1.68954e-19
1507 1059.97 -6.95623e-19
1506 944.214 1.08636e-19
1505 960.363 -9.04815e-19
1504 786.054 -6.23092e-19
1503 944.421 -2.25258e-19
1502 1025.53 2.14962e-20
1501 988.593 -1.25822e-19
1500 902.525 3.43587e-19
1499 1092.29 -4.67296e-19
1498 881.291 1.09477e-18
1497 865.834 -6.12317e-19
1496 928.766 -1.84651e-19
1495 983.622 -8.9759e-19
1494 1151.99 3.57953e-19
1493 937.981 -4.87564e-19
1492 752.606 -9.93717e-19
1491 925.96 3.36495e-19
1490 1012.48 2.18025e-19
1489 1319.56 -4.27694e-19
1488 943.312 -2.35257e-19
1487 925.103 -3.41699e-20
1486 1055.95 6.31044e-19
1485 1020.05 7.23515e-19
1484 977.208 1.4163e-18
1483 1011.68 9.87149e-19
1482 1021.71 1.72032e-19
1481 1093.88 -3.06837e-19
1480 992.474 9.83957e-20
1479 974.784 -2.66893e-19
1478 1037.26 6.93996e-19
1477 1103.47 -1.11938e-20
1476 828.643 -4.86621e-19
1475 825.663 -3.60904e-19
1474 825.387 2.08369e-19
1473 962.186 1.32438e-18
1472 973.906 2.00765e-19
1471 1006.15 7.15947e-19
1470 1215.19 -1.17308e-18
1469 1088.22 -4.42991e-19
1468 1069.7 -3.26105e-19
1467 1069.61 8.05462e-19
1466 983.186 8.64341e-19
1465 856.172 -9.25726e-19
1464 826.349 1.23101e-19
1463 1113.23 2.12289e-19
1462 836.124 4.54791e-19
1461 940.827 6.05403e-19
1460 1149.82 2.01757e-19
1459 932.3 -6.32254e-19
1458 1040.49 7.17817e-19
1457 1073.79 -5.33465e-19
1456 1142.94 5.097e-21
1455 1227.37 1.04671e-18
1454 1214.8 -4.14728e-19
1453 1040.56 -6.93709e-19
1452 1011.28 -3.16753e-19
1451 865.476 4.3791e-19
1450 1101.19 -1.02742e-18
1449 1368.83 -1.57431e-18
1448 1077.86 -5.50313e-19
1447 1083.11 -6.22188e-19
1446 1112.21 -6.16119e-19
1445 957.168 -6.55445e-19
1444 1249.9 -2.72978e-19
1443 976.431 -6.32305e-19
1442 947.31 2.66566e-19
1441 1191.55 -8.57878e-19
1440 1194.7 7.31543e-19
1439 1226.01 7.2503e-19
1438 1204.52 -7.4e-19
1437 995.047 9.29681e-19
1436 1295.48 -6.87159e-19
1435 991.5 6.1011e-19
1434 1214.24 -1.54327e-18
1433 1057.83 1.41301e-20
1432 1047.07 -3.60599e-21
1431 937.069 -3.93881e-19
1430 1223.96 -1.42001e-18
1429 1054.73 -2.44954e-18
1428 1030.57 1.3191e-18
1427 1296.6 7.06524e-19
1426 1262.93 3.49192e-19
1425 1065.39 7.43121e-20
1424 855.096 -6.43933e-19
1423 1369.55 6.55167e-19
1422 1071.15 2.6553e-19
1421 1072.86 -5.47704e-19
1420 881.701 1.04305e-18
1419 1083.25 -3.40185e-19
1418 1096.94 -2.27148e-19
1417 1001.46 -1.4369e-18
1416 1215.73 -7.06109e-19
1415 1263.52 -3.03975e-19
1414 1421.97 -2.18813e-19
1413 1051.66 -1.36592e-18
1412 839.69 7.08312e-20
1411 881.256 -5.60319e-20
1410 1062.75 1.18311e-18
1409 1234.7 6.03328e-19
1408 863.272 7.58327e-19
1407 1202.03 -6.95336e-19
1406 1034.84 2.29885e-19
1405 1109.3 -7.15375e-19
1404 1023.46 3.98375e-19
1403 1286.82 -7.82711e-19
1402 1057.03 2.46809e-19
1401 1000.69 8.12289e-19
1400 935.607 -6.9016e-20
1399 951.921 1.90641e-19
1398 943.936 -2.69191e-20
1397 959.623 6.696e-19
1396 1171.84 2.85793e-19
1395 1130.51 9.72595e-19
1394 1101.3 1.55409e-19
1393 979.35 -8.97868e-19
1392 1199.05 1.28004e-18
1391 1082.31 -6.02621e-19
1390 1069.41 -7.70491e-19
1389 983.986 -5.16105e-19
1388 1021.53 6.38979e-19
1387 1195.38 -7.52132e-20
1386 1411.56 -5.80241e-19
1385 1067.62 -4.16408e-19
1384 1331.64 7.66023e-20
1383 982.44 1.00725e-18
1382 1296.35 2.78781e-19
1381 802.532 -1.96487e-19
1380 989.698 -7.37065e-19
1379 1107.12 3.92956e-19
1378 1089.92 -1.33682e-18
1377 1023.63 6.30513e-19
1376 1330.64 1.2102e-18
1375 1167.37 -6.58551e-19
1374 1220.15 -5.49128e-19
1373 1239.02 6.52391e-19
1372 1022.56 -1.885e-19
1371 1038.29 3.07472e-19
1370 991.139 -1.05888e-18
1369 1132.95 -1.97954e-19
1368 1054.38 -1.3465e-18
1367 1044.03 -5.30486e-19
1366 1337.57 3.04865e-19
1365 1270.59 -7.19937e-19
1364 1158 -2.32655e-20
1363 999.568 -7.18619e-20
1362 1124.72 2.14576e-19
1361 1460.74 1.13896e-18
1360 1179.98 -4.36465e-19
1359 1198.88 1.70247e-19
1358 1176.17 -8.76624e-19
1357 1112.94 5.12045e-19
1356 1219.42 4.61676e-20
1355 1327.97 1.24129e-19
1354 1257.22 -2.7665e-20
1353 1235.14 4.98352e-19
1352 1204.53 7.68328e-19
1351 1209.42 4.83708e-19
1350 1238.95 -3.12005e-19
1349 1143.23 -2.56521e-20
1348 1291.51 4.62807e-19
1347 1301.74 1.02432e-18
1346 919.622 -1.52794e-19
1345 1127.76 -3.38065e-20
1344 1198.4 1.62524e-19
1343 1421.31 4.43761e-19
1342 1355.56 1.50223e-18
1341 1012.02 3.93013e-19
1340 1235.93 -4.38111e-19
1339 1484.37 -8.73232e-19
1338 1401.58 -8.21409e-19
1337 1401.01 -1.48996e-18
1336 1384.98 -4.50644e-19
1335 1232.66 -2.02791e-19
1334 1146.07 5.98017e-19
1333 1374.6 4.52835e-19
1332 1523.51 4.32645e-19
1331 1384.1 -1.02103e-18
1330 1522.45 -2.87614e-19
1329 1397.59 4.45204e-19
1328 1423.72 2.16671e-19
1327 1004.23 -1.06868e-19
1326 1218.72 7.32141e-19
1325 1462.75 8.67686e-19
1324 1272.28 -2.56075e-19
1323 1122.71 4.44053e-19
1322 1268.21 -6.82968e-19
1321 1226.49 5.03499e-20
1320 1169.35 3.3572e-20
1319 1333.19 -6.70375e-20
1318 1347.34 -2.91271e-19
1317 1545.57 -6.64867e-19
1316 1236.53 -4.43796e-19
1315 1377.67 -1.04856e-18
1314 1584.34 -9.11103e-20
1313 1380.12 5.94373e-20
1312 1264.17 5.98855e-19
1311 1293.73 8.10472e-19
1310 1182.1 2.5805e-19
1309 1280.6 -5.26962e-20
1308 1171 8.50715e-19
1307 1328.17 -8.72201e-19
1306 1107.92 1.82475e-19
1305 1368.49 1.00407e-18
1304 1211.48 3.33291e-19
1303 1207.8 -5.2719e-19
1302 1288.01 8.00036e-19
1301 1404.97 3.60149e-19
1300 1371.89 1.48704e-19
1299 1576.35 5.9519e-19
1298 1027.34 5.53968e-19
1297 1421.02 3.30105e-19
1296 1301.93 -1.61092e-19
1295 1637.58 -5.50416e-19
1294 1510.89 1.04928e-18
1293 1310.61 4.83197e-19
1292 1432.36 -4.4406e-19
1291 1326.46 -3.44113e-19
1290 1086.89 6.38522e-20
1289 1362.5 -9.90583e-19
1288 1114.97 1.03149e-18
1287 1408.69 -2.7418e-19
1286 1232.86 6.32581e-19
1285 1443.22 4.46371e-19
1284 1550.5 -1.3548e-20
1283 1376.14 3.50521e-19
1282 1337.97 7.45874e-19
1281 1438.52 -2.32227e-19
1280 1482.73 6.05636e-19
1279 1483.01 3.9983e-19
1278 1791.92 2.96452e-19
1277 1434.23 -2.77745e-19
1276 1460.02 4.61735e-19
1275 1346.63 -7.70538e-20
1274 1398.1 -8.98418e-19
1273 1404.95 1.15588e-18
1272 1463.45 -2.3656e-19
1271 1347.94 -5.44839e-19
1270 1391.31 -1.61404e-19
1269 1397.73 1.12122e-19
1268 1407.39 -5.21688e-19
1267 1255.43 -4.28644e-19
1266 1286.18 -5.47326e-20
1265 1879.91 8.46541e-20
1264 1668.93 -1.47707e-18
1263 1388.73 7.50842e-19
1262 1520.35 -1.56215e-18
1261 1573.33 3.65299e-19
1260 1512.76 -1.3006e-18
1259 1337.88 -7.99917e-19
1258 1669.34 -7.83724e-20
1257 1384.7 3.75843e-19
1256 1458.14 -4.72515e-19
1255 1258.09 3.7461e-19
1254 1272.14 -4.91901e-19
1253 1390.91 1.79324e-19
1252 1502.63 1.85278e-19
1251 1511.55 -1.95743e-19
1250 1524.13 -1.51494e-19
1249 1380.91 1.56518e-19
1248 1442.29 9.14054e-20
1247 1205.27 -1.3357e-19
1246 1324.66 -4.30452e-19
1245 1542.51 7.66176e-20
1244 1546.02 -7.72083e-21
1243 1284.79 6.08177e-20
1242 1435.36 3.7427e-19
1241 1756.64 -5.65422e-19
1240 1283.93 -8.24991e-19
1239 1223.79 7.21977e-19
1238 1622.31 7.35668e-19
1237 1294.97 3.10317e-19
1236 1557 -8.58185e-19
1235 1114.79 3.36811e-19
1234 1685.51 -1.93636e-19
1233 1352.97 2.07928e-19
1232 1658.14 -1.20035e-18
1231 1462.77 2.83998e-19
1230 1549.28 2.38537e-19
1229 1302.55 -9.88364e-19
1228 1500.63 -1.81362e-19
1227 1434.9 -7.73566e-20
1226 1683.39 -6.92081e-19
1225 1841.82 2.17372e-19
1224 1622.02 -2.67135e-19
1223 1821.69 1.05157e-18
1222 1720.67 3.06877e-19
1221 1542.18 -3.28265e-19
1220 1295.04 5.97617e-19
1219 1439.24 -1.32053e-18
1218 2033.14 1.84963e-19
1217 1815.27 4.26752e-21
1216 1183.07 -3.63769e-19
1215 1359.23 -2.96042e-19
1214 1635.38 1.76497e-19
1213 1237.71 -3.07399e-20
1212 1606.03 -7.61347e-20
1211 1572.34 -8.97729e-20
1210 2268.94 6.65913e-19
1209 1762.13 5.06493e-19
1208 1362.32 6.11333e-19
1207 1528.43 1.00001e-19
1206 1530.04 1.49179e-18
1205 1751.87 2.65739e-20
1204 1545.13 3.71135e-19
1203 1469.12 -3.72696e-19
1202 1654.05 9.80099e-19
1201 1653.89 -4.13664e-19
1200 1636.93 -9.92698e-20
1199 1606.8 3.6086e-19
1198 1576.47 -8.46781e-19
1197 1451.3 -9.93491e-19
1196 1670.88 3.8306e-19
1195 1250.66 -6.53102e-20
1194 1643.05 -9.76396e-20
1193 1300.9 -8.10191e-19
1192 1759.07 -7.41259e-19
1191 1539.38 3.06038e-19
1190 1850.18 -1.76732e-18
1189 1468.71 -4.52205e-19
1188 1577.76 -8.92368e-19
1187 1492.27 -1.37882e-20
1186 2006.09 1.15168e-18
1185 1745.31 7.88235e-19
1184 1644.09 -4.26627e-19
1183 1651.82 -7.20861e-19
1182 1359.82 -1.02187e-18
1181 1793.11 9.03421e-20
1180 2074.18 1.13209e-18
1179 1945.14 5.87306e-19
1178 1632.5 -8.61306e-19
1177 1458.71 -1.61352e-19
1176 1342.28 3.45238e-19
1175 1732.97 -6.11125e-19
1174 1903.05 -7.01911e-19
1173 1782.09 -4.54923e-19
1172 1709.39 -5.53181e-19
1171 1742.12 -2.38018e-19
1170 1438.69 -1.33013e-18
1169 1625.22 -5.9588e-19
1168 1337.97 -2.56699e-21
1167 1546.08 -1.30678e-19
1166 1935.23 -4.78441e-19
1165 1475.88 -1.80988e-18
1164 1665.03 -8.62882e-19
1163 1658.58 -2.60425e-19
1162 1733.9 -1.35721e-19
1161 1715.4 -1.28398e-18
1160 1249.09 1.14593e-18
1159 1574.19 -6.07443e-19
1158 1760.76 -7.162e-19
1157 2041.8 -1.46488e-19
1156 1806.64 3.71672e-19
1155 2019.23 -1.67943e-19
1154 1857.14 4.50801e-19
1153 1614.4 2.53986e-20
1152 2004.06 -1.44846e-19
1151 1537.52 2.39634e-19
1150 1809.93 6.30615e-19
1149 1651.5 -8.75822e-20
1148 2015.34 2.54155e-19
1147 1646.08 -1.1981e-18
1146 2130.26 -8.59039e-19
1145 2303.5 -2.85171e-19
1144 1526.36 4.46378e-20
1143 1696.68 -1.02359e-18
1142 1580.44 3.99119e-19
1141 1972.55 6.18342e-19
1140 1599.5 5.79482e-19
1139 1624.73 -2.25434e-19
1138 2050.25 -5.48938e-19
1137 1826.8 3.27447e-19
1136 1819.92 -4.39857e-19
1135 1774.31 1.60624e-19
1134 1842.67 2.39998e-20
1133 1866.61 1.29155e-18
1132 1939.93 1.36735e-18
1131 1669.68 1.06197e-18
1130 1868.33 1.57111e-18
1129 1798.37 7.81091e-20
1128 2035.32 -5.08492e-19
1127 1709.29 -1.00118e-19
1126 2074.91 -2.02571e-20
1125 1534.67 4.08594e-19
1124 1785.79 4.49822e-19
1123 1819.62 9.41874e-19
1122 1849.25 -1.85093e-19
1121 1656.2 -1.63879e-18
1120 2115.84 6.91806e-20
1119 2134.15 -1.24051e-18
1118 2004.05 -2.57642e-19
1117 2054.52 -1.30039e-18
1116 1640.08 -1.02238e-18
1115 1532.31 9.88058e-19
1114 1884.33 -8.14537e-19
1113 1596.72 -1.57198e-19
1112 1767.07 -5.63051e-19
1111 1829.45 5.39779e-19
1110 2031.26 -5.58558e-19
1109 1546.88 -1.01029e-18
1108 2376.33 -7.75266e-19
1107 2379.41 -7.64483e-20
1106 1931.66 -1.36046e-18
1105 1858.94 5.06326e-19
1104 2040.98 6.77046e-19
1103 2406.82 -1.73949e-18
1102 1829.36 1.23913e-18
1101 2013.55 -6.65997e-19
1100 1685.67 -1.99485e-19
1099 1790.98 6.08046e-19
1098 1931.38 2.36772e-19
1097 1797.2 -1.02211e-20
1096 2118.91 8.49832e-19
1095 2012.31 5.58008e-20
1094 1825.46 8.20512e-19
1093 1785.5 -4.62493e-19
1092 1399.02 -5.57816e-19
1091 1611 6.0204e-19
1090 1784 1.48052e-19
1089 1808.27 -9.68125e-19
1088 1726.96 -4.98134e-19
1087 1856.6 6.97651e-19
1086 1738.31 -3.03799e-19
1085 1793.01 -1.46773e-19
1084 2725.01 -5.55564e-19
1083 1857.5 1.08489e-18
1082 2061.57 -1.86278e-19
1081 2090.04 -1.20808e-18
1080 1895.98 1.6679e-19
1079 2306.3 1.5131e-20
1078 1816.95 8.85959e-19
1077 2297.38 -7.52567e-19
1076 2015.09 2.78459e-19
1075 1937.91 -5.71204e-19
1074 2553.02 -1.62669e-19
1073 1802.45 -3.91721e-19
1072 2179.11 3.52224e-19
1071 2260.12 -5.34958e-19
1070 1897.67 5.7961e-20
1069 1884.96 2.61008e-19
1068 1979.98 -4.12357e-19
1067 2091.13 2.51531e-19
1066 2267.16 -2.45006e-19
1065 1618.06 -8.48104e-20
1064 2163.07 2.67842e-19
1063 1929.43 8.29251e-19
1062 1504.11 -4.29604e-20
1061 2184.72 -7.47253e-19
1060 1767.97 -1.55532e-20
1059 2137.66 5.14138e-19
1058 2037.45 5.00174e-19
1057 2338.92 -8.34635e-19
1056 1934.74 -6.48721e-19
1055 2442.04 5.69074e-19
1054 1691.81 -3.35405e-19
1053 2023.72 1.07172e-18
1052 2332.6 -9.59309e-19
1051 2508.43 1.9424e-19
1050 1767.06 -6.80194e-19
1049 2047.98 2.84981e-19
1048 1564.35 -5.50574e-19
1047 1953.07 -2.6453e-19
1046 1694.36 -8.41147e-19
1045 2319.18 1.14376e-18
1044 2495.81 2.73556e-19
1043 2259.38 3.74108e-19
1042 2078.63 3.73599e-19
1041 2732.66 -1.99814e-19
1040 2018.22 -2.58944e-19
1039 2780.52 -1.12553e-18
1038 2124.09 -1.23394e-18
1037 2325.44 -8.4221e-19
1036 2113.8 1.36484e-19
1035 1883.24 2.5825e-19
1034 2981.83 -1.52149e-18
1033 2455.13 -1.09171e-19
1032 2733.61 1.48587e-20
1031 1996.81 -1.3049e-19
1030 2216.8 1.58968e-19
1029 2064.56 2.40274e-19
1028 2306.94 -3.82332e-19
1027 1863.79 2.34161e-19
1026 2009.84 6.67732e-21
1025 1911.89 -1.30228e-18
1024 2463.73 9.89219e-21
1023 2229.82 -4.22995e-19
1022 2113.02 -4.85033e-19
1021 2419.13 -7.48873e-19
1020 2108.65 1.03045e-19
1019 2080.51 -1.17103e-19
1018 2192.42 -3.23205e-19
1017 2664.47 -1.82508e-18
1016 1989.35 -4.50452e-20
1015 2176.19 -9.70628e-19
1014 2220.26 -1.81295e-19
1013 2450.22 6.747e-19
1012 2239.95 -6.47494e-19
1011 2430.85 -5.11681e-19
1010 2346.13 5.82855e-19
1009 2195.18 1.97848e-20
1008 2167.1 5.47172e-19
1007 2154.13 -2.5479e-19
1006 2374.54 -1.29183e-18
1005 2535.94 -5.42194e-19
1004 2510.48 1.32704e-18
1003 2617.18 -3.7925e-19
1002 2024.75 4.58788e-19
1001 1801.52 -2.12971e-19
1000 2565.15 -9.81424e-20
999 3139.2 2.21701e-19
998 2311.77 -9.67184e-20
997 2068.06 -1.17948e-18
996 2909.23 -1.33535e-19
995 2354.59 -2.07211e-20
994 2550.15 -8.12057e-19
993 2676.82 2.80095e-19
992 2086.36 -4.60331e-19
991 2237.1 -4.57765e-19
990 2455.45 -1.39454e-18
989 2361.88 -6.09046e-19
988 2757.22 3.44596e-19
987 2299.9 -4.94419e-19
986 2486.84 -9.09036e-19
985 2814.4 2.96347e-20
984 3075.51 1.63423e-18
983 2127.3 -4.50237e-19
982 2401.88 3.49416e-19
981 2505.09 -4.43941e-19
980 2511.92 -7.49136e-19
979 2431.13 5.98739e-19
978 2246.41 8.40999e-19
977 2195.31 4.97588e-19
976 2078.32 6.60451e-20
975 3038.75 1.52065e-19
974 2469.53 2.42927e-19
973 2348.38 1.58195e-19
972 3045.39 -3.17426e-19
971 2864.67 6.02579e-19
970 2558.72 1.4253e-19
969 2537.22 6.81277e-19
968 2643.07 -5.87537e-19
967 2966.13 3.81373e-19
966 3252.01 -1.25613e-18
965 3085.1 -2.57365e-19
964 2663.91 1.6254e-18
963 2726.29 -1.33871e-18
962 2618.21 -7.54144e-19
961 2319.49 9.03333e-19
960 2480.94 2.42493e-19
959 2245.16 2.2142e-20
958 2326.34 4.86466e-19
957 3201.4 -7.44387e-19
956 2617.17 -1.17255e-19
955 2522.63 7.57041e-19
954 2420.76 -4.26615e-19
953 3044.75 -3.40633e-19
952 2273.54 5.99595e-19
951 2809.53 6.87599e-19
950 2519.44 2.98705e-19
949 2337.46 -1.08424e-18
948 2826.74 -4.07901e-19
947 3211.39 -8.43113e-19
946 2992.68 -1.1326e-18
945 2642.79 -6.60305e-19
944 2565.75 -5.66729e-19
943 2561.35 1.41107e-19
942 2735.6 -4.24487e-19
941 2525.5 3.86062e-19
940 2276.71 6.1889e-19
939 2695.63 5.89758e-19
938 3667.52 -9.08567e-19
937 3182.38 -9.1342e-19
936 3076.37 4.22475e-19
935 2134.24 -8.14627e-21
934 2771.63 3.82535e-19
933 2785.05 6.12021e-20
932 2606.61 3.59129e-19
931 2856.07 9.80807e-20
930 2825.07 4.09289e-19
929 2560.95 -4.96968e-19
928 2725.83 -3.37237e-19
927 2974.27 7.02046e-19
926 2777.68 -4.41826e-19
925 2337.36 -9.20256e-20
924 2577.02 -1.18583e-18
923 2407.59 -6.69314e-19
922 3355.8 -2.79404e-20
921 2867.55 -2.97469e-19
920 2362.01 -3.33401e-20
919 2684.33 2.78662e-19
918 2362.33 -8.08267e-19
917 3528.45 2.02351e-18
916 3038.9 -6.07914e-19
915 3034.25 3.72996e-19
914 2787.87 -1.25132e-19
913 2415.52 -2.17647e-19
912 3080.04 7.00953e-20
911 2029.71 -4.80996e-19
910 2774.79 -3.16683e-19
909 2415.49 -6.3455e-19
908 2234.95 -5.8575e-19
907 2625.09 -1.12101e-18
906 2684.8 9.9376e-19
905 3290.91 -1.45691e-20
904 2860.16 1.81416e-19
903 2753.75 4.66675e-20
902 3387.61 1.57474e-19
901 3107.91 -6.95954e-20
900 2890.82 -6.81946e-20
899 2889.73 -4.7347e-19
898 2308.4 -2.85412e-19
897 3266.29 1.17968e-19
896 2684.37 6.12125e-19
895 3827.75 -2.27355e-19
894 2525.99 8.44233e-20
893 2544.04 -1.45081e-19
892 2755.8 2.2898e-19
891 2902.29 -1.61959e-19
890 2910.47 -2.11546e-19
889 3224.78 6.09095e-19
888 2647.72 7.59007e-19
887 3442.06 1.89396e-19
886 2931.81 -1.98342e-19
885 2527.76 -9.07408e-19
884 3034.97 5.89295e-19
883 2722.71 -1.16571e-18
882 3193.31 1.55303e-19
881 2798.01 2.96414e-19
880 2446.15 -2.76714e-20
879 3682.41 -2.7044e-19
878 4115.85 -1.19527e-18
877 2521.69 -1.01785e-18
876 2851.63 -1.03347e-18
875 3040.3 1.02716e-19
874 2969.08 1.83089e-18
873 2287.4 -2.81401e-18
872 2410.22 8.87054e-19
871 2584.61 -6.53216e-19
870 2872.44 5.93447e-19
869 3513.82 1.32323e-18
868 3652.51 7.65144e-19
867 3469.03 9.15295e-19
866 3410.05 -6.40939e-19
865 2531.9 1.63457e-19
864 3113.82 -5.01263e-20
863 2962.61 1.85078e-19
862 2993.78 4.37742e-19
861 2180.33 -1.65798e-19
860 2883.37 3.19556e-19
859 3520.26 -7.55311e-19
858 3139.15 -1.02482e-18
857 3688.46 -1.11266e-18
856 3014.63 4.13606e-19
855 4403.77 -8.33124e-19
854 2933.21 2.40221e-19
853 3397.23 6.51118e-20
852 2942.41 8.25729e-19
851 2758.11 -9.2189e-19
850 3183.33 -3.2727e-19
849 2244.88 -1.1191e-18
848 3175.17 -5.19932e-19
847 4159.04 -2.83538e-19
846 2638.78 1.32252e-18
845 4069.39 7.60367e-19
844 3287.08 -7.60642e-19
843 3812.98 -1.43386e-18
842 3583.29 1.21278e-18
841 3072.47 -1.75276e-19
840 3824.71 7.81647e-19
839 3357.66 1.66597e-21
838 3519.09 -9.43054e-19
837 2849.59 1.13625e-18
836 2749.49 -1.97737e-19
835 3356.92 -8.09127e-20
834 3041.48 -3.92741e-19
833 3982.9 1.38427e-19
832 2509.27 1.82183e-19
831 4092 1.03857e-18
830 3397.46 -1.09295e-18
829 2905.88 3.46957e-19
828 3174.87 1.7136e-19
827 4233.13 -1.19446e-18
826 4436.11 -6.13522e-19
825 3180.73 5.00327e-19
824 3954.75 1.8166e-20
823 3189.35 -3.62168e-19
822 3544.65 2.81601e-19
821 2585.63 -5.21552e-19
820 3770.99 4.97213e-19
819 3611.33 7.08602e-19
818 3503.8 -1.06193e-18
817 3663.83 -6.51871e-19
816 4655.26 6.84526e-20
815 3764.17 5.81497e-19
814 3271.62 7.2843e-19
813 3102.08 4.85497e-20
812 2735.01 -3.26779e-19
811 3894 1.55047e-19
810 3950.93 -1.09931e-18
809 3538.13 -4.8045e-19
808 3082.22 5.05786e-19
807 3620.24 -8.05705e-19
806 3752.11 3.5911e-19
805 3448.41 8.90637e-20
804 4523.18 3.93601e-19
803 3727.46 5.22604e-19
802 3965.24 -7.06521e-19
801 3733.6 -8.97901e-20
800 3625.35 1.28955e-19
799 3643.87 -2.10922e-19
798 3435.54 -8.45918e-20
797 3304.31 1.16349e-18
796 2846.94 -3.49693e-19
795 4456.38 8.51378e-20
794 4557.76 -7.24209e-19
793 3272.46 4.27758e-19
792 2952.99 2.74551e-19
791 3340.57 6.12521e-19
790 3451.54 -5.95312e-19
789 3336.35 4.18308e-19
788 4698.58 1.51785e-18
787 3895.28 -6.44398e-19
786 4713.01 1.30755e-19
785 4024.08 -1.33756e-19
784 3373.49 -1.68814e-18
783 3636.01 -1.94249e-19
782 4425.73 -7.66236e-19
781 3643.05 1.56908e-19
780 3315.66 -5.92221e-19
779 3171.65 -3.57533e-20
778 3632.21 6.25769e-19
777 3892.7 -2.31258e-19
776 4027.45 -8.07422e-19
775 3948.21 2.20386e-19
774 3420.38 -2.95205e-19
773 4962.22 -3.52426e-19
772 4004.78 2.1051e-19
771 3678.23 -5.06796e-19
770 3483.97 1.8445e-18
769 3408.73 -8.53891e-19
768 3447.69 -4.25482e-19
767 3517.41 -5.56914e-19
766 4560.7 -3.28443e-19
765 5104.83 -5.60962e-19
764 3742.96 -3.55238e-19
763 3112.44 -1.27274e-19
762 3679.58 4.11116e-19
761 3330.98 -1.82635e-19
760 3764.35 -4.37514e-19
759 4115.44 3.25852e-19
758 4806.44 3.7565e-19
757 4138.26 -2.50911e-19
756 4132.8 3.2228e-19
755 3869.55 5.46892e-19
754 3451.36 6.34413e-19
753 3867.89 5.61051e-19
752 3206.16 -1.31062e-19
751 4103.22 -3.47981e-19
750 2721.31 9.08006e-21
749 3799.58 4.95255e-19
748 4300.16 -2.09645e-18
747 5104.79 -1.80586e-19
746 3761.73 -3.47737e-19
745 4038.39 2.99534e-19
744 5163.79 7.34889e-19
743 3970.65 -1.98107e-19
742 4386.43 -5.68684e-19
741 4661.33 2.90912e-21
740 3699.81 -5.09389e-19
739 3489.63 9.92802e-20
738 3027.15 -3.74838e-20
737 4819.23 -1.00951e-18
736 2906.17 -1.52332e-19
735 3778.06 -8.65038e-19
734 3580.48 1.75087e-19
733 3720.78 5.05415e-19
732 4594.63 2.99008e-19
731 4567.01 3.37134e-19
730 4884.11 -6.90313e-19
729 4344.86 -5.80072e-19
728 4049.2 -8.25791e-19
727 3750.87 -9.10463e-19
726 4185.82 8.93756e-19
725 4441.17 1.9457e-20
724 3882.65 -1.18885e-19
723 3999.46 6.26927e-19
722 4524.68 6.64793e-19
721 4677.48 -9.18777e-19
720 4842.23 -4.1183e-19
719 3997.73 -6.05888e-19
718 4804.59 1.01857e-18
717 4749.97 -6.38586e-19
716 4557.87 -2.25463e-19
715 4956.05 5.93034e-19
714 5536.91 1.23514e-18
713 4420.91 -5.03083e-20
712 4333.66 -3.4598e-20
711 3705.49 -4.47954e-19
710 3993.58 -1.0698e-18
709 4151.94 -8.06412e-19
708 4496.53 1.84751e-19
707 4209.35 7.91052e-19
706 3363.3 4.54208e-19
705 4282.26 2.79067e-20
704 5780.96 -3.87115e-19
703 4613.65 3.44941e-19
702 4876.01 -1.08838e-18
701 5634.46 7.73994e-19
700 3513.28 -3.46727e-19
699 3282.6 4.85139e-20
698 3709.63 7.37318e-19
697 4538.9 -8.82565e-19
696 4249.86 1.12136e-19
695 4500.23 -7.67295e-19
694 4296.49 -1.49644e-18
693 4145.69 2.46226e-19
692 4103.11 -2.49103e-19
691 4767.58 4.98458e-19
690 4484.16 4.94523e-19
689 4575.35 -1.87511e-19
688 5114.77 -1.20384e-18
687 4657.55 -5.54664e-19
686 3459.55 6.34907e-19
685 4411.39 -2.53181e-19
684 5385.52 -5.20293e-19
683 3698.85 -7.56541e-19
682 5961.16 -6.35977e-19
681 3595.49 -4.98497e-19
680 4551.96 -6.94648e-19
679 4767.98 1.12055e-19
678 5814.92 8.90071e-19
677 4390.95 -1.25853e-18
676 4358.98 7.1697e-19
675 4869.82 7.64403e-19
674 3736.05 -3.41497e-19
673 4574.96 9.28014e-20
672 5072.26 4.65135e-19
671 3810.19 2.92058e-19
670 4235.61 -2.42916e-19
669 4444.55 -4.36258e-19
668 4720.25 1.3392e-19
667 4827.89 1.27538e-18
666 4155.45 2.47864e-20
665 4774.2 -4.2712e-19
664 4759.54 5.56718e-19
663 5767.42 5.39407e-19
662 4805.91 1.88613e-20
661 4062.94 -9.532e-21
660 4210.88 -7.28986e-19
659 4192.58 1.34154e-18
658 5358.07 -5.90721e-19
657 4030.54 -6.11527e-19
656 4763.38 -5.38885e-20
655 4094.2 2.45437e-19
654 4801.15 -3.65367e-19
653 5087.38 -2.74897e-19
652 4812.06 3.21547e-19
651 4906.56 1.66958e-18
650 4724.06 -4.70362e-20
649 3883.46 -4.64927e-19
648 5192.05 2.26639e-19
647 5392.43 2.97258e-19
646 4798.89 7.58143e-19
645 5541.72 3.34768e-19
644 5586.33 -1.53758e-19
643 5745.15 8.1351e-19
642 4763.5 -5.66817e-19
641 5725.13 -1.77345e-19
640 5652.99 6.09727e-19
639 4535.39 -1.11264e-18
638 3258.18 3.19082e-20
637 4430.39 -1.03185e-18
636 5502.82 -3.97842e-20
635 4089.45 -1.88415e-20
634 4335.03 -5.57819e-19
633 3511.26 -2.05717e-19
632 4090.11 1.39743e-19
631 4508.41 4.7576e-19
630 4540.02 -5.14086e-19
629 5010.57 -7.22012e-19
628 4251.03 3.07252e-19
627 5676.65 9.23369e-19
626 3891.21 4.90808e-19
625 4817.69 4.52025e-19
624 5621.24 -3.94875e-19
623 3660.09 -6.26701e-19
622 5668.8 -6.34792e-20
621 5298.11 -5.7281e-19
620 4127.71 -3.20853e-19
619 4426.89 -3.53563e-19
618 4405.48 4.64609e-19
617 4499.55 4.51238e-19
616 4571.01 1.24745e-18
615 5591.44 -2.67839e-19
614 5788.35 2.68258e-21
613 5890.91 -3.86039e-19
612 5202.37 -1.60323e-18
611 4578.69 1.03667e-18
610 5820.89 3.87822e-20
609 5252.35 -2.30114e-19
608 4734.31 -7.84886e-19
607 4851.45 7.97419e-19
606 5402.84 -6.06704e-19
605 6953.3 -8.75995e-20
604 5181.35 1.90346e-19
603 6158.12 -1.52644e-19
602 6723.52 -1.60947e-19
601 5053.09 -2.81095e-19
600 4734.4 -2.10137e-19
599 5074.27 -6.66683e-19
598 7340.28 -7.67685e-19
597 4985.71 -1.12567e-18
596 4134.22 3.40688e-19
595 4366.67 -7.59543e-19
594 4919.56 1.06498e-18
593 5511.25 8.54602e-20
592 4714.62 7.17893e-19
591 5834.48 1.79548e-19
590 4859.25 -6.11175e-19
589 5961.82 -3.39817e-19
588 5081.48 -6.63881e-19
587 4941.47 -6.00602e-19
586 4993.62 -2.58191e-19
585 6251.08 -4.78455e-19
584 4940.75 2.01446e-19
583 5102.01 2.16626e-19
582 3710.03 7.16313e-19
581 6033.58 -7.15506e-19
580 4311.83 -1.74802e-19
579 5950.36 -1.07944e-18
578 5293.71 -5.5556e-19
577 7028.06 -7.96176e-19
576 6240.16 2.35169e-19
575 4458.49 -1.04823e-19
574 5361.54 4.79201e-19
573 4756.44 -5.86742e-19
572 5200.87 2.58717e-19
571 4775.59 -4.31111e-19
570 5555.49 -7.25033e-19
569 5242.1 1.99854e-19
568 6091.03 -2.97904e-19
567 4531.47 -7.71888e-19
566 5481.85 -1.26029e-18
565 4553.25 -2.99891e-19
564 7173.78 -4.14816e-19
563 6558.46 8.20576e-19
562 6787.92 -7.42107e-20
561 5696.66 8.44843e-19
560 5751.68 5.2494e-19
559 5263.01 -1.85287e-19
558 6347.65 7.23587e-19
557 4429.5 -5.28324e-19
556 5636.47 -5.16237e-19
555 4925.47 8.45372e-19
554 6832.47 -1.27931e-19
553 5807.96 -3.68926e-19
552 6579.87 1.0651e-18
551 4259.6 2.78451e-19
550 5813.13 1.66161e-19
549 4735.98 -1.21654e-18
548 4354.09 5.02824e-19
547 4477.49 -1.31674e-19
546 6780.86 -5.52063e-19
545 5852.84 -6.35818e-19
544 4770.58 3.69941e-19
543 5119.69 7.30695e-20
542 6223.74 -8.3153e-19
541 4645.89 -3.33286e-19
540 4799.76 7.66884e-21
539 4586.04 -4.79285e-20
538 4404.44 -3.70178e-19
537 4333.98 -2.23299e-19
536 6099.07 1.16013e-18
535 4025.54 5.15254e-19
534 6780.78 4.95962e-19
533 4778.76 7.05504e-20
532 5344.79 3.25134e-19
531 4949.64 1.74689e-19
530 4284.01 -2.78016e-20
529 5339.9 1.95513e-19
528 5256.06 3.13057e-20
527 4300.55 -2.53013e-19
526 3903.64 4.5992e-19
525 6375.36 1.77913e-19
524 5880.16 2.12142e-19
523 5083.31 3.65904e-20
522 4988.49 5.01713e-19
521 4927.36 9.84333e-19
520 4708.93 1.38531e-19
519 7050.58 4.57291e-19
518 5716.07 1.96164e-19
517 5207.41 -5.45016e-20
516 4519.85 2.3695e-19
515 6660.25 -1.88762e-18
514 5008.17 2.65529e-19
513 4112.97 5.70875e-19
512 5633.96 -1.06851e-18
511 4748 7.22317e-20
510 6369.17 -1.26583e-18
509 5813.74 -7.2396e-19
508 5210.87 -1.3536e-19
507 5442.23 7.57246e-19
506 6995.26 -1.71014e-19
505 5574.23 3.70938e-19
504 5064.42 2.00738e-21
503 4271.48 -2.59157e-19
502 5477.55 4.58741e-19
501 4937.78 7.41502e-19
500 5297.05 -8.75131e-19
499 5048.85 5.59318e-19
498 4889.13 1.02746e-19
497 7371.32 -3.63358e-19
496 4957.86 -3.36905e-19
495 6447.58 1.1002e-18
494 4345.56 2.2876e-19
493 5991.11 -5.74088e-19
492 5730.61 -2.14996e-19
491 5275.23 9.00292e-20
490 6273.05 2.15312e-19
489 4389.33 1.58023e-19
488 6298.37 8.75228e-19
487 5668.08 4.70987e-19
486 5027.52 -1.2735e-19
485 5248.22 4.64775e-19
484 5647.64 2.25713e-19
483 4781.92 5.99577e-19
482 6452.86 6.04311e-20
481 5282.66 4.86616e-19
480 5453.75 7.94114e-20
479 4117.47 -2.81586e-19
478 7312.98 -6.82598e-20
477 5566.09 5.83748e-20
476 4758.16 -5.20892e-19
475 7238 1.89837e-19
474 5953.76 -2.27709e-19
473 5125.2 -8.73845e-19
472 5553.32 3.88731e-20
471 5475.21 8.40851e-19
470 3839.36 -3.2843e-19
469 4874.16 -7.33383e-19
468 5136.51 -1.95291e-19
467 6360.92 -7.03487e-19
466 4733.97 4.2685e-19
465 4570.04 6.6443e-20
464 4351.49 -5.4589e-19
463 4198.33 5.11509e-19
462 4303.81 -8.61021e-20
461 5657.86 -7.44552e-20
460 3946.6 3.44133e-19
459 7285.83 4.10722e-19
458 4284.95 -2.58964e-19
457 5305.89 -2.8512e-19
456 6534.21 -7.29652e-19
455 3744.55 -4.55117e-19
454 4662.8 -1.41672e-19
453 5276.15 1.36978e-19
452 5824.59 9.82399e-20
451 4907.45 -2.55822e-19
450 4673.37 -7.13411e-19
449 3536.52 2.26869e-19
448 5020.21 -2.09099e-19
447 4523.7 8.10364e-20
446 3919.56 4.73871e-19
445 4921.66 -1.71988e-19
444 4084.32 2.43482e-19
443 4391.5 4.3562e-19
442 6458.35 -3.62496e-19
441 4566.4 -4.02465e-19
440 5474.19 -5.01805e-19
439 4382.03 -9.78252e-19
438 5703.25 1.83455e-19
437 3511.56 -4.24731e-20
436 3830.71 -6.83945e-19
435 5181.84 4.00421e-19
434 5993.3 -3.4596e-19
433 4372.64 2.53142e-19
432 4683.89 2.04231e-19
431 5412.37 -9.69794e-19
430 4045.05 -5.13977e-19
429 5359.65 -1.71635e-19
428 3295.11 1.37749e-19
427 4936.69 2.72474e-19
426 5333.04 7.11214e-19
425 5252.71 -6.75114e-19
424 5005.34 -2.43775e-19
423 4376.82 -4.5558e-19
422 4583.88 -1.34179e-19
421 3491.03 -9.31893e-20
420 4270.47 3.01775e-19
419 4484.73 -1.50455e-20
418 6545 1.43084e-20
417 4437.44 -1.33194e-18
416 4577.6 3.64323e-20
415 3827.39 -3.20561e-19
414 5442.5 -3.18863e-19
413 4457.4 -8.6552e-19
412 6356.88 1.49513e-19
411 5230.42 1.18462e-19
410 4948.89 2.16339e-19
409 4591.5 -5.61741e-19
408 4556.28 -3.7342e-19
407 4397.93 1.41601e-19
406 4848.46 -3.6054e-19
405 4220.7 4.41804e-19
404 4817.61 -4.91379e-19
403 4423.23 3.25484e-19
402 4638 -7.58183e-19
401 4058.46 -2.57923e-19
400 4294.35 -3.43481e-19
399 5003.09 1.95775e-19
398 3728.14 2.19661e-19
397 4680.63 2.63378e-20
396 3479.04 -3.25828e-19
395 4437.38 5.21892e-19
394 3653.46 2.26038e-19
393 4047.4 -1.57427e-19
392 4697.6 -1.26612e-19
391 5722.47 -4.36608e-20
390 3463.46 3.59566e-20
389 4826.05 -5.63893e-19
388 4152.86 1.73014e-19
387 3816.76 3.07435e-19
386 4829.66 1.46936e-19
385 4261.11 8.3262e-20
384 3682.42 -3.20475e-19
383 4092.34 -7.91178e-21
382 5109.5 -3.07295e-19
381 3789.05 4.93347e-19
380 4457.09 2.7177e-19
379 3433.56 -5.99241e-20
378 4138.74 -2.65766e-19
377 4289.5 7.38288e-20
376 3606.41 -2.34672e-20
375 3126.48 2.42803e-19
374 3186.51 3.33258e-19
373 3761.89 -6.28969e-19
372 3752.45 2.45856e-19
371 4475.29 -7.16021e-19
370 3413 -7.34604e-20
369 4758.31 6.61749e-20
368 4104.91 6.36899e-19
367 3638.17 -4.3956e-19
366 4636.74 -8.2172e-19
365 3511.5 1.5394e-19
364 4422.63 -3.44322e-19
363 4349.37 -2.76645e-19
362 4126.53 -5.36534e-19
361 4016.44 -3.03535e-19
360 3406.63 5.68262e-19
359 3466.88 -3.00651e-20
358 2639.94 -3.25806e-19
357 3503.5 3.33898e-19
356 3069.9 3.18044e-19
355 4829.65 3.97477e-20
354 3047.39 -3.49905e-19
353 3826.13 5.15252e-20
352 4441.82 2.46451e-19
351 3897.01 -7.47296e-20
350 3091.93 -2.3495e-19
349 2673.55 -3.33144e-19
348 3293.52 3.09728e-19
347 2937.26 -1.12863e-19
346 3370.89 -1.05481e-19
345 3863.38 5.52347e-19
344 4261.24 -1.05879e-19
343 4481.71 2.91438e-21
342 3359.29 -1.71583e-19
341 3862.1 -3.85198e-19
340 3293.85 7.75848e-20
339 3614.98 4.11718e-20
338 3656.86 1.03626e-19
337 4017.35 -1.25186e-20
336 3528.12 6.66587e-19
335 4189.62 -3.51668e-19
334 3010.54 -1.66676e-19
333 3404.13 -9.86491e-20
332 4467.82 -2.05777e-19
331 3791.76 -2.65605e-19
330 3340.07 -4.20197e-19
329 3494.03 1.39062e-20
328 3275.59 -3.21266e-19
327 3100.99 1.92141e-19
326 3342.45 3.86967e-20
325 3728.69 1.81976e-19
324 3139.23 4.23068e-19
323 3603.3 2.11344e-19
322 2904.11 2.78113e-19
321 2645.88 1.14865e-19
320 2402.02 2.80071e-19
319 4127.39 -2.62929e-19
318 3360.38 4.09032e-19
317 2869.53 3.17428e-19
316 2678.23 2.1238e-19
315 2674.81 3.53831e-19
314 2711.85 -3.21989e-19
313 2614.33 -1.12461e-19
312 2019.57 2.31703e-20
311 3928.4 3.11083e-19
310 2878.48 2.26475e-19
309 2692.67 -1.41071e-19
308 2649.13 4.37709e-20
307 2597.35 -8.79127e-20
306 2748.15 9.98347e-20
305 2631.09 1.66648e-19
304 2480.85 2.21413e-19
303 2532.58 5.37136e-19
302 3071.28 -3.3025e-19
301 2636.85 -7.34663e-21
300 2589.5 2.62461e-19
299 2597.74 2.40513e-19
298 2837.66 -4.82025e-21
297 2990.03 -1.72371e-19
296 3256.49 -6.07724e-19
295 2143 1.88788e-19
294 2561.01 -1.29752e-19
293 2685.75 1.56593e-21
292 2416.7 -3.80135e-19
291 2017.75 -3.76105e-19
290 2228.62 1.42841e-19
289 2223.9 -4.78778e-19
288 2336.13 -2.0627e-19
287 1887.25 4.16528e-19
286 2227.43 1.21495e-19
285 2565.18 -1.86002e-19
284 1953.73 -3.85529e-20
283 2081.88 -1.80179e-19
282 2079.52 5.10035e-20
281 2089.63 -8.10292e-20
280 1732.5 -1.65474e-19
279 1923.04 -1.29686e-19
278 2379.92 -4.11584e-20
277 2210.9 -6.15355e-20
276 2612.47 -1.72764e-19
275 1998.69 1.77087e-19
274 1802.2 -2.67012e-19
273 1760.54 -8.17414e-20
272 1585.74 1.78031e-19
271 2063.7 -2.32682e-19
270 1604.14 -2.71686e-19
269 2162.09 -5.24963e-20
268 2195.94 1.66675e-19
267 1933.59 -7.29272e-20
266 1482.96 -1.68204e-19
265 2058.22 -1.63517e-19
264 2281.71 -1.36761e-19
263 2242.93 -2.44071e-19
262 2689.86 4.43493e-20
261 1497.07 1.12566e-19
260 1540.54 -4.1601e-20
259 1686.21 -2.29638e-19
258 1823.55 -4.85343e-20
257 1806.88 1.10822e-19
256 1199.79 1.16728e-19
255 1467.11 8.8419e-20
254 1571.8 2.18527e-20
253 1364.27 -1.511e-20
252 1527.83 -1.36656e-19
251 2250.08 4.08276e-20
250 1419.86 6.0472e-20
249 1318.18 -1.8334e-19
248 1274.63 9.51892e-20
247 1267.22 5.29439e-21
246 1302.94 9.74161e-20
245 1632.63 2.43421e-19
244 1124.9 -8.15857e-20
243 1541.93 -2.6357e-19
242 1906.3 1.55862e-20
241 1229.75 -1.61464e-19
240 1243.61 6.10482e-20
239 1641.9 1.4242e-19
238 1010.15 -8.78603e-20
237 1318.13 3.67372e-22
236 1502.13 -4.25692e-20
235 1390.71 -2.17375e-20
234 1183.89 -6.13749e-21
233 1292.78 -1.98417e-19
232 1208.59 1.119e-19
231 1094.25 -2.16692e-19
230 983.844 -2.02673e-19
229 1159.53 1.37445e-19
228 1129.65 5.1662e-20
227 1189.4 -1.56134e-21
226 1121.77 3.69956e-20
225 1190.35 -8.94303e-21
224 1331.16 -7.12455e-20
223 808.491 -5.11168e-20
222 940.075 -1.19897e-20
221 890.582 1.15719e-19
220 1078.52 -3.37828e-20
219 941.92 1.0132e-20
218 879.867 -4.84039e-20
217 792.348 -4.99759e-20
216 914.792 -9.42951e-20
215 930.78 -3.72895e-20
214 689.122 1.4895e-19
213 999.255 1.13338e-19
212 702.158 -1.85514e-19
211 717.007 5.91855e-20
210 573.641 3.86584e-20
209 500.617 5.41252e-20
208 553.731 2.54193e-20
207 803.078 4.94052e-20
206 680.177 7.12032e-21
205 594.963 5.18419e-20
204 724.727 -5.21975e-20
203 616.88 3.884e-20
202 562.098 -1.30806e-19
201 627.572 -1.51083e-20
200 642.879 -3.84445e-20
199 655.996 4.09813e-20
198 485.348 -1.54723e-19
197 628.171 -1.82414e-20
196 463.787 1.3031e-21
195 645.601 -5.77877e-20
194 534.502 -1.76245e-19
193 484.909 -9.61427e-20
192 466.151 -1.69635e-19
191 457.027 -6.99965e-20
190 509.112 -1.37762e-20
189 497.298 6.42719e-20
188 528.886 -6.35719e-20
187 354.554 -7.38634e-20
186 553.993 -8.41117e-21
185 481.414 4.6383e-20
184 298.631 -9.5029e-20
183 470.731 3.88762e-20
182 559.241 -1.50697e-20
181 335.591 5.9075e-20
180 283.79 -3.92282e-21
179 346.617 8.35759e-21
178 322.869 4.20875e-20
177 367.914 4.54404e-20
176 335.826 -1.83274e-19
175 294.403 -1.07253e-19
174 241.398 3.8992e-20
173 298.698 -5.56728e-21
172 305.042 1.24163e-20
171 232.146 6.62653e-21
170 269.315 -2.37199e-20
169 235.511 4.48627e-20
168 239.661 2.27274e-20
167 226.19 6.09167e-20
166 236.147 -4.78188e-20
165 292.256 4.38268e-20
164 197.951 -3.01635e-20
163 269.412 6.02132e-20
162 293.632 -3.97365e-20
161 218.518 -1.86892e-20
160 168.463 -2.09779e-20
159 194.146 -4.21596e-20
158 168.408 2.64415e-20
157 219.263 1.25669e-20
156 173.992 -6.4876e-20
155 174.518 2.19096e-20
154 161.641 2.12732e-20
153 140.175 4.17211e-21
152 149.937 2.02989e-20
151 119.595 -3.75057e-21
150 114.924 1.20215e-20
149 176.942 1.22798e-20
148 90.4226 7.07211e-21
147 115.352 -8.7943e-21
146 115.266 -2.77779e-20
145 112.807 4.87093e-21
144 89.1136 -1.84298e-20
143 95.9471 -1.46129e-20
142 125.374 -1.43394e-20
141 71.3197 -5.54297e-20
140 58.5382 -5.70497e-21
139 84.2325 1.44797e-20
138 74.1681 -3.80096e-20
137 56.3587 1.16385e-20
136 43.3356 -5.73055e-21
135 51.2088 -8.53202e-21
134 98.6937 1.40841e-20
133 56.7987 -8.20044e-21
132 44.4959 8.48284e-21
131 60.7913 1.03235e-20
130 59.6867 -7.68395e-21
129 56.6861 1.01046e-20
128 32.0581 6.08083e-21
127 37.206 7.45286e-21
126 23.9423 4.05616e-21
125 47.2788 5.91973e-21
124 42.2232 6.12317e-21
123 15.1336 2.36232e-21
122 12.9595 2.15215e-21
121 22.8387 -1.43519e-20
120 17.9097 2.80802e-21
119 24.9847 3.61069e-21
118 17.2821 2.997e-21
117 6.50704 9.98712e-22
116 23.5604 2.19047e-21
115 19.0846 2.46114e-21
114 11.1262 -1.65519e-20
113 9.97951 1.27634e-21
112 9.01472 1.2658e-21
111 10.8099 1.54267e-21
110 9.97738 1.38506e-21
109 7.72231 1.03063e-21
108 13.5202 1.86282e-21
107 3.71048 4.61718e-22
106 1.56445 1.88118e-22
105 1.27703 1.50354e-22
104 4.32576 5.09922e-22
103 0.755503 8.5284e-23
102 4.30447 4.87458e-22
101 3.95103 4.37454e-22
100 1.68339 1.80072e-22
99 0.791158 8.2494e-23
98 7.32466 7.78644e-22
97 0.655527 6.5556e-23
96 0.435333 4.2588e-23
95 0.445296 4.266e-23
94 0 0
93 1.49615 1.38096e-22
92 4.76913 4.38138e-22
91 2.9761 2.64888e-22
90 0 0
89 2.76441 2.34954e-22
88 0 0
87 4.29296 3.50946e-22
86 0 0
85 3.84633 2.99268e-22
84 0 0
83 0 0
82 0 0
81 0 0
80 0 0
79 0 0
78 0 0
77 0 0
76 0 0
75 0 0
74 0 0
73 0 0
72 0 0
71 0 0
70 0 0
69 0 0
68 0 0
67 0 0
66 0 0
65 0 0
64 0 0
63 0 0
62 0 0
61 0 0
60 0 0
59 0 0
58 0 0
57 0 0
56 0 0
55 0 0
54 0 0
53 0 0
52 0 0
51 0 0
50 0 0
49 0 0
48 0 0
47 0 0
46 0 0
45 0 0
44 0 0
43 0 0
42 0 0
41 0 0
40 0 0
39 0 0
38 0 0
37 0 0
36 0 0
35 0 0
34 0 0
33 0 0
32 0 0
31 0 0
30 0 0
29 0 0
28 0 0
27 0 0
26 0 0
25 0 0
24 0 0
23 0 0
22 0 0
21 0 0
20 0 0
19 0 0
18 0 0
17 0 0
16 0 0
15 0 0
14 0 0
13 0 0
12 0 0
11 0 0
10 0 0
9 0 0
8 0 0
7 0 0
6 0 0
5 0 0
4 0 0
3 0 0
2 0 0
1 0 0
