3000 0.0186776 -4.75306e-21
2999 0.0189011 3.24717e-21
2998 0.0188042 7.22243e-21
2997 0.0187814 -8.77626e-21
2996 0.0188411 -7.62612e-22
2995 0.0188381 3.21615e-21
2994 0.0187698 -7.7008e-22
2993 0.0189436 -7.64228e-22
2992 0.0188034 -4.77189e-21
2991 0.018838 -4.77355e-21
2990 0.0188321 3.19186e-21
2989 0.0188595 3.24168e-21
2988 0.0188598 1.12281e-20
2987 0.0188913 7.21541e-21
2986 0.0188928 3.22058e-21
2985 0.0189918 -8.77175e-21
2984 0.018946 3.2251e-21
2983 0.0188537 3.21481e-21
2982 0.0190616 3.2178e-21
2981 0.0190143 -4.776e-21
2980 0.019012 -8.10668e-22
2979 0.0190624 3.21927e-21
2978 0.0190395 -8.77959e-21
2977 0.0190122 3.20305e-21
2976 0.0190249 -8.10512e-22
2975 0.0190196 7.2116e-21
2974 0.0191356 -8.75956e-21
2973 0.0190889 -7.9528e-22
2972 0.0191552 -8.79279e-21
2971 0.019189 -4.77505e-21
2970 0.0190552 -1.28152e-20
2969 0.0191278 -7.93588e-22
2968 0.0191774 3.2e-21
2967 0.0191188 -4.76409e-21
2966 0.0193382 -4.8131e-21
2965 0.0190283 -4.76568e-21
2964 0.0192439 -7.7212e-22
2963 0.0192337 7.2236e-21
2962 0.0192444 -4.79027e-21
2961 0.0192755 -7.85432e-22
2960 0.0193009 3.24666e-21
2959 0.0192634 -1.67687e-20
2958 0.0193379 7.21352e-21
2957 0.0192934 -8.78557e-21
2956 0.0193274 -8.78594e-21
2955 0.0194049 3.21717e-21
2954 0.0193904 -4.79486e-21
2953 0.0193537 -7.79116e-22
2952 0.0193363 -8.76311e-21
2951 0.0194188 -4.79798e-21
2950 0.0193754 3.20456e-21
2949 0.0194737 -8.776e-21
2948 0.0194191 3.21671e-21
2947 0.0194372 -8.78351e-21
2946 0.019432 -7.976e-22
2945 0.0193748 -4.79668e-21
2944 0.0194628 3.21121e-21
2943 0.0195489 7.24207e-21
2942 0.0195014 -4.78091e-21
2941 0.019564 -4.81828e-21
2940 0.0194413 3.2067e-21
2939 0.0195791 -4.796e-21
2938 0.0195545 3.18413e-21
2937 0.0196106 -1.28205e-20
2936 0.019521 -7.72616e-22
2935 0.019485 -1.28112e-20
2934 0.0196074 -7.68908e-22
2933 0.0195135 -4.79903e-21
2932 0.0195646 -7.83696e-22
2931 0.0197161 -7.91372e-22
2930 0.019665 -8.09236e-22
2929 0.0195817 -7.84764e-22
2928 0.0195404 -4.7933e-21
2927 0.0196397 -4.8042e-21
2926 0.0196511 7.20829e-21
2925 0.0198165 3.18024e-21
2924 0.0196964 -8.04564e-22
2923 0.0197503 -4.79337e-21
2922 0.0196763 -4.80465e-21
2921 0.0197166 -7.79136e-22
2920 0.0198779 -7.80984e-22
2919 0.0198381 3.21044e-21
2918 0.0198092 -7.94672e-22
2917 0.0197166 -1.27847e-20
2916 0.0198706 -4.77996e-21
2915 0.0198891 3.20086e-21
2914 0.0199992 -4.77837e-21
2913 0.019827 3.18756e-21
2912 0.0198997 -8.79795e-21
2911 0.0199625 -4.7769e-21
2910 0.0198026 -4.79708e-21
2909 0.0197919 7.20511e-21
2908 0.0199397 7.20222e-21
2907 0.0200141 -4.80978e-21
2906 0.0199386 -1.2789e-20
2905 0.0198865 -4.78874e-21
2904 0.0200733 -8.0072e-22
2903 0.0199331 3.18566e-21
2902 0.0200621 -4.78827e-21
2901 0.0201614 -4.81633e-21
2900 0.0200436 3.21298e-21
2899 0.0199689 -8.81172e-21
2898 0.0199834 -8.03212e-22
2897 0.020102 3.20653e-21
2896 0.0200839 3.19438e-21
2895 0.0201052 -7.92628e-22
2894 0.0202245 7.22281e-21
2893 0.0201688 -4.81852e-21
2892 0.0202611 -4.78623e-21
2891 0.0200072 7.18708e-21
2890 0.0202377 7.20596e-21
2889 0.0201629 -8.79645e-21
2888 0.0200334 -7.86208e-22
2887 0.02024 3.17958e-21
2886 0.0202732 1.12047e-20
2885 0.0202551 -7.979e-22
2884 0.0202691 -4.79626e-21
2883 0.0202928 -4.81269e-21
2882 0.0204443 1.51848e-20
2881 0.0203332 7.20844e-21
2880 0.0203691 -4.77373e-21
2879 0.0204119 -8.17296e-22
2878 0.020362 3.17612e-21
2877 0.0203155 -8.80046e-21
2876 0.0202398 -4.78174e-21
2875 0.0204634 -8.80644e-21
2874 0.0205175 -8.2346e-22
2873 0.020629 -8.13168e-22
2872 0.0204977 -8.82821e-21
2871 0.0203775 3.19761e-21
2870 0.0205739 1.11956e-20
2869 0.0205658 3.19028e-21
2868 0.0205151 3.19411e-21
2867 0.0206371 7.17497e-21
2866 0.0204785 -8.21616e-22
2865 0.0205241 -8.82813e-21
2864 0.0206006 -8.81857e-21
2863 0.0206443 3.18366e-21
2862 0.0205454 -7.95912e-22
2861 0.0206677 -4.81347e-21
2860 0.0206172 3.17896e-21
2859 0.0207146 -7.9892e-22
2858 0.0206479 -8.3288e-22
2857 0.0206872 -4.82492e-21
2856 0.0208049 -4.83948e-21
2855 0.0206514 7.20513e-21
2854 0.0208064 7.20034e-21
2853 0.020717 -7.91864e-22
2852 0.020756 3.18127e-21
2851 0.020653 -4.80706e-21
2850 0.0208207 1.11814e-20
2849 0.0208286 3.20141e-21
2848 0.0207941 -8.3364e-22
2847 0.0209099 3.19447e-21
2846 0.0208736 -4.78554e-21
2845 0.0208087 -8.80576e-21
2844 0.0209204 3.19788e-21
2843 0.0208374 7.18134e-21
2842 0.0209002 -8.16268e-22
2841 0.0209436 3.17616e-21
2840 0.020879 3.16774e-21
2839 0.0208574 -8.82959e-21
2838 0.0209571 -4.82213e-21
2837 0.0210035 3.17896e-21
2836 0.0209667 -8.80103e-21
2835 0.0210167 -8.81109e-21
2834 0.0210742 3.16553e-21
2833 0.0209982 -4.80751e-21
2832 0.0211265 -8.14984e-22
2831 0.0209954 -4.81297e-21
2830 0.0211654 -8.30656e-22
2829 0.0209437 -8.79808e-21
2828 0.0210295 -8.80756e-21
2827 0.021154 -8.36088e-22
2826 0.0212192 7.18332e-21
2825 0.0211137 -4.82637e-21
2824 0.0211318 1.11964e-20
2823 0.021151 -1.6813e-20
2822 0.0212411 -4.83594e-21
2821 0.0212336 7.16851e-21
2820 0.0211442 -8.22964e-22
2819 0.0211729 -8.33912e-22
2818 0.0212174 3.16972e-21
2817 0.0213724 -8.28984e-22
2816 0.0212378 -8.83048e-21
2815 0.0212548 -8.22956e-22
2814 0.0213359 -8.17192e-22
2813 0.0213494 -8.81986e-21
2812 0.0212771 7.16106e-21
2811 0.0214515 -8.69764e-22
2810 0.0213986 -8.36712e-22
2809 0.0214317 -8.1748e-22
2808 0.0213429 3.17136e-21
2807 0.0213895 -4.83863e-21
2806 0.0213958 -8.17852e-22
2805 0.021422 3.15516e-21
2804 0.0216601 -8.83506e-21
2803 0.0214623 7.16029e-21
2802 0.0215271 -8.83002e-21
2801 0.0214944 -8.25e-22
2800 0.0215274 -8.29548e-22
2799 0.0214505 3.178e-21
2798 0.021712 1.51463e-20
2797 0.0216627 -4.84955e-21
2796 0.0215707 -7.96004e-22
2795 0.0216187 -8.23444e-22
2794 0.0216118 7.16207e-21
2793 0.0216202 -8.2094e-22
2792 0.0216696 -8.09464e-22
2791 0.0216918 7.16098e-21
2790 0.0217972 3.16144e-21
2789 0.0216847 -8.27556e-22
2788 0.0216838 3.1432e-21
2787 0.0216217 3.17993e-21
2786 0.0216516 -1.28296e-20
2785 0.0216803 7.16711e-21
2784 0.0216409 -8.04204e-22
2783 0.0217683 7.19339e-21
2782 0.0218953 -8.26164e-22
2781 0.0218538 7.16313e-21
2780 0.0218111 -4.82454e-21
2779 0.0218378 -8.86105e-21
2778 0.0219027 -8.82332e-21
2777 0.0218685 -4.85276e-21
2776 0.0219099 -8.39568e-22
2775 0.0219825 3.15784e-21
2774 0.0218482 -8.50372e-22
2773 0.0218369 -8.83492e-21
2772 0.0219582 -8.52984e-22
2771 0.0219311 3.14469e-21
2770 0.0219351 -8.83339e-21
2769 0.0220376 7.15012e-21
2768 0.0221078 7.17203e-21
2767 0.022045 7.13694e-21
2766 0.0220404 3.18044e-21
2765 0.022198 3.13287e-21
2764 0.021927 3.15716e-21
2763 0.0220894 -8.68576e-22
2762 0.0221063 3.17257e-21
2761 0.0220592 -4.86262e-21
2760 0.0221257 -4.84011e-21
2759 0.0223283 -8.25836e-22
2758 0.0222539 3.17575e-21
2757 0.0221163 -8.41652e-22
2756 0.0223428 -8.36468e-22
2755 0.0223551 -8.92632e-22
2754 0.0222067 -8.41228e-22
2753 0.0223439 1.11522e-20
2752 0.0222623 3.17238e-21
2751 0.0223493 3.16869e-21
2750 0.0222199 -8.33736e-22
2749 0.0221973 -8.84492e-21
2748 0.0222781 -8.51652e-22
2747 0.0223257 -8.56808e-22
2746 0.0223489 3.12544e-21
2745 0.022399 -8.8515e-21
2744 0.0223776 -4.82044e-21
2743 0.0225078 -8.44524e-22
2742 0.0224644 -4.84921e-21
2741 0.0224477 -8.65224e-22
2740 0.0224175 7.17044e-21
2739 0.0224956 7.13615e-21
2738 0.022423 3.16678e-21
2737 0.0226669 3.13426e-21
2736 0.0225216 -4.8451e-21
2735 0.0225376 -4.85438e-21
2734 0.0226731 3.14813e-21
2733 0.0226287 -8.33704e-22
2732 0.0225768 -1.28448e-20
2731 0.0227315 -8.39752e-22
2730 0.022466 3.1435e-21
2729 0.0227012 1.11653e-20
2728 0.0227573 -8.83322e-21
2727 0.022703 7.16646e-21
2726 0.0226567 -8.83572e-21
2725 0.022673 -1.28473e-20
2724 0.0227216 3.14425e-21
2723 0.0227657 -1.28675e-20
2722 0.0227905 3.17678e-21
2721 0.0226994 3.15044e-21
2720 0.022818 7.14073e-21
2719 0.0228794 -8.82924e-22
2718 0.0228973 3.1234e-21
2717 0.0229073 3.16174e-21
2716 0.0228775 -1.28712e-20
2715 0.0228603 -8.83048e-21
2714 0.0227259 7.16768e-21
2713 0.0228569 3.13363e-21
2712 0.022985 3.1223e-21
2711 0.0228553 3.13981e-21
2710 0.0228571 3.10466e-21
2709 0.0229071 -8.69476e-22
2708 0.023006 -8.41896e-22
2707 0.0229898 3.14972e-21
2706 0.0230057 -4.85202e-21
2705 0.0231159 1.11622e-20
2704 0.0230193 -8.88216e-22
2703 0.02305 -8.46496e-22
2702 0.0231014 1.11463e-20
2701 0.023031 3.13388e-21
2700 0.0232708 -8.8822e-21
2699 0.023168 3.14124e-21
2698 0.0230221 -4.86157e-21
2697 0.0231218 3.13846e-21
2696 0.023194 7.15016e-21
2695 0.0230944 -8.85311e-21
2694 0.0232954 3.1573e-21
2693 0.0231943 -8.87295e-21
2692 0.0232376 7.1385e-21
2691 0.0233839 -4.86192e-21
2690 0.0232339 -4.86481e-21
2689 0.0234075 -8.46036e-22
2688 0.023369 -8.49812e-22
2687 0.02337 7.13791e-21
2686 0.0232826 -4.85755e-21
2685 0.0235255 3.14859e-21
2684 0.023494 -4.85966e-21
2683 0.02341 -4.87766e-21
2682 0.02348 -8.75404e-22
2681 0.0235131 -8.4882e-22
2680 0.0235518 -8.76452e-22
2679 0.0235689 -8.63816e-22
2678 0.0237378 -4.88298e-21
2677 0.023688 -4.87476e-21
2676 0.0234022 -8.38628e-22
2675 0.0236973 7.14522e-21
2674 0.0236166 -8.89417e-21
2673 0.0237397 3.13029e-21
2672 0.02353 3.12178e-21
2671 0.0237281 -4.8743e-21
2670 0.0236922 -1.686e-20
2669 0.0237049 1.11208e-20
2668 0.0236547 -4.86328e-21
2667 0.0238008 -8.88142e-21
2666 0.0236918 3.14502e-21
2665 0.0237323 -4.85786e-21
2664 0.0238243 3.11266e-21
2663 0.0237851 -8.87436e-21
2662 0.0237025 7.12565e-21
2661 0.0237647 -4.85769e-21
2660 0.0238898 1.11513e-20
2659 0.0239094 7.13052e-21
2658 0.0239778 -8.86216e-22
2657 0.0238199 -8.60836e-22
2656 0.0241331 -8.86626e-21
2655 0.0240848 7.09928e-21
2654 0.0239905 -4.88243e-21
2653 0.0239068 -8.62816e-22
2652 0.0240948 -4.86214e-21
2651 0.024071 1.10881e-20
2650 0.0241498 -4.87879e-21
2649 0.0241567 -8.6722e-22
2648 0.0241955 3.14485e-21
2647 0.0241063 3.13224e-21
2646 0.024049 -8.89008e-22
2645 0.0240411 3.12508e-21
2644 0.0242729 3.11465e-21
2643 0.0242943 -4.87266e-21
2642 0.0241286 -4.88801e-21
2641 0.0241547 -8.44872e-22
2640 0.0243289 3.10172e-21
2639 0.0242838 -8.75148e-22
2638 0.0242073 -8.68432e-22
2637 0.024151 7.13606e-21
2636 0.024276 7.1364e-21
2635 0.0242825 3.11618e-21
2634 0.0244414 -8.84516e-22
2633 0.0243583 -8.71128e-22
2632 0.0243027 -8.63364e-22
2631 0.0243891 7.11936e-21
2630 0.024482 3.121e-21
2629 0.0244029 -8.87984e-21
2628 0.024462 3.09615e-21
2627 0.0244273 -8.90768e-22
2626 0.0245068 -8.9318e-22
2625 0.0245914 -8.83644e-21
2624 0.0245175 7.11775e-21
2623 0.0245329 -9.25388e-22
2622 0.0245689 7.10017e-21
2621 0.0246262 3.12033e-21
2620 0.0245914 7.09935e-21
2619 0.0245579 -8.81208e-22
2618 0.0245078 3.10879e-21
2617 0.0246231 7.10327e-21
2616 0.0247752 -8.90893e-21
2615 0.0247522 -8.6472e-22
2614 0.024631 -8.89951e-21
2613 0.0247961 3.09971e-21
2612 0.0247494 1.11048e-20
2611 0.0247358 -8.96624e-22
2610 0.0248997 -8.8986e-22
2609 0.024742 -8.65992e-22
2608 0.0248735 3.09097e-21
2607 0.0247709 1.11192e-20
2606 0.0248029 3.12883e-21
2605 0.0249724 -9.07968e-22
2604 0.0248861 -4.89268e-21
2603 0.0248453 -8.56068e-22
2602 0.0250061 7.11405e-21
2601 0.0249534 -8.97464e-22
2600 0.0249769 3.10719e-21
2599 0.0250553 -4.86538e-21
2598 0.0249134 3.08881e-21
2597 0.0251436 -8.74392e-22
2596 0.0251632 3.10988e-21
2595 0.0251037 -4.87866e-21
2594 0.0250876 -8.8078e-22
2593 0.0251833 -8.82968e-22
2592 0.0251411 7.12121e-21
2591 0.0251758 3.12076e-21
2590 0.0252087 3.12494e-21
2589 0.0251413 7.09898e-21
2588 0.0253488 3.11034e-21
2587 0.0253675 -8.89278e-21
2586 0.0252011 7.10927e-21
2585 0.0253092 -9.05812e-22
2584 0.0253342 -8.88176e-22
2583 0.0253424 3.10218e-21
2582 0.0252847 -8.93328e-22
2581 0.0253626 -4.90219e-21
2580 0.0253674 3.07018e-21
2579 0.0254195 -8.89653e-21
2578 0.0254678 1.50861e-20
2577 0.0255925 -8.90996e-22
2576 0.0254136 3.0545e-21
2575 0.0255286 -8.98364e-22
2574 0.0254557 3.1344e-21
2573 0.0255678 3.09458e-21
2572 0.025635 3.09614e-21
2571 0.0254944 -9.07096e-22
2570 0.0256447 3.09989e-21
2569 0.0255931 -4.91226e-21
2568 0.0255367 7.11892e-21
2567 0.0258624 -9.24092e-22
2566 0.0258162 -9.03896e-22
2565 0.0256449 -4.88824e-21
2564 0.0256951 -9.28884e-22
2563 0.0257246 -4.92576e-21
2562 0.0256264 -4.89634e-21
2561 0.0257271 7.0763e-21
2560 0.02576 3.09786e-21
2559 0.0256953 -8.9046e-21
2558 0.025742 -8.7206e-22
2557 0.0258517 1.10855e-20
2556 0.0258225 3.07585e-21
2555 0.025737 3.07913e-21
2554 0.0259246 -9.10804e-22
2553 0.0259504 -9.06768e-22
2552 0.0259733 7.1093e-21
2551 0.0260494 -8.86644e-22
2550 0.0259688 -4.91479e-21
2549 0.0260117 7.07059e-21
2548 0.025964 -8.88524e-22
2547 0.02594 -8.90988e-21
2546 0.0261055 -9.15376e-22
2545 0.0261245 -8.86972e-21
2544 0.0261941 3.1039e-21
2543 0.0260776 -4.88118e-21
2542 0.0260395 3.08788e-21
2541 0.0261051 7.0784e-21
2540 0.026394 7.07029e-21
2539 0.0261406 -9.11724e-22
2538 0.0262172 3.05739e-21
2537 0.0261494 3.07847e-21
2536 0.0263581 3.09253e-21
2535 0.0263733 7.06745e-21
2534 0.0263067 -9.23944e-22
2533 0.0262984 -9.12796e-22
2532 0.0263395 3.09392e-21
2531 0.026369 -9.25616e-22
2530 0.0263458 -9.2102e-22
2529 0.02642 7.06934e-21
2528 0.0263627 -4.93011e-21
2527 0.0264329 -4.92076e-21
2526 0.0265415 3.07492e-21
2525 0.0264713 7.07382e-21
2524 0.0265164 3.06237e-21
2523 0.026498 -9.01044e-22
2522 0.0266052 3.09993e-21
2521 0.0264772 -9.14968e-22
2520 0.0265625 3.09298e-21
2519 0.0266571 -9.41488e-22
2518 0.0267235 -9.14824e-22
2517 0.0266589 -9.22884e-22
2516 0.0266497 3.10425e-21
2515 0.0267305 -4.939e-21
2514 0.0266915 -9.14532e-22
2513 0.0267839 -4.91105e-21
2512 0.0264854 -4.90184e-21
2511 0.0268488 -4.93121e-21
2510 0.0269292 3.06857e-21
2509 0.0266126 3.04067e-21
2508 0.0271077 -8.94534e-21
2507 0.0268738 7.08436e-21
2506 0.0268585 -9.32576e-22
2505 0.0268634 3.06972e-21
2504 0.0270747 3.06912e-21
2503 0.0271555 -4.94628e-21
2502 0.0270296 3.07656e-21
2501 0.0270309 7.05088e-21
2500 0.0270542 7.06478e-21
2499 0.0271725 -9.24348e-22
2498 0.02685 7.0921e-21
2497 0.0271377 -4.91034e-21
2496 0.0270942 -9.3746e-22
2495 0.0271871 -9.34872e-22
2494 0.0274093 -4.9511e-21
2493 0.0273921 -9.48116e-22
2492 0.0271546 -1.29539e-20
2491 0.027099 -9.40812e-22
2490 0.0274446 7.05013e-21
2489 0.0272335 -9.47828e-22
2488 0.0272107 7.09457e-21
2487 0.0273218 1.10606e-20
2486 0.0272316 7.03551e-21
2485 0.0274441 -4.94512e-21
2484 0.0273683 -9.24892e-22
2483 0.0273615 -9.354e-22
2482 0.0273057 -8.93178e-21
2481 0.0275501 -4.91908e-21
2480 0.0276146 -9.25696e-22
2479 0.0272726 -1.29503e-20
2478 0.0274978 -4.9408e-21
2477 0.0273992 -4.94146e-21
2476 0.027553 -4.94379e-21
2475 0.0274239 -9.24224e-22
2474 0.0277499 -9.32636e-22
2473 0.0277355 -8.97132e-21
2472 0.0277779 3.03604e-21
2471 0.0276482 -4.94581e-21
2470 0.0278923 -9.57864e-22
2469 0.0276848 7.06787e-21
2468 0.0276562 -8.93422e-21
2467 0.0276597 7.06126e-21
2466 0.0277508 7.03665e-21
2465 0.0276927 3.06416e-21
2464 0.0277611 7.06461e-21
2463 0.0278676 7.06967e-21
2462 0.0278163 3.04774e-21
2461 0.0278314 -9.57996e-22
2460 0.0280105 -9.58392e-22
2459 0.0278227 -9.2296e-22
2458 0.0279977 3.06548e-21
2457 0.0281218 -9.51808e-22
2456 0.0280082 -9.4756e-22
2455 0.0278819 -4.91381e-21
2454 0.0281197 7.047e-21
2453 0.0281242 3.06075e-21
2452 0.0280654 -9.49256e-22
2451 0.0280621 -9.39036e-22
2450 0.0281926 -9.33176e-22
2449 0.0280945 -4.94988e-21
2448 0.0280594 -4.91676e-21
2447 0.0281777 -4.97548e-21
2446 0.0280576 -4.95018e-21
2445 0.0282387 3.06173e-21
2444 0.0283281 -9.458e-22
2443 0.0283638 -9.428e-22
2442 0.0283589 -9.5816e-22
2441 0.028537 -9.45656e-22
2440 0.0283585 -4.996e-21
2439 0.0282625 -4.97768e-21
2438 0.0283198 3.0815e-21
2437 0.0284188 -9.42544e-22
2436 0.0285605 3.05372e-21
2435 0.0285648 -9.49952e-22
2434 0.0285519 3.0394e-21
2433 0.0286633 7.04471e-21
2432 0.0284026 -4.94254e-21
2431 0.0285784 3.04029e-21
2430 0.0286659 -9.43516e-22
2429 0.0284653 1.50748e-20
2428 0.0287032 -8.93579e-21
2427 0.0286326 -9.30396e-22
2426 0.0286897 -4.93067e-21
2425 0.0287851 -9.59748e-22
2424 0.0286913 3.02275e-21
2423 0.0288884 7.03817e-21
2422 0.0288896 -8.983e-21
2421 0.0288591 3.0515e-21
2420 0.0287245 7.07676e-21
2419 0.0287737 -9.50264e-22
2418 0.0289942 7.05815e-21
2417 0.0289528 7.05808e-21
2416 0.0288978 7.05582e-21
2415 0.0287566 3.03056e-21
2414 0.0290215 -4.97101e-21
2413 0.0291216 -8.97773e-21
2412 0.0290308 7.04634e-21
2411 0.0290387 -8.985e-21
2410 0.029091 7.03061e-21
2409 0.0290556 -4.97201e-21
2408 0.0290708 -9.5778e-22
2407 0.0291303 3.02545e-21
2406 0.0292152 -9.82076e-22
2405 0.0293144 3.05062e-21
2404 0.0292211 -9.57932e-22
2403 0.0293377 3.05676e-21
2402 0.0294001 -4.98286e-21
2401 0.0292212 -4.95416e-21
2400 0.0293288 -4.95915e-21
2399 0.0294672 7.03687e-21
2398 0.0294868 -9.93544e-22
2397 0.0295039 3.02097e-21
2396 0.0294995 -4.97084e-21
2395 0.0295454 7.04269e-21
2394 0.0295326 -4.95397e-21
2393 0.0295174 -9.80772e-22
2392 0.0296187 -8.99082e-21
2391 0.0297782 -9.74116e-22
2390 0.0295521 1.10491e-20
2389 0.0297007 -4.95344e-21
2388 0.0297567 -8.98611e-21
2387 0.0296811 -9.80776e-22
2386 0.0297218 -4.97494e-21
2385 0.0298608 -4.97436e-21
2384 0.0295833 -4.96348e-21
2383 0.0297413 -4.961e-21
2382 0.0298056 -4.97556e-21
2381 0.0297481 3.01046e-21
2380 0.0300617 3.02714e-21
2379 0.0298621 1.10385e-20
2378 0.0298388 -9.68164e-22
2377 0.0300656 -5.00602e-21
2376 0.0299877 -9.47756e-22
2375 0.0302442 -9.77524e-22
2374 0.030091 7.00701e-21
2373 0.0299392 7.02339e-21
2372 0.0299883 -4.96478e-21
2371 0.0301065 -1.00798e-21
2370 0.0300666 3.01271e-21
2369 0.0303056 -9.99336e-22
2368 0.0300081 -9.99984e-22
2367 0.0301054 3.04103e-21
2366 0.0300467 -1.02174e-21
2365 0.0301903 -9.97076e-22
2364 0.0303039 3.01233e-21
2363 0.0302147 7.02203e-21
2362 0.0303859 -4.98889e-21
2361 0.0303504 7.00976e-21
2360 0.0302746 -4.99113e-21
2359 0.0302172 2.9778e-21
2358 0.0305321 -1.00567e-21
2357 0.0304911 -9.82716e-22
2356 0.0304343 3.01232e-21
2355 0.0305069 1.10017e-20
2354 0.0306157 -1.00877e-21
2353 0.0306293 -9.76444e-22
2352 0.0305506 -9.83408e-22
2351 0.0307443 -4.96358e-21
2350 0.0306291 -9.9446e-22
2349 0.030535 2.98732e-21
2348 0.030832 3.03609e-21
2347 0.0306613 -9.89784e-22
2346 0.0308632 3.01711e-21
2345 0.0308981 3.03714e-21
2344 0.0308225 -9.6652e-22
2343 0.0306866 7.0126e-21
2342 0.0309889 -9.82252e-22
2341 0.030889 -4.96625e-21
2340 0.0306213 3.01615e-21
2339 0.0309631 -8.99499e-21
2338 0.0308622 -9.85948e-22
2337 0.0310383 -1.00192e-21
2336 0.0309797 3.01156e-21
2335 0.031117 -9.85216e-22
2334 0.0311497 7.01224e-21
2333 0.0310007 -9.87684e-22
2332 0.0310601 2.99848e-21
2331 0.0310606 2.99959e-21
2330 0.0310858 3.0263e-21
2329 0.0310515 -4.98678e-21
2328 0.0311816 1.10188e-20
2327 0.0314023 7.00031e-21
2326 0.031349 7.0147e-21
2325 0.0312395 -1.01088e-21
2324 0.0312258 2.99881e-21
2323 0.0314396 3.00794e-21
2322 0.0315975 -1.0259e-21
2321 0.0313857 3.0058e-21
2320 0.0315518 -5.04545e-21
2319 0.0315069 -8.9756e-21
2318 0.0315268 -1.03738e-21
2317 0.0314239 1.90081e-20
2316 0.0313467 3.02716e-21
2315 0.031465 3.0026e-21
2314 0.0316732 3.02534e-21
2313 0.0317697 2.98654e-21
2312 0.0316261 -9.81168e-22
2311 0.0318332 7.03192e-21
2310 0.0315719 3.0036e-21
2309 0.0319324 -1.00412e-21
2308 0.0319517 2.98106e-21
2307 0.0319793 -4.98595e-21
2306 0.0317017 -1.02347e-21
2305 0.0320266 -1.02258e-21
2304 0.0318694 -1.03727e-21
2303 0.0319929 -4.99918e-21
2302 0.0317571 -1.01486e-21
2301 0.0319249 -5.01768e-21
2300 0.0321595 2.99018e-21
2299 0.0321272 2.99612e-21
2298 0.0318078 3.01822e-21
2297 0.0322912 2.97322e-21
2296 0.0319829 1.09711e-20
2295 0.0321618 -1.29999e-20
2294 0.0323022 -1.0116e-21
2293 0.0321858 -1.02469e-21
2292 0.0321257 2.99054e-21
2291 0.0321575 -1.02923e-21
2290 0.032147 6.99876e-21
2289 0.0324139 3.01455e-21
2288 0.032374 -5.03408e-21
2287 0.0323278 -1.00212e-21
2286 0.0324735 -9.99696e-22
2285 0.0323962 -5.0224e-21
2284 0.0325558 1.09889e-20
2283 0.0322851 -9.00928e-21
2282 0.0325477 -5.01282e-21
2281 0.0324167 2.99501e-21
2280 0.0327575 -5.02956e-21
2279 0.0324622 -1.01132e-21
2278 0.0326252 -1.0138e-21
2277 0.0325845 6.97618e-21
2276 0.0325657 6.96409e-21
2275 0.0326851 2.97668e-21
2274 0.0326459 1.09826e-20
2273 0.0326465 -5.03417e-21
2272 0.0328196 -9.04009e-21
2271 0.0325876 -1.30298e-20
2270 0.0330182 6.97516e-21
2269 0.0328465 -1.01987e-21
2268 0.0329695 -5.03341e-21
2267 0.0329301 -1.03004e-21
2266 0.0329148 6.9801e-21
2265 0.0330118 -9.04534e-21
2264 0.0328521 -1.0373e-21
2263 0.0330752 -1.038e-21
2262 0.0329798 2.98362e-21
2261 0.0332762 2.99326e-21
2260 0.0331473 -1.05917e-21
2259 0.0333512 -5.03965e-21
2258 0.0329448 2.96861e-21
2257 0.033209 -5.01381e-21
2256 0.0331897 -1.06437e-21
2255 0.0331106 -1.0082e-21
2254 0.0332912 -5.03038e-21
2253 0.0333294 -5.02005e-21
2252 0.0333798 -1.02875e-21
2251 0.0335422 -1.00831e-21
2250 0.0335438 2.94456e-21
2249 0.03367 -9.03927e-21
2248 0.033442 -1.04984e-21
2247 0.0337564 2.94199e-21
2246 0.0333126 -4.99933e-21
2245 0.0337058 -1.01593e-21
2244 0.0337299 2.96867e-21
2243 0.0334963 -1.04915e-21
2242 0.0336022 2.94832e-21
2241 0.0338492 6.95557e-21
2240 0.0336722 -9.02297e-21
2239 0.0336493 -9.0366e-21
2238 0.0339446 -5.02182e-21
2237 0.033799 -9.0477e-21
2236 0.0338381 -1.01553e-21
2235 0.0339868 -1.0591e-21
2234 0.0338255 2.96703e-21
2233 0.0338738 -1.05863e-21
2232 0.0338534 -1.029e-21
2231 0.0340833 2.96584e-21
2230 0.0342296 2.93166e-21
2229 0.0341248 2.95962e-21
2228 0.0341572 2.96656e-21
2227 0.0344058 -5.05812e-21
2226 0.0338883 -5.06606e-21
2225 0.0342288 2.93471e-21
2224 0.0342117 -1.01461e-21
2223 0.034228 -5.01971e-21
2222 0.0344824 -5.03458e-21
2221 0.0344387 -5.03391e-21
2220 0.034403 1.49857e-20
2219 0.034307 -1.04241e-21
2218 0.034541 -9.03191e-21
2217 0.034372 -1.07107e-21
2216 0.0345549 -5.0252e-21
2215 0.0346161 -9.05937e-21
2214 0.0342478 -1.03779e-21
2213 0.0345686 -1.03599e-21
2212 0.0347307 -1.08435e-21
2211 0.0348237 -1.04635e-21
2210 0.0346697 2.93051e-21
2209 0.0348921 -1.04801e-21
2208 0.0347246 -1.3071e-20
2207 0.0347969 -9.02748e-21
2206 0.0347849 2.92365e-21
2205 0.0349666 -1.04524e-21
2204 0.0349785 2.95022e-21
2203 0.0349441 -5.05635e-21
2202 0.0350054 -1.0481e-21
2201 0.0349487 -1.04599e-21
2200 0.0348871 -1.05239e-21
2199 0.0348274 6.95072e-21
2198 0.0349146 -9.05137e-21
2197 0.0351849 -1.03196e-21
2196 0.0350361 -1.05462e-21
2195 0.0349057 -9.06453e-21
2194 0.0351053 -1.06766e-21
2193 0.0351145 -1.04184e-21
2192 0.0353406 -1.05492e-21
2191 0.0351748 2.95142e-21
2190 0.035334 1.09365e-20
2189 0.0354301 -1.05608e-21
2188 0.0354831 -1.06835e-21
2187 0.0353039 6.95202e-21
2186 0.0354605 2.94892e-21
2185 0.0354133 -1.07612e-21
2184 0.0354423 6.92388e-21
2183 0.0354435 -1.05984e-21
2182 0.0356375 -9.07273e-21
2181 0.0355087 -1.0695e-21
2180 0.0356957 -9.06466e-21
2179 0.0357292 -1.038e-21
2178 0.0358307 2.93192e-21
2177 0.0357946 -1.07085e-21
2176 0.0358575 -1.10124e-21
2175 0.035817 2.93981e-21
2174 0.0358463 2.93367e-21
2173 0.0359478 -1.09688e-21
2172 0.0361402 2.92925e-21
2171 0.0359453 2.94608e-21
2170 0.0358098 -5.07909e-21
2169 0.0359162 -9.0729e-21
2168 0.0362191 6.91512e-21
2167 0.0359728 1.09011e-20
2166 0.0361581 2.91504e-21
2165 0.0361336 -5.08761e-21
2164 0.036313 1.09085e-20
2163 0.0361888 -1.08564e-21
2162 0.0359938 -1.06182e-21
2161 0.0362832 6.9395e-21
2160 0.0362006 -1.07119e-21
2159 0.0361668 -1.0823e-21
2158 0.0363441 -5.07165e-21
2157 0.0363773 -1.08211e-21
2156 0.0364162 -1.08837e-21
2155 0.0365047 6.92042e-21
2154 0.0364818 -5.08415e-21
2153 0.0364213 -9.06723e-21
2152 0.0364041 -5.0825e-21
2151 0.036598 1.0927e-20
2150 0.0366446 2.95961e-21
2149 0.0367651 -5.07206e-21
2148 0.0367384 2.95241e-21
2147 0.0366587 6.91227e-21
2146 0.0368568 -1.12305e-21
2145 0.0367044 -1.06546e-21
2144 0.0368009 2.91366e-21
2143 0.037111 -9.09596e-21
2142 0.0370167 2.93064e-21
2141 0.0369064 2.92767e-21
2140 0.0369071 2.88939e-21
2139 0.0371701 1.08942e-20
2138 0.0369141 6.92308e-21
2137 0.0370525 -9.12565e-21
2136 0.0368901 -9.06655e-21
2135 0.0371074 -9.08534e-21
2134 0.0373104 -1.0806e-21
2133 0.0372577 -5.08662e-21
2132 0.0372557 -5.0856e-21
2131 0.0375933 -5.10465e-21
2130 0.0369986 2.93258e-21
2129 0.0374979 -9.09363e-21
2128 0.0372315 -1.07581e-21
2127 0.0375872 -5.12936e-21
2126 0.0375755 -1.08261e-21
2125 0.0376947 -1.1078e-21
2124 0.0375868 -1.09291e-21
2123 0.0374904 6.85294e-21
2122 0.0377531 -1.0846e-21
2121 0.0375707 2.88488e-21
2120 0.0378663 -9.1108e-21
2119 0.0376917 1.48779e-20
2118 0.0375416 1.09202e-20
2117 0.0378679 -5.11147e-21
2116 0.0380012 -1.08278e-21
2115 0.03773 -9.12254e-21
2114 0.0377408 -1.11109e-21
2113 0.0378008 -9.08737e-21
2112 0.0378025 -9.10844e-21
2111 0.037844 2.88836e-21
2110 0.0382557 1.08708e-20
2109 0.0381013 -5.08721e-21
2108 0.0380782 1.08827e-20
2107 0.0382298 6.90006e-21
2106 0.0383267 -1.12257e-21
2105 0.0384595 -5.10926e-21
2104 0.0382376 -1.30924e-20
2103 0.0382882 2.91473e-21
2102 0.0382832 2.87724e-21
2101 0.038151 6.90999e-21
2100 0.0383258 2.90762e-21
2099 0.0385751 -1.11925e-21
2098 0.0385505 2.88433e-21
2097 0.0384944 -1.09436e-21
2096 0.0383624 -1.08226e-21
2095 0.0388789 2.92e-21
2094 0.0386861 -5.11022e-21
2093 0.0385226 -9.09272e-21
2092 0.038799 -1.13661e-21
2091 0.038618 -1.12267e-21
2090 0.0388719 -9.10742e-21
2089 0.0384873 -1.11131e-21
2088 0.0390668 -1.1198e-21
2087 0.0388225 -9.09397e-21
2086 0.0388155 -5.09983e-21
2085 0.0390315 6.87266e-21
2084 0.0389469 -1.10686e-21
2083 0.0393756 -1.10744e-21
2082 0.0392358 -1.13056e-21
2081 0.0392424 1.08596e-20
2080 0.0392096 2.86501e-21
2079 0.0390652 -1.12936e-21
2078 0.0394891 2.87547e-21
2077 0.0394993 -5.12676e-21
2076 0.0393847 -5.12486e-21
2075 0.0392236 1.08922e-20
2074 0.0394299 2.87977e-21
2073 0.0394269 6.8832e-21
2072 0.039259 2.87174e-21
2071 0.0394477 -9.10216e-21
2070 0.0393116 6.90785e-21
2069 0.0395718 -1.11561e-21
2068 0.0398278 2.89626e-21
2067 0.0397124 2.89039e-21
2066 0.0399018 -1.10754e-21
2065 0.0398418 6.8896e-21
2064 0.0397364 2.8519e-21
2063 0.0399829 -1.10572e-21
2062 0.0400106 1.08654e-20
2061 0.0398444 -5.13328e-21
2060 0.0400247 2.85703e-21
2059 0.0401044 2.85946e-21
2058 0.0400387 -1.14309e-21
2057 0.0402916 6.86961e-21
2056 0.0402475 -1.11703e-21
2055 0.0401388 -1.12211e-21
2054 0.0401469 2.88191e-21
2053 0.0402499 2.87502e-21
2052 0.0401364 -1.1441e-21
2051 0.0405552 2.86217e-21
2050 0.0404781 -5.12449e-21
2049 0.0403101 6.85833e-21
2048 0.0404996 2.84084e-21
2047 0.040553 -1.1491e-21
2046 0.04049 -1.13138e-21
2045 0.0405961 -5.13775e-21
2044 0.0407289 -5.12082e-21
2043 0.0407966 -1.15133e-21
2042 0.0405485 2.85789e-21
2041 0.040648 -1.1473e-21
2040 0.0407677 -1.14015e-21
2039 0.0408223 6.85678e-21
2038 0.0409694 2.85002e-21
2037 0.0405586 6.86633e-21
2036 0.0409792 -1.13936e-21
2035 0.041124 -1.14688e-21
2034 0.0407546 2.85783e-21
2033 0.0411459 2.8657e-21
2032 0.0411838 -9.14625e-21
2031 0.0411409 2.83393e-21
2030 0.0413918 2.85262e-21
2029 0.0412301 -1.13015e-21
2028 0.0410924 6.83414e-21
2027 0.0412691 2.84404e-21
2026 0.0412947 2.87653e-21
2025 0.0412264 6.85502e-21
2024 0.0413089 6.85336e-21
2023 0.0413275 -5.12466e-21
2022 0.0417363 -1.15758e-21
2021 0.0414423 6.83497e-21
2020 0.0415303 2.85293e-21
2019 0.041655 -1.14218e-21
2018 0.0415567 -1.15352e-21
2017 0.0418931 -5.15814e-21
2016 0.0415593 -5.1199e-21
2015 0.0419653 2.86938e-21
2014 0.0417988 -9.12996e-21
2013 0.0418912 2.86073e-21
2012 0.0419533 -1.16946e-21
2011 0.0420329 2.86239e-21
2010 0.0419718 -9.18225e-21
2009 0.0422296 6.80281e-21
2008 0.0421996 -1.1608e-21
2007 0.0421174 -5.16602e-21
2006 0.0421856 -5.18374e-21
2005 0.0421818 -1.16632e-21
2004 0.0420587 -1.18143e-21
2003 0.0421726 1.08494e-20
2002 0.042306 -5.16852e-21
2001 0.0422572 -9.17198e-21
2000 0.0425352 -5.13808e-21
1999 0.0423972 2.83877e-21
1998 0.0424685 6.84694e-21
1997 0.0426436 1.08162e-20
1996 0.0427629 2.82451e-21
1995 0.0424827 2.84083e-21
1994 0.0425197 -1.12302e-21
1993 0.042788 -1.17412e-21
1992 0.0426845 2.84396e-21
1991 0.0427124 -5.13429e-21
1990 0.0428472 1.483e-20
1989 0.0427571 -1.17322e-21
1988 0.0428566 -5.19014e-21
1987 0.0428843 -1.16886e-21
1986 0.0429192 6.84139e-21
1985 0.0431089 2.82066e-21
1984 0.0428566 -1.17063e-21
1983 0.0430082 -5.14596e-21
1982 0.0430684 -1.16267e-21
1981 0.0434375 1.88248e-20
1980 0.0432266 -9.17788e-21
1979 0.0433849 2.79641e-21
1978 0.0433238 6.82973e-21
1977 0.0433989 2.82996e-21
1976 0.0435365 2.82098e-21
1975 0.0437161 -1.23257e-21
1974 0.0434852 -1.15116e-21
1973 0.0434287 -9.17952e-21
1972 0.0440103 -5.17178e-21
1971 0.0434798 2.79796e-21
1970 0.0436588 -5.18085e-21
1969 0.0439976 6.82154e-21
1968 0.0437123 2.80932e-21
1967 0.0439038 -5.19286e-21
1966 0.0437772 2.80322e-21
1965 0.0439985 -1.19147e-21
1964 0.0440174 -1.1894e-21
1963 0.0439475 1.48378e-20
1962 0.0440575 -1.16346e-21
1961 0.044031 -1.18414e-21
1960 0.0443181 -9.1769e-21
1959 0.044129 -1.14894e-21
1958 0.0442817 2.80144e-21
1957 0.0444461 -1.20723e-21
1956 0.0440673 -1.17457e-21
1955 0.0441159 1.87953e-20
1954 0.0443535 -1.18852e-21
1953 0.0446893 -1.19484e-21
1952 0.0443351 6.81032e-21
1951 0.044673 -1.23144e-21
1950 0.0445156 -5.19971e-21
1949 0.0447044 -5.19646e-21
1948 0.0445363 -1.21814e-21
1947 0.0445597 -5.18185e-21
1946 0.0449935 -5.20276e-21
1945 0.0448092 -1.32277e-20
1944 0.0448826 -5.23046e-21
1943 0.0448606 1.47766e-20
1942 0.0451874 -9.17066e-21
1941 0.0447439 -5.22582e-21
1940 0.0449079 -5.20256e-21
1939 0.0452026 -5.21444e-21
1938 0.045144 -5.17992e-21
1937 0.0451527 2.80314e-21
1936 0.0454474 2.7937e-21
1935 0.0455101 6.79103e-21
1934 0.0454303 -1.18715e-21
1933 0.0453355 2.78925e-21
1932 0.0454851 -1.32062e-20
1931 0.0458018 -9.19013e-21
1930 0.0457026 -9.19879e-21
1929 0.0457023 1.07896e-20
1928 0.0457312 -1.19057e-21
1927 0.0455129 -5.21255e-21
1926 0.0457785 -1.21465e-21
1925 0.0458576 1.47942e-20
1924 0.0462214 -1.20618e-21
1923 0.0460032 -1.19502e-21
1922 0.0460108 -1.20431e-21
1921 0.0460135 -5.21533e-21
1920 0.045781 2.79319e-21
1919 0.0458109 -1.19306e-21
1918 0.0461163 -5.21636e-21
1917 0.0464447 2.77673e-21
1916 0.0462077 6.79264e-21
1915 0.0462464 6.77254e-21
1914 0.0463978 2.79267e-21
1913 0.0467025 -1.20818e-21
1912 0.0463778 6.79362e-21
1911 0.0464885 2.78528e-21
1910 0.0462365 -5.25019e-21
1909 0.0466071 6.77411e-21
1908 0.0467164 2.77368e-21
1907 0.0465111 2.78731e-21
1906 0.0467306 -9.2021e-21
1905 0.0468724 -1.20495e-21
1904 0.0466937 2.7766e-21
1903 0.0471869 2.78389e-21
1902 0.0469546 -1.23225e-21
1901 0.0467678 -1.24413e-21
1900 0.0468024 -5.25566e-21
1899 0.0470589 -1.22314e-21
1898 0.0472098 -1.25616e-21
1897 0.0472144 2.75039e-21
1896 0.0471938 -1.26022e-21
1895 0.0471519 -9.21168e-21
1894 0.0473809 1.0751e-20
1893 0.0474306 -1.24344e-21
1892 0.0476295 6.76311e-21
1891 0.0477016 -1.21677e-21
1890 0.0474658 -1.22222e-21
1889 0.0477343 -9.21462e-21
1888 0.0477964 1.0751e-20
1887 0.0478462 -1.32448e-20
1886 0.0472578 -5.19882e-21
1885 0.047622 6.79203e-21
1884 0.0480128 -1.21098e-21
1883 0.0479125 -1.22732e-21
1882 0.0479797 2.77123e-21
1881 0.0482123 2.78088e-21
1880 0.0481214 -9.25134e-21
1879 0.048229 -1.27226e-21
1878 0.0482624 -5.2541e-21
1877 0.048293 -9.25012e-21
1876 0.0480911 -9.23037e-21
1875 0.0482842 -1.23891e-21
1874 0.0482133 -1.22542e-21
1873 0.048427 -1.25272e-21
1872 0.0481987 -9.24524e-21
1871 0.0484249 -5.23824e-21
1870 0.0487846 -9.25768e-21
1869 0.0486327 6.76841e-21
1868 0.0486877 -5.25232e-21
1867 0.0486499 6.73576e-21
1866 0.0488585 6.75276e-21
1865 0.0488178 -9.23378e-21
1864 0.0487073 -5.25061e-21
1863 0.0490717 6.73674e-21
1862 0.0492048 2.7413e-21
1861 0.0491244 -1.25689e-21
1860 0.049156 2.72608e-21
1859 0.0489622 2.73379e-21
1858 0.0494085 6.77266e-21
1857 0.0492972 6.73519e-21
1856 0.0491579 -1.25748e-21
1855 0.0498916 -5.25298e-21
1854 0.0492676 6.74189e-21
1853 0.0495247 2.7527e-21
1852 0.0493809 2.74631e-21
1851 0.0495348 2.75557e-21
1850 0.0502725 -1.25561e-21
1849 0.0499163 -9.24813e-21
1848 0.0499487 -5.25602e-21
1847 0.0498853 2.738e-21
1846 0.0496437 -1.25189e-21
1845 0.0502574 -1.24778e-21
1844 0.0499467 2.74412e-21
1843 0.0501302 -1.27112e-21
1842 0.0500802 6.74539e-21
1841 0.0500758 -1.27946e-21
1840 0.0500328 -1.25844e-21
1839 0.0502322 6.73525e-21
1838 0.0501415 -1.25224e-21
1837 0.0507171 -5.26692e-21
1836 0.0509398 2.73699e-21
1835 0.0505297 -1.24918e-21
1834 0.0504608 -5.29787e-21
1833 0.0504088 -1.24952e-21
1832 0.0504778 2.70154e-21
1831 0.0507144 2.71655e-21
1830 0.0508231 -1.25437e-21
1829 0.0507981 6.73903e-21
1828 0.0507289 2.71891e-21
1827 0.050489 -1.28069e-21
1826 0.0509692 -5.24621e-21
1825 0.0512317 2.73704e-21
1824 0.0510146 -5.28968e-21
1823 0.0513256 2.73057e-21
1822 0.0511255 2.7358e-21
1821 0.0512637 -5.27246e-21
1820 0.051751 -1.26786e-21
1819 0.0514031 -1.27998e-21
1818 0.0515461 -5.27666e-21
1817 0.0513099 -5.25128e-21
1816 0.0514608 6.73086e-21
1815 0.0515077 -9.27083e-21
1814 0.0519457 -1.29722e-21
1813 0.0517649 2.7261e-21
1812 0.0518965 1.06882e-20
1811 0.0519691 -5.26634e-21
1810 0.0520267 2.71218e-21
1809 0.0520423 -9.30691e-21
1808 0.0518271 2.71402e-21
1807 0.0519943 -1.3296e-20
1806 0.0521595 6.69606e-21
1805 0.0525255 2.71097e-21
1804 0.0526065 -1.32258e-21
1803 0.0523539 -1.28996e-21
1802 0.0524834 -1.26552e-21
1801 0.0523 -1.2888e-21
1800 0.052608 2.70054e-21
1799 0.0528281 -1.30529e-21
1798 0.0529483 -1.29775e-21
1797 0.0531497 -1.28803e-21
1796 0.0528438 6.71155e-21
1795 0.0529111 2.70602e-21
1794 0.0527574 6.6759e-21
1793 0.0528635 6.70351e-21
1792 0.0528182 6.69546e-21
1791 0.0533163 6.70324e-21
1790 0.053064 -1.32863e-20
1789 0.0531946 -1.31504e-21
1788 0.0532841 6.70973e-21
1787 0.0532413 -1.30794e-21
1786 0.0536447 -5.30368e-21
1785 0.0531686 2.71932e-21
1784 0.0536369 2.68162e-21
1783 0.0538748 -5.34478e-21
1782 0.0534365 -1.29462e-21
1781 0.05349 2.69812e-21
1780 0.0535106 2.69606e-21
1779 0.0537845 2.65591e-21
1778 0.0537127 -1.29936e-21
1777 0.0538736 -1.29149e-21
1776 0.0539161 -1.30066e-21
1775 0.0537941 -1.28704e-21
1774 0.0538326 -9.31183e-21
1773 0.0539879 -1.34038e-21
1772 0.0544825 2.68821e-21
1771 0.0541141 -5.32921e-21
1770 0.0542606 -1.34789e-21
1769 0.0544132 6.68518e-21
1768 0.0545886 -5.31051e-21
1767 0.05491 2.68195e-21
1766 0.0542231 -1.33148e-20
1765 0.054779 -5.30942e-21
1764 0.0549361 -5.31477e-21
1763 0.0548734 6.6798e-21
1762 0.054776 -5.31018e-21
1761 0.0549332 1.46809e-20
1760 0.0550403 6.67426e-21
1759 0.0550621 1.07021e-20
1758 0.0551669 2.67479e-21
1757 0.0551438 -5.31545e-21
1756 0.0550534 2.65815e-21
1755 0.055265 2.65514e-21
1754 0.055362 -1.34803e-21
1753 0.0555923 -5.35303e-21
1752 0.0552488 2.68112e-21
1751 0.0553816 1.06443e-20
1750 0.0558039 6.64403e-21
1749 0.0556368 -1.3337e-20
1748 0.0556108 2.681e-21
1747 0.0557842 -1.31986e-21
1746 0.0556705 -1.32692e-21
1745 0.0559824 -1.3405e-21
1744 0.0557806 -9.32952e-21
1743 0.0558083 6.67668e-21
1742 0.056048 2.66276e-21
1741 0.0565399 -9.33723e-21
1740 0.0562614 -9.32e-21
1739 0.056297 2.69174e-21
1738 0.0562197 -1.34869e-21
1737 0.0565776 6.6546e-21
1736 0.0566967 -5.34011e-21
1735 0.0566739 2.6416e-21
1734 0.0568875 -1.33184e-21
1733 0.0565609 -9.31978e-21
1732 0.0564932 -1.33308e-21
1731 0.0567965 -1.35468e-21
1730 0.0569003 -1.35085e-21
1729 0.057143 -1.37648e-21
1728 0.0566939 2.63898e-21
1727 0.0569047 6.6616e-21
1726 0.0571413 1.063e-20
1725 0.0570924 6.65391e-21
1724 0.0575583 -5.36677e-21
1723 0.0575471 -1.35909e-21
1722 0.0574369 -5.34795e-21
1721 0.0572211 -1.33537e-20
1720 0.0572592 2.65368e-21
1719 0.0575733 -1.36702e-21
1718 0.0578229 6.62334e-21
1717 0.0579306 -1.73735e-20
1716 0.0579805 -5.36492e-21
1715 0.0584035 6.63339e-21
1714 0.0581947 6.61468e-21
1713 0.0581008 -5.3586e-21
1712 0.0579559 6.64781e-21
1711 0.0580084 -1.34669e-21
1710 0.0578848 -1.36613e-21
1709 0.0580718 6.60376e-21
1708 0.0581111 -1.37776e-21
1707 0.0585493 2.6512e-21
1706 0.0590374 -5.38141e-21
1705 0.0587923 1.06262e-20
1704 0.0588574 1.06169e-20
1703 0.0589433 2.6173e-21
1702 0.058659 -1.3968e-21
1701 0.058728 2.64177e-21
1700 0.0587471 2.62948e-21
1699 0.0587155 -5.38007e-21
1698 0.0591918 -1.34492e-21
1697 0.0594897 -1.36631e-21
1696 0.0592313 -9.35897e-21
1695 0.0590795 -1.38542e-21
1694 0.0589876 -1.36643e-21
1693 0.0594495 -5.37988e-21
1692 0.059193 -1.35049e-21
1691 0.0596517 -5.37156e-21
1690 0.0593949 2.62321e-21
1689 0.0596855 -1.3752e-21
1688 0.0595037 -1.3642e-21
1687 0.0600778 2.61296e-21
1686 0.0601181 2.62981e-21
1685 0.0599707 2.67092e-21
1684 0.0602672 -5.37181e-21
1683 0.0602019 2.59564e-21
1682 0.0600242 1.46109e-20
1681 0.0599851 6.63504e-21
1680 0.060326 2.64663e-21
1679 0.0606209 -5.38062e-21
1678 0.0607577 -1.38382e-21
1677 0.0606523 -9.38741e-21
1676 0.0609477 2.59963e-21
1675 0.0610561 2.6115e-21
1674 0.0610386 -1.33814e-20
1673 0.0612102 -1.41782e-21
1672 0.0604506 2.60969e-21
1671 0.0611322 -1.38402e-21
1670 0.0609064 2.59024e-21
1669 0.0611569 -9.38776e-21
1668 0.0611027 -1.40214e-21
1667 0.0613516 1.05918e-20
1666 0.0614251 6.59639e-21
1665 0.061515 6.63074e-21
1664 0.0614547 2.58689e-21
1663 0.0616543 2.61287e-21
1662 0.0619149 -1.40951e-21
1661 0.0618628 -1.40019e-21
1660 0.0616455 6.61816e-21
1659 0.0620128 -1.38656e-21
1658 0.0623221 -5.39826e-21
1657 0.0620439 1.05981e-20
1656 0.0620113 -1.39431e-21
1655 0.0621122 2.57487e-21
1654 0.0629675 2.58187e-21
1653 0.0625267 -1.43156e-21
1652 0.0622999 -5.41085e-21
1651 0.062477 -1.42038e-21
1650 0.0628591 -1.41955e-21
1649 0.0629458 2.58849e-21
1648 0.0624894 -5.40431e-21
1647 0.062633 2.55648e-21
1646 0.0630409 -1.44608e-21
1645 0.0630719 -1.42972e-21
1644 0.063099 6.58658e-21
1643 0.0632522 -5.4247e-21
1642 0.0635892 -1.43367e-21
1641 0.0635548 6.55539e-21
1640 0.063675 -5.41324e-21
1639 0.0635728 2.56551e-21
1638 0.0636817 -1.43229e-21
1637 0.0635101 -1.40167e-21
1636 0.0637486 -1.40386e-21
1635 0.0639177 6.55088e-21
1634 0.0639905 -1.42381e-21
1633 0.0639134 -1.39792e-21
1632 0.064682 -1.44537e-21
1631 0.0639132 6.54865e-21
1630 0.0640775 6.56976e-21
1629 0.0644977 -1.42652e-21
1628 0.0639605 2.55328e-21
1627 0.0641954 -1.40976e-21
1626 0.0647603 -9.44532e-21
1625 0.0642777 -5.43338e-21
1624 0.0649015 2.5671e-21
1623 0.0644443 2.56795e-21
1622 0.0651715 -5.44916e-21
1621 0.06501 -5.43908e-21
1620 0.0647249 1.85527e-20
1619 0.0653632 -1.44856e-21
1618 0.0648971 -5.45678e-21
1617 0.0654497 -1.44818e-21
1616 0.0653907 -9.44955e-21
1615 0.0652183 -1.43258e-21
1614 0.065419 1.05438e-20
1613 0.0654151 -5.49278e-21
1612 0.0656891 -9.40624e-21
1611 0.0657685 2.54213e-21
1610 0.0660694 2.569e-21
1609 0.0654815 -1.4396e-21
1608 0.0662985 2.53716e-21
1607 0.0662173 -5.46326e-21
1606 0.0660292 -1.44698e-21
1605 0.0660944 2.55806e-21
1604 0.0663586 2.51889e-21
1603 0.0663949 -1.45842e-21
1602 0.0663826 6.53893e-21
1601 0.0666906 6.56502e-21
1600 0.0667559 -1.46741e-21
1599 0.0667888 2.5372e-21
1598 0.0672525 -5.45711e-21
1597 0.0670666 2.54979e-21
1596 0.0667006 -1.41702e-21
1595 0.0673677 6.55432e-21
1594 0.0675095 1.45223e-20
1593 0.0671642 6.52221e-21
1592 0.0671977 -1.46405e-21
1591 0.0674402 -1.4649e-21
1590 0.0675254 -5.4861e-21
1589 0.0679163 1.45305e-20
1588 0.0678234 -1.46052e-21
1587 0.0679298 -1.48094e-21
1586 0.0677669 -1.45308e-21
1585 0.0676729 -1.47405e-21
1584 0.068464 2.52971e-21
1583 0.0682556 -1.47249e-21
1582 0.0681436 1.05148e-20
1581 0.0687006 6.5434e-21
1580 0.0685274 -1.45906e-21
1579 0.0682725 -1.4627e-21
1578 0.0687787 6.56603e-21
1577 0.0684685 2.52304e-21
1576 0.0690967 -5.49042e-21
1575 0.0685982 -5.48412e-21
1574 0.0687222 2.50974e-21
1573 0.0693599 2.50524e-21
1572 0.0689321 -5.4649e-21
1571 0.0696289 6.52273e-21
1570 0.069755 2.46073e-21
1569 0.0690327 2.52806e-21
1568 0.0694402 -1.4915e-21
1567 0.0699617 -1.45995e-21
1566 0.0698594 6.52622e-21
1565 0.0692966 -1.46506e-21
1564 0.0702978 -5.4968e-21
1563 0.0701206 -9.48065e-21
1562 0.0700721 -1.49842e-21
1561 0.0703175 2.4856e-21
1560 0.070255 -1.46848e-21
1559 0.0707577 -1.49257e-21
1558 0.070537 -5.49766e-21
1557 0.0704607 1.04729e-20
1556 0.0708319 -1.50419e-21
1555 0.0703609 6.50287e-21
1554 0.0707773 -9.50525e-21
1553 0.0710029 6.49243e-21
1552 0.0709897 -5.51987e-21
1551 0.0707404 -1.51704e-21
1550 0.0716797 1.0485e-20
1549 0.0709621 -5.49955e-21
1548 0.0718698 2.48664e-21
1547 0.0712831 -1.52666e-21
1546 0.0714459 2.5002e-21
1545 0.0717413 -1.50359e-21
1544 0.071318 -5.54214e-21
1543 0.0721039 -1.50506e-21
1542 0.0720031 -1.53234e-21
1541 0.0721332 -5.53475e-21
1540 0.072222 2.47658e-21
1539 0.0718193 1.04946e-20
1538 0.0720541 -5.5214e-21
1537 0.0725958 -9.51968e-21
1536 0.0724131 2.46886e-21
1535 0.0726651 -1.52316e-21
1534 0.0724713 1.04713e-20
1533 0.0728479 -9.52689e-21
1532 0.0729442 -5.52394e-21
1531 0.0732089 1.04693e-20
1530 0.072596 -1.48914e-21
1529 0.0734676 2.49169e-21
1528 0.0731729 -1.48526e-21
1527 0.0736691 2.46128e-21
1526 0.0732841 2.46234e-21
1525 0.0731661 -1.54593e-21
1524 0.0735258 6.4705e-21
1523 0.074223 -1.50535e-21
1522 0.0737371 1.04854e-20
1521 0.0734515 -1.52934e-21
1520 0.0738223 6.4651e-21
1519 0.0739098 2.48001e-21
1518 0.0739613 6.46386e-21
1517 0.0739445 2.44205e-21
1516 0.0747245 6.47206e-21
1515 0.0744934 -1.53938e-21
1514 0.0747329 -1.52483e-21
1513 0.0745268 6.46246e-21
1512 0.0747867 -1.35294e-20
1511 0.0746811 2.43496e-21
1510 0.0750693 2.48025e-21
1509 0.0753802 -5.56016e-21
1508 0.0750848 -1.5315e-21
1507 0.0752727 -1.54122e-21
1506 0.0756106 -9.52816e-21
1505 0.0755297 2.46193e-21
1504 0.075907 -9.55619e-21
1503 0.0757402 1.44211e-20
1502 0.0758081 -5.55168e-21
1501 0.0765848 -5.55838e-21
1500 0.0761619 -9.53202e-21
1499 0.0764672 -5.57607e-21
1498 0.0763557 -1.54066e-21
1497 0.0761257 6.45581e-21
1496 0.0765558 6.43888e-21
1495 0.0766776 -1.57613e-21
1494 0.076719 6.46523e-21
1493 0.0771046 6.44222e-21
1492 0.0767995 6.42881e-21
1491 0.07742 2.42359e-21
1490 0.0769621 -1.54246e-21
1489 0.0775572 -1.53714e-21
1488 0.0774018 -5.57167e-21
1487 0.0774183 -1.35544e-20
1486 0.0770947 -9.55594e-21
1485 0.0772252 -9.55927e-21
1484 0.0775598 -5.58058e-21
1483 0.0772949 -1.55761e-21
1482 0.0778674 1.4409e-20
1481 0.0783886 -9.57842e-21
1480 0.0784184 -1.6024e-21
1479 0.0779251 2.44037e-21
1478 0.078136 -1.56786e-21
1477 0.0787443 2.40126e-21
1476 0.0787206 2.40533e-21
1475 0.0779038 2.41655e-21
1474 0.0788254 -5.57526e-21
1473 0.0788412 -9.60261e-21
1472 0.0791521 2.41654e-21
1471 0.0789884 -5.59198e-21
1470 0.0790907 2.42036e-21
1469 0.0795988 2.39198e-21
1468 0.0791438 -1.59885e-21
1467 0.0798987 -1.35932e-20
1466 0.0796483 -1.56091e-21
1465 0.0798214 -9.6061e-21
1464 0.0803835 2.38116e-21
1463 0.0795763 -5.57862e-21
1462 0.0797997 2.40858e-21
1461 0.080489 -5.60545e-21
1460 0.0804872 -9.5956e-21
1459 0.0809077 -5.59876e-21
1458 0.0807254 -5.60656e-21
1457 0.0808558 2.44036e-21
1456 0.080912 2.38714e-21
1455 0.0805628 2.36656e-21
1454 0.080803 -1.59646e-21
1453 0.081805 6.37012e-21
1452 0.0810377 -1.61746e-21
1451 0.0818502 6.38917e-21
1450 0.0818761 -1.60772e-21
1449 0.0813977 6.3992e-21
1448 0.081986 6.37364e-21
1447 0.0819777 -1.62212e-21
1446 0.0818871 -1.61431e-21
1445 0.0818776 -5.59376e-21
1444 0.0821274 2.41777e-21
1443 0.0822277 6.3863e-21
1442 0.0822155 -1.36266e-20
1441 0.0825328 2.39183e-21
1440 0.0820777 -1.61857e-21
1439 0.0826327 -5.63715e-21
1438 0.0826866 -1.61742e-21
1437 0.0834961 -9.63376e-21
1436 0.0835813 -1.64367e-21
1435 0.0837561 -1.63618e-21
1434 0.0833611 2.38491e-21
1433 0.0834736 6.35284e-21
1432 0.0835837 -1.62476e-21
1431 0.0836019 -1.63891e-21
1430 0.0839902 2.35537e-21
1429 0.0834109 2.34269e-21
1428 0.0838088 2.36374e-21
1427 0.0844583 -1.66498e-21
1426 0.0843031 2.37379e-21
1425 0.084523 -1.66932e-21
1424 0.0840099 -1.63932e-21
1423 0.0844116 -1.64354e-21
1422 0.0843093 -1.64835e-21
1421 0.0847382 -1.64542e-21
1420 0.0851157 -5.64848e-21
1419 0.0855827 1.03482e-20
1418 0.0853526 -5.63038e-21
1417 0.085715 -1.67112e-21
1416 0.0851841 2.37484e-21
1415 0.0858697 6.35462e-21
1414 0.0855924 2.3608e-21
1413 0.0864455 2.37256e-21
1412 0.0860884 2.33995e-21
1411 0.0861212 -9.65676e-21
1410 0.0864911 -5.65006e-21
1409 0.0867358 -9.64989e-21
1408 0.0859774 6.33248e-21
1407 0.0870373 -1.66877e-21
1406 0.0870673 1.43524e-20
1405 0.087227 1.43487e-20
1404 0.0872744 2.34499e-21
1403 0.0870842 -5.65902e-21
1402 0.0868519 1.03436e-20
1401 0.0878564 6.33175e-21
1400 0.0879303 6.32376e-21
1399 0.0878282 -1.64181e-21
1398 0.087814 1.0335e-20
1397 0.0880141 2.31294e-21
1396 0.0875323 1.43537e-20
1395 0.0878424 6.305e-21
1394 0.0883751 -1.64869e-21
1393 0.0879706 -1.67274e-21
1392 0.0887967 -9.68242e-21
1391 0.0886551 -1.69413e-21
1390 0.088775 2.29488e-21
1389 0.0888565 6.3343e-21
1388 0.0889888 -1.69477e-21
1387 0.0896132 -1.6792e-21
1386 0.0893972 2.33071e-21
1385 0.0891114 -1.67321e-21
1384 0.0900137 1.03283e-20
1383 0.0893623 2.31624e-21
1382 0.0900639 1.03087e-20
1381 0.090281 -1.719e-21
1380 0.0892365 -1.66074e-21
1379 0.0899054 -5.67913e-21
1378 0.0907603 -5.67147e-21
1377 0.0900683 6.34476e-21
1376 0.0900696 -1.69392e-21
1375 0.0906701 -5.69699e-21
1374 0.0908524 -1.73922e-21
1373 0.0912598 6.33191e-21
1372 0.0913908 2.28469e-21
1371 0.0910197 2.30871e-21
1370 0.0911969 1.02966e-20
1369 0.0914 -1.71693e-21
1368 0.0913888 6.2772e-21
1367 0.0921807 -5.70071e-21
1366 0.0921493 -1.70543e-21
1365 0.0921628 6.29122e-21
1364 0.0932868 -1.70776e-21
1363 0.0922746 -1.70544e-21
1362 0.092536 -5.71354e-21
1361 0.093281 6.27994e-21
1360 0.0929868 2.28469e-21
1359 0.093012 2.26858e-21
1358 0.0931951 -1.73761e-21
1357 0.0937153 1.42873e-20
1356 0.0934266 -5.72009e-21
1355 0.0931333 2.2818e-21
1354 0.0934367 -1.71176e-21
1353 0.0944505 -1.76396e-21
1352 0.0942655 -1.72702e-21
1351 0.0936418 1.02454e-20
1350 0.0936069 2.25157e-21
1349 0.0943593 2.25971e-21
1348 0.0944003 -1.73226e-21
1347 0.0946529 2.24102e-21
1346 0.0941392 -1.70796e-21
1345 0.0950632 -9.74385e-21
1344 0.0950586 6.288e-21
1343 0.0953983 -5.75108e-21
1342 0.0956611 -9.72666e-21
1341 0.0959334 6.26021e-21
1340 0.0959494 -1.73162e-21
1339 0.0954444 2.24131e-21
1338 0.096176 2.23956e-21
1337 0.0961661 6.24976e-21
1336 0.0964082 -1.77042e-21
1335 0.096891 2.27632e-21
1334 0.0964249 2.22816e-20
1333 0.096247 -5.73073e-21
1332 0.0961901 -5.75169e-21
1331 0.0972264 1.42183e-20
1330 0.0976252 -5.76968e-21
1329 0.0970187 -5.76428e-21
1328 0.0976179 6.24967e-21
1327 0.0980637 2.22523e-21
1326 0.0984828 -5.75889e-21
1325 0.0986913 2.22992e-21
1324 0.0975922 -1.74443e-21
1323 0.0986581 2.23477e-21
1322 0.0984182 -1.76012e-21
1321 0.0982905 -9.75077e-21
1320 0.0988398 -1.77978e-21
1319 0.0983069 -5.75175e-21
1318 0.0994881 -9.7822e-21
1317 0.09957 6.22491e-21
1316 0.099598 -1.80034e-21
1315 0.0994328 -1.78526e-21
1314 0.0993872 -1.78726e-21
1313 0.100023 2.21824e-21
1312 0.0999017 -1.81688e-21
1311 0.10046 -5.77704e-21
1310 0.100725 -1.75714e-21
1309 0.100206 -1.77503e-21
1308 0.100065 2.21676e-21
1307 0.100661 2.21238e-21
1306 0.100814 6.19167e-21
1305 0.100921 2.21399e-21
1304 0.101168 -5.77402e-21
1303 0.101123 2.20655e-21
1302 0.101579 6.19459e-21
1301 0.101684 -9.78471e-21
1300 0.102096 -1.80757e-21
1299 0.102768 1.02022e-20
1298 0.101827 6.22572e-21
1297 0.102409 -1.8001e-21
1296 0.102542 -1.77948e-21
1295 0.103652 1.02196e-20
1294 0.103098 -9.81154e-21
1293 0.102903 -1.79977e-21
1292 0.103074 -1.83261e-21
1291 0.103174 2.16729e-21
1290 0.103338 6.1876e-21
1289 0.103498 2.16708e-21
1288 0.103662 6.2015e-21
1287 0.10422 -1.82527e-21
1286 0.103684 -1.78987e-21
1285 0.104069 6.15628e-21
1284 0.103897 2.18756e-21
1283 0.104661 -1.84279e-21
1282 0.104287 -9.82016e-21
1281 0.104224 -1.83965e-21
1280 0.104933 -9.82286e-21
1279 0.105553 -1.82581e-21
1278 0.105464 -1.84272e-21
1277 0.105855 -1.83435e-21
1276 0.105987 2.17522e-21
1275 0.106607 1.01843e-20
1274 0.106036 2.16648e-21
1273 0.106147 2.14905e-21
1272 0.10631 6.18157e-21
1271 0.106421 2.15869e-21
1270 0.106522 -1.87018e-21
1269 0.107719 -1.84058e-21
1268 0.107733 -1.8338e-21
1267 0.107635 6.14025e-21
1266 0.107672 -5.87117e-21
1265 0.107896 6.14132e-21
1264 0.107954 6.14145e-21
1263 0.107974 2.14674e-21
1262 0.108452 6.14675e-21
1261 0.108276 -5.87683e-21
1260 0.109139 2.13118e-21
1259 0.108377 2.14322e-21
1258 0.109319 -5.88505e-21
1257 0.109642 6.14444e-21
1256 0.108975 -9.84989e-21
1255 0.109715 1.01204e-20
1254 0.109835 2.1359e-21
1253 0.1098 2.15242e-21
1252 0.109353 2.17693e-21
1251 0.110253 -1.86583e-21
1250 0.110124 1.01481e-20
1249 0.110988 -1.89976e-21
1248 0.110878 2.14011e-21
1247 0.111352 -1.87371e-21
1246 0.110552 2.14156e-21
1245 0.110789 6.12798e-21
1244 0.111354 2.15651e-21
1243 0.111838 6.11906e-21
1242 0.111747 -5.89497e-21
1241 0.112557 2.09896e-21
1240 0.111734 -1.88394e-21
1239 0.112999 2.09144e-21
1238 0.112225 -1.90705e-21
1237 0.113396 1.00799e-20
1236 0.112906 6.09556e-21
1235 0.11342 2.06934e-21
1234 0.113626 -5.89613e-21
1233 0.113745 -1.91251e-21
1232 0.113759 -5.93042e-21
1231 0.113899 2.11413e-21
1230 0.114042 6.07458e-21
1229 0.114296 -1.9194e-21
1228 0.11438 -1.87166e-21
1227 0.114356 -1.91482e-21
1226 0.115327 -5.92954e-21
1225 0.115238 2.09786e-21
1224 0.115883 6.08791e-21
1223 0.114724 -1.89546e-21
1222 0.116633 1.00661e-20
1221 0.11501 1.01106e-20
1220 0.116272 -9.9306e-21
1219 0.115857 6.07749e-21
1218 0.116578 -1.91202e-21
1217 0.117123 -1.93932e-21
1216 0.116902 2.05843e-21
1215 0.116964 2.07645e-21
1214 0.116878 -1.9395e-21
1213 0.117307 -1.39445e-20
1212 0.118432 2.06473e-21
1211 0.118761 -1.93836e-21
1210 0.116994 -1.92938e-21
1209 0.117842 6.0593e-21
1208 0.117792 -1.91549e-21
1207 0.118795 6.07227e-21
1206 0.119499 -5.96765e-21
1205 0.119938 2.02031e-21
1204 0.119504 -1.94522e-21
1203 0.119572 6.06104e-21
1202 0.119445 6.06364e-21
1201 0.119536 -5.92823e-21
1200 0.120136 6.04476e-21
1199 0.12041 -9.95314e-21
1198 0.120184 1.00489e-20
1197 0.120249 2.05132e-21
1196 0.120463 2.03406e-21
1195 0.120712 -1.94152e-21
1194 0.120937 6.06724e-21
1193 0.122481 2.02812e-21
1192 0.122034 6.0368e-21
1191 0.122511 2.03475e-21
1190 0.122235 -9.97831e-21
1189 0.123235 6.03702e-21
1188 0.122788 6.04737e-21
1187 0.123645 -1.97432e-21
1186 0.122909 -1.97179e-21
1185 0.122497 -5.99452e-21
1184 0.123368 2.04414e-21
1183 0.123196 2.03324e-21
1182 0.124713 -9.99539e-21
1181 0.123546 -1.9826e-21
1180 0.123537 6.03985e-21
1179 0.124617 1.99306e-21
1178 0.125566 6.0343e-21
1177 0.124695 -5.97319e-21
1176 0.125154 6.00592e-21
1175 0.126173 -1.40123e-20
1174 0.12601 -9.99399e-21
1173 0.125473 2.01754e-21
1172 0.126745 -2.0137e-21
1171 0.125715 1.39956e-20
1170 0.127145 1.98918e-21
1169 0.127084 -1.99658e-21
1168 0.127384 -1.95161e-21
1167 0.127232 -6.02582e-21
1166 0.127494 -2.01632e-21
1165 0.127448 -2.01154e-21
1164 0.127468 -6.00662e-21
1163 0.127384 5.98958e-21
1162 0.128482 -1.99506e-21
1161 0.127796 1.97769e-21
1160 0.128738 -2.04688e-21
1159 0.128607 -6.01767e-21
1158 0.12896 -5.9993e-21
1157 0.130208 -2.03396e-21
1156 0.129955 -2.00345e-21
1155 0.129809 -6.03307e-21
1154 0.130449 -6.04348e-21
1153 0.1301 -2.0119e-21
1152 0.130241 9.99602e-21
1151 0.131357 -2.04586e-21
1150 0.131419 -6.05703e-21
1149 0.130966 1.94174e-21
1148 0.131147 5.96515e-21
1147 0.131898 1.93847e-21
1146 0.131097 1.96102e-21
1145 0.132984 -2.07583e-21
1144 0.133282 -2.04118e-21
1143 0.132163 -6.04504e-21
1142 0.133117 5.94646e-21
1141 0.133795 -2.07685e-21
1140 0.133955 -6.05588e-21
1139 0.133591 1.95387e-21
1138 0.13383 1.94693e-21
1137 0.1331 1.95941e-21
1136 0.134525 1.90538e-21
1135 0.133592 -2.03637e-21
1134 0.135051 -1.0075e-20
1133 0.134555 -6.05687e-21
1132 0.134945 -6.04713e-21
1131 0.136334 -2.08731e-21
1130 0.136031 -2.07203e-21
1129 0.136417 -2.06663e-21
1128 0.136457 -2.04882e-21
1127 0.136438 -2.06512e-21
1126 0.137247 1.92873e-21
1125 0.137156 -1.00741e-20
1124 0.137067 -2.08626e-21
1123 0.137738 1.93506e-21
1122 0.137059 9.91248e-21
1121 0.138495 -2.10061e-21
1120 0.138061 -2.09771e-21
1119 0.139418 1.39409e-20
1118 0.139651 5.91488e-21
1117 0.138813 -6.07459e-21
1116 0.139188 -6.07468e-21
1115 0.139926 -6.10265e-21
1114 0.139963 1.92509e-21
1113 0.140562 1.89274e-21
1112 0.140958 1.88921e-21
1111 0.14099 -2.11858e-21
1110 0.140714 5.88672e-21
1109 0.142762 -1.00853e-20
1108 0.142777 -2.09952e-21
1107 0.141116 9.89313e-21
1106 0.141396 -2.1313e-21
1105 0.142675 -2.11989e-21
1104 0.142776 -2.13209e-21
1103 0.142575 -1.01095e-20
1102 0.144207 5.83973e-21
1101 0.142977 -6.12493e-21
1100 0.144351 1.86668e-21
1099 0.144415 -1.01252e-20
1098 0.143358 -2.11879e-21
1097 0.144911 9.87474e-21
1096 0.144255 -2.12334e-21
1095 0.144491 1.84504e-21
1094 0.145285 -6.1406e-21
1093 0.145747 -2.13873e-21
1092 0.146073 -2.13996e-21
1091 0.146186 -1.01464e-20
1090 0.146394 1.82636e-21
1089 0.147036 1.84587e-21
1088 0.147456 -2.1575e-21
1087 0.147444 -6.15512e-21
1086 0.148222 1.78911e-21
1085 0.147235 5.84331e-21
1084 0.147052 -6.15166e-21
1083 0.148129 -2.14482e-21
1082 0.147748 1.81023e-21
1081 0.148896 -6.14208e-21
1080 0.149896 5.81341e-21
1079 0.15023 1.80873e-21
1078 0.149679 -2.15871e-21
1077 0.149663 -6.18281e-21
1076 0.149721 1.83002e-21
1075 0.149123 1.83122e-21
1074 0.149759 -6.17862e-21
1073 0.150885 -2.19219e-21
1072 0.151182 1.81126e-21
1071 0.151919 5.8065e-21
1070 0.15257 -2.22006e-21
1069 0.152988 1.3768e-20
1068 0.152223 5.80162e-21
1067 0.153918 1.83305e-21
1066 0.153733 1.7872e-21
1065 0.153556 -2.23562e-21
1064 0.154461 9.78321e-21
1063 0.155542 -2.22255e-21
1062 0.155513 -6.17873e-21
1061 0.154337 -6.23261e-21
1060 0.154843 -6.23546e-21
1059 0.154451 -6.20794e-21
1058 0.155985 1.77526e-21
1057 0.156124 -2.21474e-21
1056 0.156749 1.77875e-21
1055 0.157073 1.77008e-21
1054 0.15723 1.37738e-20
1053 0.157457 -2.22424e-21
1052 0.157904 -6.23026e-21
1051 0.159123 -2.25498e-21
1050 0.1588 -6.22323e-21
1049 0.158071 1.80181e-21
1048 0.159339 1.78268e-21
1047 0.158701 -2.2639e-21
1046 0.159245 -2.25881e-21
1045 0.160374 -2.263e-21
1044 0.159529 1.76299e-21
1043 0.160561 1.74168e-21
1042 0.161612 5.76436e-21
1041 0.162444 9.72314e-21
1040 0.161485 1.74535e-21
1039 0.162186 9.7194e-21
1038 0.162348 -6.25726e-21
1037 0.163137 -2.28629e-21
1036 0.162774 5.71057e-21
1035 0.164042 5.72978e-21
1034 0.163481 -2.2625e-21
1033 0.162602 -2.24671e-21
1032 0.164225 -2.27567e-21
1031 0.165314 -1.02927e-20
1030 0.164837 5.72736e-21
1029 0.165422 -2.28784e-21
1028 0.165895 -1.02706e-20
1027 0.166621 -6.30524e-21
1026 0.166688 -6.31977e-21
1025 0.166521 -2.29715e-21
1024 0.166975 1.71384e-21
1023 0.167763 -6.29385e-21
1022 0.167881 -1.03093e-20
1021 0.168947 -6.3203e-21
1020 0.16945 -2.34021e-21
1019 0.169738 1.36362e-20
1018 0.170297 1.36754e-20
1017 0.169173 -6.33653e-21
1016 0.169547 1.66788e-21
1015 0.169039 5.64207e-21
1014 0.169963 5.71404e-21
1013 0.170355 5.69368e-21
1012 0.172039 1.65211e-21
1011 0.171747 -2.32703e-21
1010 0.171852 1.70326e-21
1009 0.171802 -2.32043e-21
1008 0.173085 1.65954e-21
1007 0.17402 5.65634e-21
1006 0.173786 -6.35492e-21
1005 0.173739 -2.33433e-21
1004 0.175012 9.66355e-21
1003 0.17366 -6.35669e-21
1002 0.175477 -2.34138e-21
1001 0.175133 -2.34288e-21
1000 0.175155 1.63116e-21
999 0.175453 1.64074e-21
998 0.176727 -2.35996e-21
997 0.176163 -2.39529e-21
996 0.177301 1.6256e-21
995 0.176361 -2.36742e-21
994 0.177912 -1.03774e-20
993 0.176943 -2.34142e-21
992 0.178559 1.6084e-21
991 0.17928 -1.03715e-20
990 0.180867 -1.03996e-20
989 0.180244 1.60516e-21
988 0.179255 9.61039e-21
987 0.180274 1.60623e-21
986 0.180711 -2.39396e-21
985 0.180822 -2.38142e-21
984 0.181047 -2.37963e-21
983 0.182105 5.61594e-21
982 0.181799 -2.39013e-21
981 0.1832 1.58034e-21
980 0.182837 -2.40381e-21
979 0.182701 9.61216e-21
978 0.182841 5.59603e-21
977 0.183171 1.60852e-21
976 0.18382 -6.3747e-21
975 0.186643 1.54426e-21
974 0.186636 -2.4189e-21
973 0.18481 -2.40322e-21
972 0.185663 1.58329e-21
971 0.187093 9.56206e-21
970 0.187148 5.5783e-21
969 0.186373 -2.42735e-21
968 0.189052 -2.42698e-21
967 0.19023 -1.04541e-20
966 0.187691 5.57468e-21
965 0.190112 -2.24214e-20
964 0.189228 9.53287e-21
963 0.189507 -1.04415e-20
962 0.188525 1.56351e-21
961 0.190762 9.54168e-21
960 0.190837 -2.47964e-21
959 0.192019 -6.45966e-21
958 0.192889 5.55141e-21
957 0.193084 5.54755e-21
956 0.193627 1.54545e-21
955 0.191799 5.51266e-21
954 0.194585 -6.46763e-21
953 0.19596 -2.46251e-21
952 0.194467 -6.50901e-21
951 0.194914 1.48996e-21
950 0.19653 -2.48261e-21
949 0.194502 -2.4534e-21
948 0.195709 5.51298e-21
947 0.19679 5.48056e-21
946 0.196208 5.51534e-21
945 0.196718 5.51984e-21
944 0.197576 1.51546e-21
943 0.200289 -2.47442e-21
942 0.198457 -2.49931e-21
941 0.198595 -2.53773e-21
940 0.2 1.4733e-21
939 0.200163 -2.53638e-21
938 0.201197 -6.48191e-21
937 0.20054 1.49425e-21
936 0.201987 -2.52131e-21
935 0.202388 5.47208e-21
934 0.204581 -1.04951e-20
933 0.201401 -6.527e-21
932 0.20379 -2.54862e-21
931 0.203975 5.47784e-21
930 0.202772 -2.51699e-21
929 0.20571 -6.5704e-21
928 0.207127 9.43861e-21
927 0.206535 -6.56431e-21
926 0.207035 -2.57037e-21
925 0.206993 1.4315e-21
924 0.208037 1.44412e-21
923 0.20846 5.42428e-21
922 0.208463 9.44126e-21
921 0.209219 -1.05899e-20
920 0.209968 -2.56394e-21
919 0.210529 -6.5754e-21
918 0.210764 1.43187e-21
917 0.21092 5.42106e-21
916 0.211296 -6.57099e-21
915 0.211541 1.42201e-21
914 0.212056 9.4285e-21
913 0.211092 9.4107e-21
912 0.212037 -1.05941e-20
911 0.21334 1.4149e-21
910 0.214401 1.41673e-21
909 0.212835 5.4059e-21
908 0.216375 1.39008e-21
907 0.216012 9.35361e-21
906 0.215108 1.38255e-21
905 0.216865 -2.61869e-21
904 0.217965 5.377e-21
903 0.216433 -1.05959e-20
902 0.218275 -6.59879e-21
901 0.218131 1.36355e-21
900 0.219534 -2.6205e-21
899 0.219936 5.36768e-21
898 0.219488 1.39371e-21
897 0.220175 -1.06216e-20
896 0.220457 5.37308e-21
895 0.220766 -6.6541e-21
894 0.221264 -2.64404e-21
893 0.222794 1.34937e-21
892 0.223069 -6.6483e-21
891 0.223644 -6.64153e-21
890 0.224423 -2.65143e-21
889 0.224968 5.33801e-21
888 0.224673 -6.65443e-21
887 0.224022 -2.65758e-21
886 0.225686 1.35197e-21
885 0.227912 -2.70451e-21
884 0.227594 -1.0673e-20
883 0.22876 -6.70119e-21
882 0.228236 -1.0686e-20
881 0.230147 9.29591e-21
880 0.230397 5.30182e-21
879 0.229123 1.30514e-21
878 0.232072 -2.68101e-21
877 0.232496 -2.73914e-21
876 0.229993 -6.71157e-21
875 0.232911 1.27996e-21
874 0.232291 -1.06791e-20
873 0.233591 1.26938e-21
872 0.235116 -2.69783e-21
871 0.232971 -2.68026e-21
870 0.234219 5.2934e-21
869 0.23548 -1.06857e-20
868 0.236383 1.2754e-21
867 0.235784 1.28055e-21
866 0.237552 -6.7162e-21
865 0.239408 -6.72979e-21
864 0.237109 9.24998e-21
863 0.240429 1.24653e-21
862 0.239585 -2.72398e-21
861 0.241942 1.25149e-21
860 0.239796 5.25549e-21
859 0.241377 -2.7706e-21
858 0.242564 1.22602e-21
857 0.243053 1.22997e-21
856 0.24195 -2.75271e-21
855 0.24695 -2.78031e-21
854 0.246928 1.20814e-21
853 0.245233 -6.80078e-21
852 0.245129 5.21732e-21
851 0.246995 -6.76528e-21
850 0.246233 -2.77942e-21
849 0.246879 1.22969e-21
848 0.247343 9.21993e-21
847 0.250636 1.17386e-21
846 0.247994 -2.74702e-21
845 0.251815 -2.82612e-21
844 0.252647 1.20861e-21
843 0.252538 1.1879e-21
842 0.251048 -2.82096e-21
841 0.252694 5.16206e-21
840 0.252935 -2.80117e-21
839 0.254766 -2.80154e-21
838 0.256166 -2.85996e-21
837 0.256055 -6.82578e-21
836 0.25762 5.16278e-21
835 0.256815 1.16524e-21
834 0.257612 -1.08456e-20
833 0.258311 -6.83006e-21
832 0.258365 -6.8023e-21
831 0.257433 1.17197e-21
830 0.258797 9.11335e-21
829 0.259416 -6.82715e-21
828 0.26198 -2.83705e-21
827 0.262077 9.09383e-21
826 0.262402 5.14498e-21
825 0.263601 5.13e-21
824 0.263445 -2.85266e-21
823 0.264883 -2.86498e-21
822 0.265384 -6.90224e-21
821 0.266689 1.12909e-21
820 0.267847 -2.90103e-21
819 0.269269 9.11233e-21
818 0.268612 -2.88493e-21
817 0.26983 5.12711e-21
816 0.270773 -2.91043e-21
815 0.270965 1.30784e-20
814 0.27253 -1.49093e-20
813 0.272431 -2.89938e-21
812 0.272609 -2.90556e-21
811 0.273662 -2.93553e-21
810 0.271817 1.10858e-21
809 0.274937 1.06792e-21
808 0.277681 -2.96617e-21
807 0.274975 1.05047e-21
806 0.277179 -6.92057e-21
805 0.278758 1.06077e-21
804 0.275924 1.09031e-21
803 0.279983 5.05248e-21
802 0.279876 -6.95706e-21
801 0.282071 -2.97251e-21
800 0.281489 -2.96655e-21
799 0.283798 1.00228e-21
798 0.283669 -1.09805e-20
797 0.284143 -2.93284e-21
796 0.284053 5.0226e-21
795 0.284633 1.03071e-21
794 0.286565 -3.04748e-21
793 0.286813 9.78956e-22
792 0.286626 -3.0049e-21
791 0.287912 1.01634e-21
790 0.286443 4.9725e-21
789 0.288946 8.959e-21
788 0.290439 9.67452e-22
787 0.291379 1.00179e-21
786 0.292429 -7.02428e-21
785 0.293074 -2.99639e-21
784 0.294384 -3.04887e-21
783 0.296105 9.78164e-22
782 0.296407 9.2688e-22
781 0.296947 9.53948e-22
780 0.296432 -7.03707e-21
779 0.295701 4.97425e-21
778 0.30189 9.13248e-22
777 0.298999 9.49932e-22
776 0.29963 -7.07416e-21
775 0.302031 9.49472e-22
774 0.299267 -3.06424e-21
773 0.302331 4.90175e-21
772 0.304659 9.30332e-22
771 0.305559 -3.0889e-21
770 0.308095 -3.13419e-21
769 0.306827 -7.08309e-21
768 0.306263 -3.10699e-21
767 0.307597 -7.07746e-21
766 0.310446 8.98696e-22
765 0.306951 -1.10743e-20
764 0.309655 -1.10878e-20
763 0.311244 4.87122e-21
762 0.309908 -3.08129e-21
761 0.314376 8.7656e-22
760 0.314666 4.8742e-21
759 0.316046 -7.16029e-21
758 0.313131 4.86896e-21
757 0.319404 4.82563e-21
756 0.317933 4.90259e-21
755 0.320272 -3.12039e-21
754 0.321184 4.81864e-21
753 0.317831 8.82835e-21
752 0.322216 -3.15708e-21
751 0.322392 4.84484e-21
750 0.326039 8.17552e-22
749 0.3258 -3.1832e-21
748 0.323597 -7.15308e-21
747 0.327182 7.93164e-22
746 0.325323 8.05408e-22
745 0.329949 4.82285e-21
744 0.330561 7.90184e-22
743 0.332198 -3.23933e-21
742 0.332517 7.77076e-22
741 0.332264 -1.12353e-20
740 0.331848 8.02332e-22
739 0.329706 7.70352e-22
738 0.330967 -3.22618e-21
737 0.336679 7.41228e-22
736 0.336131 4.76826e-21
735 0.339571 4.74928e-21
734 0.339046 7.48636e-22
733 0.340751 -7.29876e-21
732 0.341455 -3.25992e-21
731 0.340378 4.74808e-21
730 0.341325 7.35308e-22
729 0.343536 4.73447e-21
728 0.345449 -7.28127e-21
727 0.346406 -3.29033e-21
726 0.347243 7.38228e-22
725 0.345505 -7.26302e-21
724 0.346821 -3.28104e-21
723 0.34935 4.71257e-21
722 0.350744 -3.29626e-21
721 0.350953 6.79472e-22
720 0.352285 7.0752e-22
719 0.351835 4.67809e-21
718 0.355135 6.85268e-22
717 0.354722 -3.30484e-21
716 0.358408 -7.33783e-21
715 0.357342 8.66581e-21
714 0.357937 -3.34546e-21
713 0.359485 8.67224e-21
712 0.360774 -3.36326e-21
711 0.36316 8.62942e-21
710 0.366408 4.62598e-21
709 0.364393 8.61723e-21
708 0.367552 4.6417e-21
707 0.36832 -3.42744e-21
706 0.367327 5.95956e-22
705 0.369168 -3.3999e-21
704 0.371218 -1.13348e-20
703 0.370508 -3.36814e-21
702 0.374554 -1.14224e-20
701 0.376045 5.67332e-22
700 0.376162 -3.4137e-21
699 0.376384 -7.40607e-21
698 0.378076 4.57579e-21
697 0.381413 4.57706e-21
696 0.379904 8.59406e-21
695 0.381524 5.47424e-22
694 0.386002 -1.54814e-20
693 0.38538 4.5395e-21
692 0.386478 8.50108e-21
691 0.385523 -3.4567e-21
690 0.389944 -7.44837e-21
689 0.389542 4.52203e-21
688 0.391934 1.25149e-20
687 0.389946 5.1956e-22
686 0.39396 5.04308e-22
685 0.394556 -3.4782e-21
684 0.396249 -3.48539e-21
683 0.401659 8.46943e-21
682 0.394767 -3.50875e-21
681 0.398733 -3.5231e-21
680 0.401592 8.45234e-21
679 0.402757 4.47949e-21
678 0.406207 8.44594e-21
677 0.406539 4.54024e-22
676 0.404927 4.4615e-21
675 0.405867 -3.54797e-21
674 0.409019 -3.59094e-21
673 0.410842 4.4628e-22
672 0.408955 -7.55502e-21
671 0.415778 4.39024e-21
670 0.41699 4.42702e-21
669 0.416076 4.40468e-21
668 0.416557 4.02036e-22
667 0.418463 4.42196e-21
666 0.416808 4.42635e-21
665 0.418604 4.12668e-22
664 0.422921 4.37862e-21
663 0.424209 3.88064e-22
662 0.42813 4.36943e-21
661 0.429057 3.37292e-22
660 0.428267 4.35423e-21
659 0.431815 4.35041e-21
658 0.429055 -3.62395e-21
657 0.429129 3.47808e-22
656 0.429001 -7.65573e-21
655 0.440035 -3.67614e-21
654 0.437838 3.33724e-22
653 0.437365 4.33405e-21
652 0.441986 3.01532e-22
651 0.43879 3.15436e-22
650 0.445459 8.30596e-21
649 0.440572 -3.65471e-21
648 0.44826 -3.73017e-21
647 0.444877 2.9618e-22
646 0.450067 -3.70716e-21
645 0.450352 2.49876e-22
644 0.454167 4.23575e-21
643 0.451872 2.58552e-22
642 0.45802 2.37404e-22
641 0.459244 2.2504e-22
640 0.458678 -1.1735e-20
639 0.458726 4.23808e-21
638 0.463344 -7.72579e-21
637 0.460961 4.23982e-21
636 0.467197 4.23675e-21
635 0.464151 -3.7842e-21
634 0.467622 1.98972e-22
633 0.470458 8.17576e-21
632 0.470921 4.19818e-21
631 0.473089 4.17383e-21
630 0.477018 1.43776e-22
629 0.475362 -3.81614e-21
628 0.47644 4.21499e-21
627 0.480002 -3.84851e-21
626 0.484097 8.14753e-21
625 0.485731 -3.84423e-21
624 0.487098 -3.86759e-21
623 0.487679 1.1384e-22
622 0.488446 -3.87172e-21
621 0.49028 -3.87031e-21
620 0.491935 8.10651e-21
619 0.495719 1.1026e-22
618 0.501135 5.008e-23
617 0.498227 -3.90481e-21
616 0.497598 -3.90997e-21
615 0.501063 -3.9358e-21
614 0.50555 -3.94636e-21
613 0.505802 4.292e-23
612 0.505919 4.02161e-21
611 0.509653 -7.94753e-21
610 0.505586 -3.94244e-21
609 0.512367 -7.96173e-21
608 0.5153 -7.97553e-21
607 0.51691 8.02181e-21
606 0.516391 -7.95509e-21
605 0.522516 -8.00083e-21
604 0.521996 -8.02374e-21
603 0.524832 -4.01942e-21
602 0.521072 3.99364e-21
601 0.529582 -1.20133e-20
600 0.52777 -8.02443e-21
599 0.537526 -3.99e-23
598 0.528328 -8.01186e-21
597 0.534311 3.97679e-21
596 0.538194 -4.07841e-21
595 0.546623 3.9008e-21
594 0.540142 -4.6628e-23
593 0.546109 3.93286e-21
592 0.548363 -4.08462e-21
591 0.554436 1.1892e-20
590 0.554071 3.89524e-21
589 0.55672 -1.49728e-22
588 0.557562 -8.13599e-21
587 0.563356 -4.15114e-21
586 0.561567 -1.53052e-22
585 0.560585 -1.41448e-22
584 0.564886 -4.16081e-21
583 0.56627 -4.17092e-21
582 0.566332 7.83389e-21
581 0.574287 3.82759e-21
580 0.572387 3.8449e-21
579 0.573579 -2.11944e-22
578 0.576008 3.80538e-21
577 0.578593 1.97778e-20
576 0.582264 -8.1963e-21
575 0.587175 -4.19696e-21
574 0.583225 3.79109e-21
573 0.587695 7.75206e-21
572 0.592242 -4.23433e-21
571 0.593047 7.76168e-21
570 0.593926 7.72616e-21
569 0.599371 -8.2668e-21
568 0.599008 7.7015e-21
567 0.608255 3.70727e-21
566 0.609851 -8.31259e-21
565 0.608609 -3.42912e-22
564 0.61672 -3.348e-22
563 0.614569 -4.33411e-21
562 0.616354 3.66547e-21
561 0.621651 -3.47444e-22
560 0.626655 7.5944e-21
559 0.626331 -4.3749e-21
558 0.630316 -4.37855e-21
557 0.632095 3.6534e-21
556 0.631318 7.60504e-21
555 0.633641 -4.38938e-21
554 0.63904 -4.40226e-21
553 0.638259 -4.1104e-22
552 0.646295 -4.33524e-22
551 0.646874 1.15391e-20
550 0.648819 3.59137e-21
549 0.649302 -4.42327e-21
548 0.652574 -4.59784e-22
547 0.654382 -8.44444e-21
546 0.662229 -4.70992e-22
545 0.660122 -4.47452e-21
544 0.662131 -5.11992e-22
543 0.668702 -8.46659e-21
542 0.673406 3.45812e-21
541 0.676211 -8.5328e-21
540 0.673192 -4.51643e-21
539 0.678087 -8.53049e-21
538 0.679967 -5.40292e-22
537 0.685137 -4.54601e-21
536 0.693587 -8.55532e-21
535 0.688665 -5.85784e-22
534 0.695372 -5.4762e-22
533 0.704988 -6.05588e-22
532 0.709851 -4.61016e-21
531 0.698678 7.40845e-21
530 0.709528 -4.63153e-21
529 0.713247 -6.443e-22
528 0.712536 3.35065e-21
527 0.72133 3.32438e-21
526 0.723487 1.13389e-20
525 0.727903 -4.70788e-21
524 0.724153 7.32485e-21
523 0.73411 -1.67142e-20
522 0.735028 -4.71177e-21
521 0.738855 -6.70576e-22
520 0.739922 -4.7518e-21
519 0.745325 7.24332e-21
518 0.748815 -4.74022e-21
517 0.749553 -7.22688e-22
516 0.749723 7.21213e-21
515 0.757101 -8.79646e-21
514 0.756563 -7.43056e-22
513 0.768315 -8.1412e-22
512 0.764562 -8.0502e-22
511 0.771596 -8.82099e-21
510 0.774084 -4.82305e-21
509 0.784624 -8.88904e-21
508 0.783655 -8.5396e-22
507 0.784448 7.17499e-21
506 0.791561 1.11391e-20
505 0.790736 3.14076e-21
504 0.80261 3.12907e-21
503 0.809077 3.08174e-21
502 0.808919 -4.93127e-21
501 0.808931 -8.98512e-22
500 0.813987 -4.94716e-21
499 0.823309 -9.68384e-22
498 0.819295 -9.55656e-22
497 0.819145 -4.91837e-21
496 0.830364 -9.85912e-22
495 0.835902 7.00251e-21
494 0.848907 2.97345e-21
493 0.840208 7.00494e-21
492 0.83742 3.01296e-21
491 0.847198 2.99382e-21
490 0.858749 -5.06285e-21
489 0.85694 -5.0323e-21
488 0.856797 -5.05372e-21
487 0.866431 -9.10093e-21
486 0.873116 1.09355e-20
485 0.875589 2.91475e-21
484 0.873715 1.09028e-20
483 0.882296 -1.14992e-21
482 0.889569 -1.16565e-21
481 0.9001 2.8513e-21
480 0.896584 2.8431e-21
479 0.907877 2.82125e-21
478 0.915795 6.77978e-21
477 0.910657 6.80868e-21
476 0.918715 -1.22134e-21
475 0.922849 2.75563e-21
474 0.92515 2.80307e-21
473 0.93707 2.68836e-21
472 0.936103 6.73672e-21
471 0.938031 2.7362e-21
470 0.942619 -5.28521e-21
469 0.962787 2.63825e-21
468 0.957035 -1.30922e-21
467 0.964137 -5.38744e-21
466 0.963897 2.6658e-21
465 0.96885 -1.32733e-21
464 0.978201 2.64317e-21
463 0.980677 2.62581e-21
462 0.989187 -5.42811e-21
461 0.985306 -1.35455e-21
460 0.997104 -1.44795e-21
459 1.00169 2.59569e-21
458 1.00712 2.55379e-21
457 1.01495 -1.4806e-21
456 1.01566 -1.47091e-21
455 1.02388 2.50523e-21
454 1.04003 2.48592e-21
453 1.02777 -1.52473e-21
452 1.05372 -5.57248e-21
451 1.04949 -1.56324e-21
450 1.06528 -1.61366e-21
449 1.05665 -1.5885e-21
448 1.07552 -5.59293e-21
447 1.07943 -5.60101e-21
446 1.07863 2.35854e-21
445 1.09596 6.28411e-21
444 1.08253 6.36191e-21
443 1.09838 2.32892e-21
442 1.09865 2.30665e-21
441 1.11627 6.28008e-21
440 1.12381 -5.7495e-21
439 1.12671 2.27928e-21
438 1.1339 1.02392e-20
437 1.13984 6.1985e-21
436 1.1489 -5.78775e-21
435 1.1537 -5.81339e-21
434 1.16222 -9.80591e-21
433 1.15701 -1.78151e-21
432 1.16857 6.16793e-21
431 1.19128 2.08638e-21
430 1.18477 -1.87881e-21
429 1.21091 2.10254e-21
428 1.19966 -1.907e-21
427 1.21482 -1.95054e-21
426 1.22613 -5.93122e-21
425 1.2307 2.03715e-21
424 1.23104 2.02749e-21
423 1.23499 -2.0006e-21
422 1.24893 1.9951e-21
421 1.25074 1.92946e-21
420 1.26691 1.89212e-21
419 1.26159 1.98678e-21
418 1.29245 1.79111e-20
417 1.2819 -2.09285e-21
416 1.28777 1.89411e-21
415 1.30856 1.87926e-21
414 1.31161 1.82654e-21
413 1.32001 1.86307e-21
412 1.33907 -2.1935e-21
411 1.34029 -2.23146e-21
410 1.35553 -6.25353e-21
409 1.36548 1.75047e-21
408 1.36865 -1.02404e-20
407 1.38269 1.69644e-21
406 1.39412 -2.31199e-21
405 1.39165 9.69637e-21
404 1.40479 5.65718e-21
403 1.41447 1.35985e-20
402 1.44221 1.59074e-21
401 1.43497 -2.45706e-21
400 1.4427 5.59474e-21
399 1.45641 -6.47546e-21
398 1.48163 1.52951e-21
397 1.46996 5.5325e-21
396 1.48935 5.5261e-21
395 1.48317 5.45147e-21
394 1.50704 -6.57996e-21
393 1.51624 -6.61022e-21
392 1.5284 -2.61512e-21
391 1.52466 5.43382e-21
390 1.5411 9.35831e-21
389 1.53935 5.36483e-21
388 1.56279 1.7342e-20
387 1.58907 -6.72303e-21
386 1.57935 -2.67608e-21
385 1.59113 1.30449e-21
384 1.61658 -2.79922e-21
383 1.62198 -2.75426e-21
382 1.65714 -6.89292e-21
381 1.63361 9.18681e-21
380 1.65118 1.15563e-21
379 1.68448 9.12217e-21
378 1.67533 1.08441e-21
377 1.69614 -6.93458e-21
376 1.69256 5.09188e-21
375 1.73828 5.00042e-21
374 1.73254 1.01365e-21
373 1.74714 -2.95281e-21
372 1.7694 9.54084e-22
371 1.81057 4.83853e-21
370 1.80995 -3.13624e-21
369 1.82462 -3.15735e-21
368 1.83234 -3.17526e-21
367 1.84894 8.09756e-22
366 1.85365 7.54508e-22
365 1.83482 8.25892e-22
364 1.87694 4.76401e-21
363 1.89513 4.71872e-21
362 1.91711 -3.27727e-21
361 1.92515 6.6084e-22
360 1.95426 -7.38029e-21
359 1.94574 -3.35374e-21
358 1.98606 -7.44089e-21
357 1.99233 8.55432e-21
356 2.03912 -3.47986e-21
355 2.02886 5.14784e-22
354 2.06218 1.63999e-20
353 2.05851 -7.51174e-21
352 2.08813 -3.5836e-21
351 2.09321 -3.67924e-21
350 2.09719 -3.60788e-21
349 2.13701 -7.70733e-21
348 2.13743 3.21912e-22
347 2.12949 4.27307e-21
346 2.21158 4.20864e-21
345 2.18971 4.25396e-21
344 2.2237 -3.7919e-21
343 2.24733 -3.8509e-21
342 2.25793 1.12264e-22
341 2.27308 9.7956e-23
340 2.30909 3.1924e-23
339 2.30486 4.05232e-21
338 2.33224 -1.7856e-23
337 2.35 2.40353e-20
336 2.38479 -4.03326e-21
335 2.41972 7.91728e-21
334 2.4247 3.85281e-21
333 2.43514 -8.10253e-21
332 2.50632 -2.39612e-22
331 2.48973 -4.2149e-21
330 2.53656 -4.28848e-21
329 2.56235 1.56526e-20
328 2.55579 -8.29891e-21
327 2.62217 -4.37417e-21
326 2.6473 -4.78148e-22
325 2.69138 -8.47575e-21
324 2.64516 1.15013e-20
323 2.67357 -5.00464e-22
322 2.68953 -4.69828e-22
321 2.72865 1.14828e-20
320 2.8055 3.33601e-21
319 2.79499 7.3224e-21
318 2.85789 -7.67544e-22
317 2.86684 -7.2274e-22
316 2.91308 7.16126e-21
315 2.93977 -8.85431e-21
314 2.92633 1.51498e-20
313 3.02413 1.50136e-20
312 3.01676 1.106e-20
311 3.00719 -9.77836e-22
310 3.04501 -1.02919e-21
309 3.12175 -5.07013e-21
308 3.20008 -1.18612e-21
307 3.1826 -1.15396e-21
306 3.19012 1.48171e-20
305 3.28193 -5.32413e-21
304 3.30804 2.639e-21
303 3.33204 -5.3563e-21
302 3.35782 -1.38916e-21
301 3.39313 1.45597e-20
300 3.38372 -1.41858e-21
299 3.41663 -1.5481e-21
298 3.54134 6.31284e-21
297 3.5466 2.33297e-21
296 3.51902 2.24045e-20
295 3.59682 -1.7714e-20
294 3.64242 -1.77258e-21
293 3.67676 -1.84744e-21
292 3.76332 -5.93763e-21
291 3.80022 9.99352e-21
290 3.89733 -1.00627e-20
289 3.87221 1.39312e-20
288 3.8753 -6.05862e-21
287 3.93785 -1.81305e-20
286 3.99971 -2.20176e-21
285 4.04658 1.71398e-21
284 4.08221 -1.02696e-20
283 4.16517 -6.42305e-21
282 4.23118 -6.44095e-21
281 4.30889 5.35895e-21
280 4.29184 1.46832e-21
279 4.35532 5.40042e-21
278 4.42159 2.12845e-20
277 4.46167 -2.66317e-21
276 4.51067 1.3175e-20
275 4.5996 5.12982e-21
274 4.64183 -2.9672e-21
273 4.6387 5.14094e-21
272 4.72986 -7.0544e-21
271 4.79511 -3.07979e-21
270 4.92129 -1.52214e-20
269 4.99355 -1.13097e-20
268 4.9453 -3.21009e-21
267 5.05016 6.26704e-22
266 5.07969 -7.42595e-21
265 5.22307 -7.55516e-21
264 5.21819 3.66476e-22
263 5.2986 2.034e-20
262 5.39664 2.78452e-22
261 5.46742 1.79424e-22
260 5.54025 4.08376e-21
259 5.64687 -8.06926e-21
258 5.66182 -8.05048e-21
257 5.80778 -8.24266e-21
256 5.88701 7.68777e-21
255 5.91345 -3.45544e-22
254 5.96942 -1.23883e-20
253 6.00197 -4.33855e-21
252 6.11831 -8.54487e-21
251 6.29824 -4.6467e-21
250 6.32752 -6.63872e-22
249 6.36528 -8.75599e-21
248 6.49184 1.11462e-20
247 6.53496 3.07547e-21
246 6.63281 -1.30586e-20
245 6.63201 -5.07387e-21
244 6.87163 1.06761e-20
243 6.94388 2.6695e-21
242 7.03738 -1.34754e-20
241 7.10484 2.50458e-21
240 7.14672 -5.59458e-21
239 7.26526 -1.72901e-21
238 7.4353 -5.90532e-21
237 7.45771 2.03558e-21
236 7.51559 -1.97135e-21
235 7.62571 -1.00809e-20
234 7.86296 1.76422e-20
233 7.85734 1.76839e-20
232 8.06159 9.48784e-21
231 7.9936 1.44374e-21
230 8.21202 5.22231e-21
229 8.20768 -2.77254e-21
228 8.51408 -1.10886e-20
227 8.53722 8.902e-21
226 8.67942 1.68475e-20
225 8.7927 1.66926e-20
224 8.97475 -7.60259e-21
223 9.02463 -3.60429e-21
222 9.09148 -1.1577e-20
221 9.18364 -1.1774e-20
220 9.3473 1.61518e-20
219 9.40107 -6.752e-23
218 9.65608 -2.32232e-22
217 9.70645 1.57738e-20
216 9.81659 -3.8114e-22
215 10.0418 -6.16036e-22
214 10.0172 -6.01788e-22
213 10.2258 -8.92616e-21
212 10.2675 -5.14975e-21
211 10.3387 6.96972e-21
210 10.5351 1.46483e-20
209 10.6314 -5.42447e-21
208 10.7702 -1.56178e-21
207 10.9382 -1.84783e-21
206 10.9052 2.03066e-21
205 11.1174 -1.00215e-20
204 11.1373 -6.21244e-21
203 11.3288 5.50571e-21
202 11.4547 -6.47858e-21
201 11.4721 1.33316e-20
200 11.6502 1.32239e-20
199 11.7089 -1.09099e-20
198 11.8408 7.81312e-22
197 11.9249 1.25894e-20
196 12.0834 -1.14644e-20
195 12.185 -3.61116e-21
194 12.2749 -3.84122e-21
193 12.336 -1.20784e-20
192 12.4003 -4.12834e-21
191 12.2958 -1.64688e-20
190 12.5349 1.15632e-20
189 12.6455 3.21373e-21
188 12.7356 1.11731e-20
187 12.766 -5.09278e-21
186 12.8097 2.76536e-21
185 12.936 1.0797e-20
184 13.1137 1.05724e-20
183 12.9512 -5.71753e-21
182 13.0615 -1.96478e-21
181 13.0648 -6.19883e-21
180 13.1449 1.85012e-21
179 12.9564 -2.55634e-21
178 13.0186 -2.63338e-21
177 12.888 -1.49275e-20
176 13.0616 9.82176e-22
175 13.1104 -1.11558e-20
174 12.8634 8.53306e-21
173 12.9436 8.3895e-21
172 12.8518 8.32698e-21
171 13.0839 -1.97611e-20
170 13.0011 -1.2101e-20
169 12.9508 -1.71252e-22
168 12.8448 -1.63602e-20
167 12.7362 7.46342e-21
166 12.5515 -8.87156e-22
165 12.8655 7.17226e-21
164 12.4326 6.83251e-21
163 12.3478 6.72006e-21
162 12.4194 -1.34131e-20
161 12.3634 -1.74864e-20
160 12.156 6.2475e-21
159 12.0397 -1.93579e-21
158 11.9689 5.90001e-21
157 11.5356 5.65174e-21
156 11.9395 -2.31033e-21
155 11.5417 -2.53688e-21
154 11.1578 5.17628e-21
153 11.1315 5.07621e-21
152 11.1956 4.96503e-21
151 10.9544 -1.11398e-20
150 10.4986 4.59366e-21
149 10.4216 4.49324e-21
148 10.2722 4.35569e-21
147 10.1886 4.2619e-21
146 9.89528 4.09816e-21
145 9.4866 3.83792e-21
144 9.56556 3.84134e-21
143 9.37844 -8.31508e-21
142 9.01659 3.49192e-21
141 9.00712 3.44294e-21
140 8.50243 3.23732e-21
139 8.48287 3.13472e-21
138 7.97834 2.95433e-21
137 8.05 -9.07279e-21
136 7.87667 -1.32122e-20
135 7.71596 2.71501e-21
134 7.53254 -1.73685e-20
133 7.1814 2.46644e-21
132 7.04382 2.38855e-21
131 7.09983 -9.64293e-21
130 6.84897 2.25668e-21
129 6.66607 2.1816e-21
128 6.10848 1.99597e-21
127 6.43266 1.99756e-21
126 5.76029 1.82285e-21
125 5.79049 1.78948e-21
124 5.45544 1.66602e-21
123 5.35706 1.61238e-21
122 5.33301 1.57724e-21
121 5.19884 1.51189e-21
120 4.82919 1.40662e-21
119 4.85797 -1.46334e-20
118 4.62081 1.29676e-21
117 4.51037 1.25484e-21
116 4.45516 1.20305e-21
115 4.26873 1.13112e-21
114 3.92561 1.03555e-21
113 3.88398 1.02307e-21
112 3.69079 9.53392e-22
111 3.74302 9.38456e-22
110 3.49113 8.70036e-22
109 3.1874 7.97212e-22
108 3.1683 7.70072e-22
107 2.9229 7.0036e-22
106 2.91915 7.00928e-22
105 2.7366 6.39484e-22
104 2.73914 6.17528e-22
103 2.45846 5.61252e-22
102 2.48416 5.44328e-22
101 2.3089 5.082e-22
100 2.07474 4.407e-22
99 2.1296 4.48068e-22
98 1.90319 4.034e-22
97 1.91676 3.94724e-22
96 1.98419 3.85344e-22
95 1.74287 -7.66658e-21
94 1.55805 3.02692e-22
93 1.52378 2.89572e-22
92 1.41815 2.66928e-22
91 1.38325 2.5686e-22
90 1.30544 2.32008e-22
89 1.32872 2.33436e-22
88 1.15998 1.98824e-22
87 1.03184 1.77044e-22
86 1.03809 1.72276e-22
85 1.01285 1.65148e-22
84 0.89246 1.42384e-22
83 0.808305 1.2532e-22
82 0.714996 1.0854e-22
81 0.730989 1.09376e-22
80 0.800215 1.14368e-22
79 0.640466 9.1144e-23
78 0.619301 8.4684e-23
77 0.478665 6.436e-23
76 0.501572 6.5616e-23
75 0.549064 7.0736e-23
74 0.4688 5.7516e-23
73 0.343077 4.1892e-23
72 0.385011 4.6044e-23
71 0.341604 3.9452e-23
70 0.296414 3.3512e-23
69 0.310907 3.4876e-23
68 0.213899 2.3512e-23
67 0.233077 2.3964e-23
66 0.163742 1.67e-23
65 0.190895 1.8852e-23
64 0.175747 1.6888e-23
63 0.147845 1.3892e-23
62 0.11815 1.0704e-23
61 0.118888 1.0276e-23
60 0.122344 1.0376e-23
59 0.105453 8.672e-24
58 0.092833 7.448e-24
57 0.0639032 4.836e-24
56 0.0746775 5.584e-24
55 0.0470958 3.384e-24
54 0.0283175 1.968e-24
53 0.0307102 2.056e-24
52 0.0322751 2.08e-24
51 0.0379396 2.352e-24
50 0.00752033 4.48e-25
49 0.011326 5.76e-25
48 0.0122398 6.72e-25
47 0.013526 7.12e-25
46 0.00825047 4.16e-25
45 0.00315017 1.52e-25
44 0.00416207 1.92e-25
43 0.00490262 2.16e-25
42 0.00780335 3.28e-25
41 0.00659091 2.64e-25
40 0 0
39 0 0
38 0 0
37 0 0
36 0 0
35 0 0
34 0 0
33 0 0
32 0 0
31 0 0
30 0 0
29 0 0
28 0 0
27 0 0
26 0 0
25 0 0
24 0 0
23 0 0
22 0 0
21 0 0
20 0 0
19 0 0
18 0 0
17 0 0
16 0 0
15 0 0
14 0 0
13 0 0
12 0 0
11 0 0
10 0 0
9 0 0
8 0 0
7 0 0
6 0 0
5 0 0
4 0 0
3 0 0
2 0 0
1 0 0
