3000 10.8874 -6.46955e-19
2999 12.1213 1.31059e-19
2998 12.0566 -4.9475e-21
2997 11.8146 -9.16335e-20
2996 12.4275 2.1928e-19
2995 11.9289 2.4264e-19
2994 12.0045 -7.62785e-20
2993 12.2183 -2.32537e-20
2992 13.2262 1.58874e-19
2991 12.7024 -3.40524e-20
2990 10.2287 -2.22191e-19
2989 12.1938 -1.13327e-21
2988 11.7264 -8.42757e-22
2987 11.5272 5.12299e-20
2986 11.4564 2.82089e-20
2985 10.7605 -2.53947e-19
2984 11.5624 3.01474e-20
2983 12.8299 -2.36137e-19
2982 11.6404 -2.26881e-19
2981 11.376 -1.1587e-19
2980 11.8641 4.65272e-19
2979 10.8521 7.00704e-20
2978 11.1066 6.44882e-20
2977 12.0653 1.43363e-19
2976 12.71 -1.71238e-19
2975 10.5635 -8.85743e-20
2974 14.4571 1.15766e-19
2973 11.4521 1.75794e-19
2972 13.2553 -5.52301e-20
2971 11.7751 -3.23305e-19
2970 12.4459 7.00192e-20
2969 11.7189 5.34578e-20
2968 10.8618 -2.71782e-20
2967 11.88 1.85188e-19
2966 11.4071 -4.54265e-20
2965 12.6761 -1.16e-19
2964 11.0806 -9.56808e-20
2963 11.7052 1.51422e-19
2962 13.664 2.46602e-19
2961 11.1284 -1.37278e-19
2960 12.7837 7.00868e-20
2959 12.8436 2.97761e-21
2958 12.1309 3.41471e-19
2957 11.2064 1.50839e-19
2956 11.9189 1.92671e-19
2955 12.2492 1.30252e-21
2954 11.2431 -1.47635e-19
2953 12.903 -3.16582e-19
2952 12.1917 -5.98703e-20
2951 11.2931 1.75419e-20
2950 10.6486 2.38673e-20
2949 13.8845 -8.98302e-20
2948 12.6491 2.00303e-19
2947 11.3154 -6.86772e-20
2946 11.0774 -1.39575e-20
2945 13.231 8.15621e-20
2944 12.5532 -6.54407e-20
2943 11.4985 1.15954e-19
2942 13.4407 -2.05512e-19
2941 12.5657 1.45012e-19
2940 13.0096 1.07649e-19
2939 11.6321 1.09444e-19
2938 11.226 2.8799e-19
2937 12.8444 -2.78944e-19
2936 12.8907 -9.34379e-20
2935 12.0419 -5.16473e-20
2934 11.3676 -2.57131e-19
2933 12.9522 -1.68363e-19
2932 11.0488 -8.6682e-20
2931 12.5283 -1.69907e-19
2930 13.6765 5.60243e-20
2929 12.2078 -4.55283e-20
2928 11.7737 1.11639e-19
2927 12.0856 4.24352e-21
2926 11.7883 1.21317e-19
2925 11.9212 -3.44326e-20
2924 11.3791 1.27244e-19
2923 13.4141 -5.56712e-20
2922 11.7843 1.1617e-19
2921 12.483 -4.91112e-20
2920 12.7278 3.37613e-20
2919 12.6362 -5.62634e-20
2918 11.8061 -1.49865e-19
2917 12.6691 3.29942e-20
2916 12.1666 -2.87848e-20
2915 12.0289 -6.0575e-20
2914 11.6714 -8.72556e-20
2913 12.3423 -2.38777e-19
2912 11.2441 -1.72948e-19
2911 12.0013 7.47495e-20
2910 14.0064 2.59878e-19
2909 12.2009 1.26165e-19
2908 12.8654 -1.76491e-19
2907 12.5101 9.8414e-20
2906 13.6195 2.44085e-19
2905 13.1087 1.24705e-19
2904 12.142 -2.86217e-19
2903 12.5209 1.50938e-19
2902 13.0592 1.61698e-19
2901 12.5057 -8.75668e-20
2900 12.3587 -1.44819e-19
2899 12.4083 1.72032e-19
2898 12.9223 2.81319e-19
2897 13.9526 -1.55815e-19
2896 12.6057 1.53386e-19
2895 12.1181 1.0346e-19
2894 13.4262 1.32469e-19
2893 9.9945 1.62603e-20
2892 12.3231 1.26063e-19
2891 11.7654 -1.85124e-20
2890 12.9288 2.34486e-20
2889 12.2141 -5.85739e-20
2888 11.968 -2.1594e-21
2887 13.3112 -5.50599e-20
2886 12.1505 -2.26262e-20
2885 12.2108 5.9567e-20
2884 11.652 3.43751e-19
2883 12.4861 1.37958e-19
2882 11.7518 -4.99107e-20
2881 12.0757 -2.32591e-19
2880 12.5819 1.84654e-19
2879 12.6665 1.16154e-19
2878 12.4507 2.44339e-20
2877 11.4823 1.54868e-19
2876 13.8487 -3.51286e-19
2875 12.6067 7.22552e-20
2874 11.4643 -3.88923e-20
2873 13.9633 -2.17792e-20
2872 10.6917 6.49204e-20
2871 13.0292 2.81461e-19
2870 11.5988 -2.6066e-20
2869 14.4324 1.79815e-19
2868 11.1787 1.12145e-19
2867 12.3048 2.00847e-19
2866 13.3297 -2.51769e-19
2865 11.3302 2.28506e-19
2864 12.938 1.14896e-19
2863 12.8439 -1.76931e-19
2862 14.5963 3.90238e-20
2861 14.0996 -1.67124e-19
2860 13.2369 -8.04897e-20
2859 13.4053 -1.52122e-19
2858 12.341 -6.4651e-20
2857 12.7849 -5.43315e-20
2856 13.428 -1.31907e-19
2855 14.1869 6.13397e-20
2854 14.0593 9.3121e-20
2853 11.7739 -1.53438e-19
2852 14.3012 8.32244e-21
2851 12.8124 -5.67781e-21
2850 13.9501 -1.67442e-19
2849 12.9307 -1.54313e-19
2848 13.6674 -2.47312e-19
2847 11.4405 1.63518e-19
2846 12.2701 2.02616e-19
2845 13.0276 1.68517e-19
2844 12.5718 1.56324e-19
2843 11.2744 2.23448e-19
2842 13.5072 -1.49644e-19
2841 14.5443 -2.24078e-21
2840 12.0836 3.00896e-19
2839 14.2788 -1.4659e-19
2838 13.0934 1.62189e-19
2837 14.698 4.9766e-20
2836 13.0188 2.87343e-20
2835 13.2156 -1.48514e-20
2834 12.0803 -2.00041e-19
2833 11.5605 -5.08467e-20
2832 13.466 5.83641e-20
2831 11.88 2.48237e-19
2830 13.1278 1.33646e-19
2829 11.7758 7.61197e-20
2828 13.3139 -9.64214e-20
2827 13.6076 4.34793e-20
2826 12.7545 -1.22342e-19
2825 13.4262 -3.98102e-21
2824 12.4016 -2.35018e-19
2823 14.7082 3.52881e-20
2822 13.5116 7.95538e-20
2821 12.7604 -1.94994e-19
2820 13.0998 1.83558e-19
2819 12.8223 2.71979e-20
2818 11.7075 -6.04219e-20
2817 12.3099 -1.48234e-19
2816 12.3395 -1.07545e-19
2815 13.3988 -3.60866e-20
2814 14.2829 -1.28887e-20
2813 13.3174 -6.60031e-20
2812 13.5957 1.97161e-19
2811 12.2939 -4.24383e-20
2810 11.0418 2.25276e-19
2809 13.9505 -6.1345e-20
2808 12.393 -1.5e-21
2807 13.8581 8.01484e-20
2806 14.2923 1.2964e-19
2805 12.7822 1.81187e-19
2804 12.5124 1.16243e-19
2803 13.9852 3.38304e-20
2802 16.069 1.77039e-19
2801 12.5171 2.20159e-19
2800 14.3817 1.24675e-19
2799 14.9595 2.19524e-21
2798 13.6121 1.45144e-19
2797 13.4147 6.76697e-20
2796 13.8909 -2.64843e-20
2795 15.1914 -1.96114e-19
2794 13.6377 -2.54932e-19
2793 13.9529 1.21513e-19
2792 13.9661 4.75202e-21
2791 13.3675 4.24873e-20
2790 13.7436 -5.69228e-20
2789 14.602 5.60098e-20
2788 14.4814 1.49556e-20
2787 12.4424 -4.11264e-20
2786 12.0548 -1.67898e-19
2785 12.6385 -1.43654e-19
2784 12.9826 3.69884e-19
2783 14.2346 1.01539e-19
2782 14.1235 -5.49496e-20
2781 12.9407 -1.87766e-21
2780 14.5882 5.14605e-20
2779 13.3632 -1.27018e-19
2778 12.8775 -2.12424e-20
2777 15.4247 -8.88396e-20
2776 14.3223 1.5976e-19
2775 12.3702 -9.80781e-20
2774 13.6689 2.83466e-20
2773 13.9789 -8.60647e-20
2772 14.137 8.77634e-20
2771 14.2879 1.88423e-19
2770 13.1712 1.72068e-20
2769 13.1107 9.07135e-20
2768 12.4811 8.86134e-20
2767 12.5345 -2.09538e-20
2766 14.7408 1.12692e-19
2765 12.7403 7.88089e-21
2764 13.5624 -5.8662e-20
2763 13.4899 8.67399e-20
2762 13.081 -1.203e-20
2761 14.3076 6.08694e-20
2760 15.3773 4.17742e-20
2759 13.2877 1.18464e-19
2758 13.5189 8.39194e-20
2757 13.3334 -7.29749e-20
2756 13.2279 -7.31347e-20
2755 14.2088 -2.27124e-19
2754 11.2401 -7.4743e-20
2753 14.5502 1.01969e-19
2752 13.7675 -1.88153e-20
2751 14.7346 1.8041e-19
2750 13.9632 5.30191e-20
2749 13.985 -3.42896e-19
2748 13.3139 1.46699e-19
2747 13.5186 -4.36709e-21
2746 12.8823 -5.43063e-20
2745 13.1943 4.12734e-20
2744 14.7861 1.71645e-19
2743 15.3352 2.34929e-19
2742 14.9585 -1.05274e-20
2741 12.9673 5.42193e-20
2740 15.608 -2.84346e-19
2739 13.0822 -1.42645e-19
2738 13.6776 1.83337e-19
2737 14.0456 -1.64836e-19
2736 15.5408 1.16708e-19
2735 15.486 -9.71138e-20
2734 14.5841 -8.93686e-20
2733 14.4483 1.77087e-19
2732 14.1471 -1.67803e-19
2731 14.3714 -4.56956e-20
2730 13.1444 6.25984e-20
2729 12.6933 1.1118e-19
2728 16.6311 -8.44376e-20
2727 12.4379 -3.90252e-20
2726 12.8315 -9.98861e-20
2725 14.485 2.53545e-19
2724 16.4408 -2.21961e-19
2723 14.0991 -2.89676e-19
2722 12.8635 2.13584e-19
2721 14.6746 -6.42422e-20
2720 13.2957 1.49615e-19
2719 14.121 -4.3343e-21
2718 14.4451 2.67741e-19
2717 13.8705 2.30225e-20
2716 13.7173 6.00529e-20
2715 14.1327 1.2416e-19
2714 15.7815 -1.4704e-19
2713 15.8132 -2.47219e-19
2712 14.3106 1.70442e-19
2711 13.0163 -1.46698e-19
2710 16.1 1.07424e-19
2709 12.9475 2.62441e-20
2708 13.4932 3.27167e-19
2707 13.634 2.55661e-20
2706 13.7362 1.51003e-20
2705 14.566 -7.66449e-20
2704 13.7849 3.086e-19
2703 11.9978 -8.25102e-20
2702 14.2915 1.69031e-19
2701 15.5733 -2.67849e-20
2700 15.3572 -5.76869e-20
2699 14.8925 -5.11746e-21
2698 13.6553 -2.5501e-19
2697 14.5021 4.81112e-20
2696 13.9622 2.39537e-20
2695 13.9376 8.36754e-20
2694 12.2208 1.78497e-19
2693 14.2291 3.67134e-20
2692 14.6704 4.28066e-20
2691 13.532 -6.45949e-21
2690 15.6281 4.73131e-20
2689 13.3116 -1.63168e-19
2688 15.0123 -5.51374e-20
2687 15.0386 2.10974e-19
2686 15.4169 -7.44737e-20
2685 14.5951 -7.54959e-20
2684 14.3867 2.577e-20
2683 16.1972 -5.76598e-20
2682 13.8762 7.1746e-20
2681 14.2851 6.69334e-20
2680 15.6485 -5.00842e-20
2679 14.1943 -2.39339e-20
2678 14.1157 -2.63036e-19
2677 14.8962 1.06001e-19
2676 15.5526 1.90244e-19
2675 14.683 4.03627e-19
2674 15.6292 6.72114e-21
2673 13.5941 1.78316e-19
2672 15.6829 8.54483e-20
2671 15.6285 -6.68327e-22
2670 14.9849 -3.39335e-20
2669 14.9415 -1.43032e-19
2668 14.675 -1.50146e-19
2667 13.6591 -2.02705e-19
2666 16.1546 -4.42719e-20
2665 12.923 -2.54096e-19
2664 14.0966 -5.80468e-20
2663 15.7481 3.90169e-20
2662 14.746 1.25403e-19
2661 15.1803 -1.50281e-19
2660 15.2626 8.01179e-20
2659 15.3694 -1.98204e-19
2658 12.6813 -1.01107e-19
2657 13.7566 -2.84469e-20
2656 15.0842 6.25907e-20
2655 14.1295 -3.55466e-19
2654 15.7417 -2.62038e-21
2653 15.3076 8.56875e-20
2652 16.8053 3.41299e-20
2651 16.3543 5.9342e-20
2650 15.0836 -7.57876e-20
2649 14.2939 5.69883e-21
2648 15.4221 6.87149e-20
2647 16.0202 1.4654e-20
2646 15.3352 -1.27908e-19
2645 14.1025 -2.50253e-21
2644 15.7047 1.42676e-19
2643 15.0386 3.08482e-20
2642 14.2942 -1.69089e-20
2641 14.64 1.51827e-20
2640 16.8013 5.7792e-20
2639 15.6922 -9.70267e-20
2638 14.7255 5.5568e-20
2637 15.4628 7.45356e-20
2636 14.2256 1.26573e-19
2635 15.9444 7.1542e-20
2634 15.5933 1.58732e-19
2633 16.0017 -5.08547e-20
2632 16.2618 1.67552e-21
2631 14.1297 1.59533e-19
2630 16.6979 3.4117e-19
2629 14.9161 -1.09686e-19
2628 15.3215 -6.57928e-20
2627 15.9447 1.44735e-19
2626 15.6314 8.30335e-20
2625 15.7391 7.07749e-20
2624 15.9023 2.15778e-19
2623 13.7359 -1.725e-19
2622 13.8382 -2.4417e-19
2621 15.6835 1.61813e-19
2620 15.2925 2.17374e-19
2619 14.6845 7.07518e-20
2618 14.905 1.88587e-20
2617 15.3693 5.37674e-20
2616 14.8773 3.59501e-20
2615 14.2452 1.38332e-19
2614 16.2556 -1.64006e-19
2613 15.1378 -5.83011e-20
2612 15.4471 -5.36736e-20
2611 14.3567 -3.72908e-20
2610 14.901 -4.09968e-20
2609 17.866 2.78191e-20
2608 17.6377 -8.94791e-20
2607 15.5564 -4.71388e-21
2606 15.2635 2.87888e-19
2605 14.584 -1.0408e-20
2604 15.0094 -5.09201e-20
2603 15.5672 -3.91972e-20
2602 13.4052 4.72161e-20
2601 15.9939 1.27612e-19
2600 15.3662 -2.8203e-19
2599 16.3404 -5.49708e-21
2598 16.8566 2.68628e-19
2597 15.1215 2.78266e-21
2596 17.3976 5.66135e-20
2595 13.8515 3.07648e-19
2594 14.2775 7.85105e-21
2593 16.4339 2.67016e-19
2592 14.7403 2.72468e-20
2591 15.5641 -6.37339e-20
2590 15.2374 4.82851e-21
2589 15.7859 1.04918e-19
2588 16.0406 -1.59294e-19
2587 13.0779 -6.5408e-20
2586 15.4697 -1.20805e-19
2585 14.8361 -8.06071e-20
2584 12.8119 -4.17209e-20
2583 14.7126 1.10974e-19
2582 17.4653 9.48873e-20
2581 14.8717 2.76861e-20
2580 13.8339 6.45676e-20
2579 18.074 3.34131e-21
2578 15.5702 -2.32491e-19
2577 15.4382 6.80446e-20
2576 14.3654 -1.53749e-19
2575 15.386 -8.59808e-20
2574 14.1081 4.67318e-20
2573 14.0735 1.5646e-20
2572 16.6937 1.22604e-19
2571 16.5461 3.25862e-21
2570 16.6438 2.15516e-19
2569 15.7159 2.53364e-20
2568 15.2742 -1.76368e-19
2567 14.6921 -1.3004e-20
2566 15.388 1.45956e-19
2565 14.1236 9.79595e-20
2564 15.5286 -1.66875e-19
2563 15.3312 3.88521e-22
2562 16.387 -1.48587e-19
2561 15.8748 -1.14867e-19
2560 17.5763 9.93684e-20
2559 18.5348 -2.85961e-21
2558 16.5729 2.04548e-19
2557 14.2357 1.44866e-19
2556 15.9678 3.32412e-20
2555 13.9502 1.27092e-19
2554 15.2431 -2.36218e-19
2553 18.4799 -4.79509e-20
2552 15.2862 -2.34363e-20
2551 19.8443 2.13678e-19
2550 15.2173 2.36261e-19
2549 14.8918 5.43547e-22
2548 15.741 9.10965e-20
2547 14.8989 2.18782e-19
2546 15.2007 -1.28978e-20
2545 15.9573 -4.57137e-20
2544 16.8235 3.67431e-21
2543 18.1514 2.7419e-19
2542 16.7998 -2.18113e-20
2541 17.4165 9.05178e-20
2540 16.3954 7.01533e-20
2539 15.6929 2.67202e-19
2538 15.4175 6.78333e-21
2537 16.6442 -5.13749e-20
2536 14.487 -4.55786e-20
2535 17.0578 -4.52322e-20
2534 16.2553 2.62404e-20
2533 16.3455 -4.7901e-21
2532 20.0683 1.14936e-19
2531 16.0388 -2.59573e-20
2530 18.1527 -1.6321e-19
2529 16.4455 2.74654e-20
2528 15.5398 -1.48496e-19
2527 16.8716 -2.09145e-19
2526 15.1337 -1.30212e-19
2525 16.7551 2.10683e-19
2524 16.5315 4.5838e-20
2523 16.5116 1.29325e-19
2522 17.4194 -1.56756e-20
2521 17.1945 2.69399e-20
2520 15.4898 -1.91599e-19
2519 13.9282 -1.82002e-21
2518 19.4379 -5.22685e-20
2517 17.0035 -1.19275e-19
2516 15.7564 6.30272e-21
2515 15.7122 1.34351e-19
2514 16.2525 -1.99857e-19
2513 18.2671 9.36433e-20
2512 14.5721 -1.33246e-21
2511 17.2226 9.23168e-20
2510 15.8387 -1.26058e-20
2509 15.9837 4.10859e-20
2508 15.8612 1.18216e-19
2507 17.9806 4.07671e-21
2506 17.2579 2.3357e-19
2505 17.5453 9.24896e-20
2504 17.2478 -2.53464e-19
2503 18.0559 -3.45195e-20
2502 16.4618 -6.64228e-20
2501 17.8411 -2.29829e-19
2500 19.0609 4.3698e-19
2499 17.7466 5.88468e-20
2498 15.4478 1.28007e-19
2497 18.0776 7.99519e-20
2496 14.8787 2.36072e-19
2495 16.3528 -2.26831e-19
2494 16.3434 -2.63001e-19
2493 15.1927 5.3903e-20
2492 16.9385 3.74818e-21
2491 15.686 1.29177e-19
2490 15.9436 1.50681e-19
2489 16.0479 2.94211e-19
2488 15.4936 2.49151e-19
2487 18.183 1.70939e-19
2486 17.9757 -2.10659e-19
2485 14.7723 2.62189e-19
2484 16.1964 -1.25396e-19
2483 18.2473 3.22937e-20
2482 18.8551 -2.37099e-19
2481 16.9854 1.38445e-19
2480 14.8658 -4.81023e-21
2479 17.2342 7.8119e-20
2478 16.5029 2.90325e-20
2477 17.2011 5.26678e-20
2476 14.8333 3.88976e-20
2475 17.1992 5.51733e-21
2474 16.2908 1.24443e-20
2473 17.8355 5.90986e-20
2472 18.0903 2.137e-20
2471 15.5024 5.7855e-20
2470 19.9373 1.70116e-19
2469 16.5078 -1.26929e-20
2468 16.4922 -1.04824e-19
2467 16.552 1.88451e-20
2466 15.9929 -1.87028e-19
2465 17.8742 1.71856e-20
2464 17.9941 -9.91179e-20
2463 17.0203 1.40022e-19
2462 15.7921 2.44973e-21
2461 16.808 -1.51367e-19
2460 19.2084 -6.43617e-20
2459 20.1124 -4.53037e-20
2458 15.0417 2.18962e-19
2457 17.5226 5.61573e-20
2456 16.0938 8.315e-20
2455 16.9231 -1.82117e-19
2454 18.2704 4.30081e-20
2453 17.1254 5.45746e-20
2452 17.7711 2.16841e-20
2451 17.2696 -8.28229e-20
2450 16.9986 -1.2134e-19
2449 16.0046 2.51512e-19
2448 18.2508 -1.0031e-19
2447 19.0192 -4.05516e-20
2446 17.5808 2.49758e-19
2445 18.0131 -4.28755e-20
2444 16.4074 -1.65261e-19
2443 17.8268 5.26317e-20
2442 20.3416 2.00213e-19
2441 18.5324 -2.08809e-20
2440 17.6452 3.68863e-20
2439 18.5606 1.57592e-19
2438 16.2991 1.59622e-19
2437 18.0451 1.61107e-20
2436 15.4765 -2.42713e-19
2435 17.2361 -5.40821e-20
2434 18.4824 -9.68982e-20
2433 17.1049 1.96726e-19
2432 19.674 7.22039e-20
2431 16.829 -9.77621e-21
2430 18.4357 7.87579e-20
2429 19.0017 1.38501e-19
2428 16.9563 -1.29472e-19
2427 17.2811 5.84127e-20
2426 18.743 -5.87989e-20
2425 20.059 1.55371e-19
2424 17.2698 -1.52281e-19
2423 15.4229 2.5462e-19
2422 16.1514 3.27186e-20
2421 18.5741 4.90002e-20
2420 20.4124 1.78223e-20
2419 19.3188 1.03819e-20
2418 17.465 -7.77947e-20
2417 18.9137 1.80922e-19
2416 17.4577 1.25271e-19
2415 14.948 -4.84059e-20
2414 19.1433 -3.02414e-20
2413 17.9053 2.64612e-19
2412 20.5086 -9.40944e-20
2411 19.552 2.91562e-19
2410 18.1455 1.56217e-20
2409 18.6465 -5.04855e-21
2408 16.3438 3.20582e-20
2407 18.4539 7.89672e-20
2406 20.1904 -6.16982e-20
2405 19.1599 1.06747e-19
2404 15.3089 2.33413e-19
2403 18.4422 -3.27534e-19
2402 17.0197 1.30435e-19
2401 17.5165 -1.23436e-19
2400 19.1758 2.42404e-19
2399 16.5437 -8.87933e-20
2398 19.2494 1.92682e-19
2397 17.6299 -2.54207e-19
2396 20.1906 -1.24454e-19
2395 17.826 -1.1842e-20
2394 19.7166 1.47844e-19
2393 18.6268 2.43068e-19
2392 19.3563 1.29569e-19
2391 19.5644 -6.76408e-20
2390 15.3727 -3.40319e-19
2389 22.3936 1.45595e-19
2388 16.9736 -1.46838e-19
2387 19.5124 5.78643e-20
2386 17.4535 -2.32119e-19
2385 17.7385 -2.67011e-19
2384 17.9293 -1.5884e-19
2383 17.2984 -5.12417e-20
2382 19.076 -1.03725e-19
2381 17.7064 -1.19366e-19
2380 20.0479 2.33329e-19
2379 20.61 1.45434e-19
2378 21.9585 -2.0823e-19
2377 17.0208 2.70456e-19
2376 19.9878 -6.86522e-21
2375 19.3045 -2.06157e-19
2374 18.9344 5.02177e-20
2373 17.2104 -4.81617e-20
2372 17.2144 -1.42349e-19
2371 17.6002 -2.51827e-19
2370 15.9732 -2.65998e-20
2369 20.3907 3.05933e-20
2368 18.8846 -1.99797e-20
2367 20.655 7.06519e-20
2366 18.3243 2.47275e-19
2365 18.1519 -2.2311e-20
2364 17.1979 -4.67794e-20
2363 17.3584 -2.75934e-19
2362 19.0407 -3.44553e-20
2361 19.695 -1.22712e-19
2360 18.0108 2.78042e-20
2359 17.431 1.20393e-19
2358 18.1946 -1.30464e-19
2357 18.9768 -2.89409e-20
2356 20.2296 8.88085e-20
2355 16.7607 -2.3905e-20
2354 16.4137 -2.92534e-19
2353 23.2349 1.59397e-19
2352 17.0651 2.4798e-20
2351 20.6783 2.26598e-20
2350 19.5199 1.53876e-20
2349 18.3984 -3.5509e-20
2348 18.735 2.24661e-19
2347 18.385 -2.55046e-20
2346 19.4925 -1.10663e-19
2345 17.624 1.64886e-19
2344 18.0461 -5.83452e-20
2343 22.8148 1.64688e-19
2342 19.2164 -1.016e-19
2341 19.7065 1.23415e-19
2340 19.6263 -7.85686e-20
2339 18.0934 1.30788e-19
2338 22.4391 1.0257e-19
2337 19.0928 -9.71844e-20
2336 16.9479 1.26668e-19
2335 19.7735 6.05438e-20
2334 19.954 1.24443e-19
2333 19.1457 7.76465e-21
2332 18.5576 -1.0295e-19
2331 21.9769 1.96925e-20
2330 20.2209 2.22706e-19
2329 18.4073 -3.1281e-19
2328 19.8962 1.9527e-19
2327 16.8429 -5.86149e-20
2326 21.8787 3.47122e-19
2325 19.191 5.73184e-20
2324 19.9355 6.51792e-20
2323 19.6956 1.41068e-19
2322 18.484 -1.79465e-20
2321 17.841 -3.20656e-20
2320 19.0309 -4.80881e-20
2319 20.5608 1.03283e-21
2318 19.701 1.16526e-19
2317 19.9933 2.11544e-19
2316 20.2367 1.33921e-19
2315 20.4729 -2.01151e-19
2314 20.0081 5.8962e-20
2313 19.229 -8.65482e-20
2312 20.4136 2.51161e-19
2311 22.253 -1.5446e-19
2310 21.2585 8.27586e-20
2309 19.4262 -5.35242e-20
2308 16.9023 2.39207e-19
2307 21.4403 2.30093e-19
2306 21.6011 9.00977e-20
2305 18.4025 1.0315e-20
2304 21.8544 2.565e-19
2303 19.9649 9.70912e-20
2302 19.6233 1.61007e-19
2301 18.7489 -2.46766e-19
2300 16.6993 -9.26577e-20
2299 20.9071 6.22269e-20
2298 19.6232 2.34936e-19
2297 21.4614 -8.34554e-20
2296 18.7392 1.7589e-19
2295 18.1198 2.86154e-19
2294 20.7116 3.62769e-20
2293 20.8804 -1.94944e-19
2292 18.4577 -1.08606e-19
2291 21.9677 1.45524e-20
2290 18.7846 1.05894e-21
2289 18.6973 2.1952e-20
2288 22.5493 -6.13943e-20
2287 21.3882 1.92629e-19
2286 20.1643 2.4046e-20
2285 20.5396 1.36186e-19
2284 21.4533 -1.75272e-20
2283 20.8155 3.03514e-19
2282 20.0443 -1.7403e-19
2281 20.195 -2.89564e-19
2280 20.0369 1.20524e-19
2279 26.8753 -7.70651e-20
2278 19.4903 -1.21228e-19
2277 20.6241 1.31742e-19
2276 18.1048 1.11157e-19
2275 17.946 1.96305e-19
2274 20.1592 -5.78083e-20
2273 20.337 1.56882e-19
2272 18.3629 9.48321e-20
2271 23.1565 -9.87113e-20
2270 20.2641 3.58916e-20
2269 22.6472 -4.65328e-20
2268 20.3479 -2.21825e-19
2267 20.1807 -1.87108e-20
2266 20.7462 -1.81548e-19
2265 21.6938 2.30929e-19
2264 18.527 -2.38277e-19
2263 20.5349 1.51429e-20
2262 19.9548 9.96467e-20
2261 20.4062 -9.05206e-20
2260 16.9409 -1.06307e-19
2259 18.9905 8.10531e-21
2258 19.4594 1.74951e-19
2257 20.5233 4.26652e-20
2256 19.4348 5.9271e-20
2255 23.0654 -3.27713e-19
2254 21.0825 -4.61556e-20
2253 19.6703 -6.49869e-20
2252 23.2669 1.8567e-20
2251 20.9144 -1.77011e-19
2250 18.7311 2.59427e-19
2249 20.0161 1.97202e-19
2248 19.7577 1.18538e-19
2247 20.584 2.25538e-19
2246 19.4658 1.10593e-19
2245 21.5352 -8.41853e-20
2244 24.1979 -2.82016e-19
2243 24.3593 -1.76005e-19
2242 20.1897 2.74467e-19
2241 21.2228 -4.18994e-20
2240 24.1385 -1.08692e-19
2239 19.7657 1.83115e-19
2238 22.0184 -1.71957e-19
2237 22.3415 2.18531e-19
2236 22.7689 5.77859e-20
2235 19.1618 -1.63353e-19
2234 20.5304 1.11214e-19
2233 22.3829 3.31729e-19
2232 21.0805 4.86721e-20
2231 20.85 -1.53908e-19
2230 20.2035 -1.27295e-19
2229 20.3092 9.16352e-20
2228 22.729 -9.18679e-20
2227 21.588 -3.44225e-19
2226 23.2481 6.29835e-20
2225 22.2618 2.35625e-19
2224 23.041 1.75743e-19
2223 24.5445 2.5751e-19
2222 24.7651 1.34756e-19
2221 19.689 -1.47701e-19
2220 20.3735 2.19253e-19
2219 20.3585 -1.03802e-19
2218 25.3087 4.4455e-20
2217 21.1587 -1.15449e-19
2216 23.3966 -8.83584e-20
2215 20.7891 -1.68444e-19
2214 18.8359 -1.00609e-19
2213 22.7849 -1.31294e-19
2212 22.6767 7.50848e-21
2211 19.7128 -4.83453e-20
2210 19.2389 -2.92068e-19
2209 21.083 -2.96726e-20
2208 22.3518 4.08041e-20
2207 20.1359 -7.85587e-20
2206 21.882 -1.21658e-19
2205 22.7985 -3.44855e-19
2204 18.7881 -2.56932e-19
2203 23.0772 -6.88089e-20
2202 24.6174 1.54957e-19
2201 20.5688 1.83682e-19
2200 21.7717 6.91806e-20
2199 21.7391 6.17292e-20
2198 23.7108 8.85779e-20
2197 22.4469 -2.62439e-19
2196 22.1719 2.44196e-19
2195 22.2437 -3.12976e-19
2194 19.6376 1.35462e-19
2193 22.9764 -1.85874e-19
2192 21.9573 -2.66104e-20
2191 26.7872 -4.21629e-20
2190 21.5624 4.07118e-20
2189 19.2225 -5.80518e-20
2188 19.0781 4.09192e-20
2187 21.8403 1.38492e-19
2186 21.6349 1.20421e-19
2185 21.1282 -9.93822e-20
2184 19.2138 5.23231e-20
2183 20.9226 -4.80921e-20
2182 22.2674 -2.3108e-19
2181 19.1635 -6.30049e-21
2180 24.668 -9.85348e-20
2179 24.0464 -2.45679e-20
2178 21.3306 -1.12167e-19
2177 22.9395 1.26896e-19
2176 19.7329 1.75646e-19
2175 23.9483 -1.88329e-19
2174 23.5694 2.05581e-19
2173 21.5994 1.85557e-19
2172 22.3827 7.61108e-20
2171 22.4743 2.27319e-19
2170 23.7345 1.08764e-19
2169 19.9564 4.88632e-20
2168 21.7444 1.00571e-19
2167 21.4523 -1.88804e-19
2166 22.3564 -3.77051e-20
2165 22.5016 -2.0186e-20
2164 19.3824 1.20983e-19
2163 21.5563 -1.41276e-19
2162 21.5319 5.4324e-21
2161 22.9742 -5.30575e-21
2160 20.2446 -1.36436e-20
2159 24.7368 7.17709e-20
2158 22.3969 1.03755e-19
2157 22.7614 2.75285e-20
2156 24.3455 1.44861e-19
2155 24.2788 -1.27457e-20
2154 25.3951 5.71374e-20
2153 19.6192 -8.28398e-20
2152 25.6689 1.21436e-19
2151 22.2287 -6.87325e-20
2150 24.0673 2.26881e-19
2149 24.4426 -2.02185e-19
2148 23.1892 -1.33223e-20
2147 22.4669 -1.04422e-19
2146 22.3087 -5.85089e-20
2145 21.1589 -2.87784e-19
2144 22.1785 -9.03647e-20
2143 21.7969 -1.524e-19
2142 22.4909 5.01932e-20
2141 22.3491 5.41517e-20
2140 20.8052 4.20921e-21
2139 22.9578 3.84485e-20
2138 23.0179 -4.33614e-20
2137 23.9997 -1.15848e-19
2136 27.3033 1.79499e-19
2135 20.6433 -2.36074e-20
2134 23.2083 4.34129e-20
2133 20.2209 1.41686e-19
2132 21.8817 4.96131e-20
2131 22.6161 -6.24202e-20
2130 21.3283 -5.88256e-20
2129 26.0065 5.05315e-20
2128 20.8104 -1.27631e-19
2127 27.422 4.33472e-20
2126 23.928 1.14565e-19
2125 23.228 1.82424e-20
2124 22.0807 8.0038e-20
2123 26.0658 9.28474e-21
2122 24.0529 2.50836e-19
2121 22.8199 -1.34749e-19
2120 26.9296 -1.05999e-19
2119 24.7783 4.23816e-20
2118 22.1383 2.00338e-19
2117 24.2348 1.25738e-19
2116 21.0766 -1.28909e-19
2115 22.7349 -4.76335e-20
2114 23.6218 -5.54309e-20
2113 24.216 5.05386e-20
2112 23.9996 -1.41146e-19
2111 21.8007 -1.20104e-19
2110 27.0654 -1.85929e-19
2109 24.9653 1.05203e-20
2108 26.4689 -1.4973e-19
2107 27.049 3.9558e-19
2106 24.0913 -8.89533e-20
2105 23.6383 1.9748e-19
2104 22.2507 1.05213e-19
2103 24.6409 -7.29417e-20
2102 23.522 -3.84378e-20
2101 22.2352 -1.57067e-19
2100 19.9369 4.35986e-20
2099 23.2493 3.32928e-19
2098 26.0451 -4.97603e-20
2097 25.0378 8.63449e-20
2096 25.6724 -2.02536e-19
2095 21.8581 -1.40739e-19
2094 26.1679 3.10887e-20
2093 25.5515 1.1993e-19
2092 22.6386 8.88979e-20
2091 22.8591 8.65522e-20
2090 22.7703 1.71328e-21
2089 25.6544 4.38925e-20
2088 23.1616 -2.07502e-20
2087 20.7518 1.53237e-19
2086 24.7285 4.67145e-20
2085 20.4354 -4.26597e-20
2084 25.9414 6.14382e-20
2083 23.7489 6.41706e-20
2082 23.9445 6.24826e-20
2081 24.2 2.51386e-20
2080 23.8616 2.26398e-20
2079 28.1901 1.76223e-21
2078 28.473 -2.5437e-19
2077 24.4863 -6.57277e-20
2076 27.3583 -2.4244e-21
2075 25.4849 1.27688e-19
2074 22.713 -2.93127e-19
2073 24.2788 7.19661e-20
2072 23.2245 -1.42854e-19
2071 21.5371 1.43165e-19
2070 22.668 3.78663e-19
2069 25.2108 -6.67169e-20
2068 28.3409 -1.60122e-19
2067 24.8888 1.69292e-19
2066 29.9028 1.55863e-19
2065 26.1013 -1.27142e-19
2064 21.9393 2.04288e-19
2063 22.4841 -1.57947e-19
2062 23.985 1.03577e-19
2061 26.3609 5.77082e-20
2060 23.2176 1.4518e-19
2059 24.3228 -1.83139e-19
2058 24.9334 5.17112e-20
2057 27.5173 1.0396e-20
2056 26.5341 -1.67818e-20
2055 27.0348 -6.4099e-20
2054 25.5448 -1.91687e-19
2053 23.1994 -1.12277e-19
2052 24.2204 -2.30527e-19
2051 29.0846 3.00756e-19
2050 24.9561 4.63335e-20
2049 24.1004 3.31782e-19
2048 23.2642 3.46378e-20
2047 25.2104 1.09912e-19
2046 26.5448 -4.86064e-20
2045 27.5077 7.8932e-20
2044 25.3326 -2.22787e-19
2043 23.119 -5.90992e-20
2042 26.3988 5.85177e-20
2041 26.7662 -7.18754e-20
2040 26.3743 -9.93935e-20
2039 25.5139 -1.21744e-19
2038 24.4187 -5.6482e-20
2037 25.5911 -1.71527e-19
2036 26.3581 1.54749e-19
2035 24.0964 -2.58256e-19
2034 24.9575 1.89831e-19
2033 24.8383 -1.57535e-19
2032 24.9668 7.78107e-20
2031 26.929 -1.24186e-20
2030 23.9004 -1.71547e-19
2029 26.7281 1.39551e-19
2028 27.4227 -2.81648e-20
2027 26.6136 -1.50804e-19
2026 26.333 5.80997e-20
2025 27.4217 -1.24893e-19
2024 25.8761 -1.61913e-19
2023 30.8822 6.674e-20
2022 25.8899 -6.73959e-20
2021 26.2909 8.37753e-20
2020 28.8511 1.34811e-19
2019 28.3761 9.53804e-20
2018 22.8349 -8.34568e-20
2017 24.1259 1.82703e-19
2016 24.6275 -2.12938e-19
2015 25.1013 2.51241e-19
2014 24.2903 2.27593e-19
2013 27.7347 1.22696e-19
2012 23.2804 -2.1204e-19
2011 27.581 -9.15166e-20
2010 22.253 -4.23073e-20
2009 25.472 1.41034e-19
2008 26.2445 8.36073e-20
2007 26.291 4.17634e-20
2006 26.5783 -9.70434e-20
2005 25.1575 -1.37963e-19
2004 22.6266 -6.74456e-20
2003 24.5563 -6.45629e-21
2002 24.8512 -1.19447e-19
2001 25.5257 -9.37988e-20
2000 25.064 -8.6516e-20
1999 29.6532 1.22534e-19
1998 25.2162 -2.15455e-20
1997 27.7802 1.6669e-20
1996 27.2242 -1.4816e-19
1995 25.5411 -1.26402e-20
1994 27.3426 -5.19178e-19
1993 28.0464 7.87601e-20
1992 26.4289 1.15822e-19
1991 27.1928 5.58806e-20
1990 26.1734 3.31758e-20
1989 25.6948 1.8638e-19
1988 24.5209 9.78319e-20
1987 25.2553 -1.54473e-19
1986 27.5213 -4.08103e-20
1985 27.2947 -1.7905e-19
1984 24.2572 9.42509e-21
1983 26.2448 -1.90474e-19
1982 27.1809 -6.16029e-20
1981 25.8555 -1.2137e-19
1980 27.9931 -9.33643e-20
1979 25.0323 -2.17151e-20
1978 29.9486 -1.20064e-19
1977 27.7508 1.90279e-20
1976 25.8756 1.03548e-19
1975 29.9911 5.50751e-20
1974 26.929 -1.14721e-19
1973 28.0514 -1.42224e-20
1972 26.4599 -2.21274e-19
1971 25.7896 -1.81921e-19
1970 28.793 -7.78247e-20
1969 27.4487 -1.50122e-20
1968 24.6889 -9.37921e-20
1967 29.3012 1.16216e-19
1966 28.6041 8.16937e-20
1965 30.4973 6.3183e-20
1964 28.0231 6.28669e-20
1963 32.8202 6.07525e-20
1962 29.2358 -4.95734e-20
1961 26.6007 -1.98527e-19
1960 26.9698 7.59169e-20
1959 27.9849 -2.00033e-20
1958 28.6643 1.37352e-19
1957 27.09 -2.57646e-20
1956 30.4436 4.42729e-20
1955 27.0586 1.86757e-19
1954 27.0381 3.72483e-20
1953 30.3783 -4.46543e-20
1952 26.6413 2.23837e-19
1951 28.4448 -1.47541e-19
1950 24.7479 9.8156e-20
1949 28.4788 -7.59088e-21
1948 28.9978 7.85383e-20
1947 26.8257 2.81487e-20
1946 28.154 -1.14036e-19
1945 25.6011 -1.00083e-19
1944 27.6403 -4.99995e-20
1943 28.3139 -3.46176e-19
1942 24.0207 2.67058e-19
1941 29.85 9.8382e-20
1940 30.6131 -9.56515e-20
1939 27.9053 -7.00822e-20
1938 28.7256 5.83709e-20
1937 27.7559 1.95715e-20
1936 28.5165 1.08367e-19
1935 25.9989 -3.58637e-20
1934 28.1082 2.83454e-19
1933 33.7935 -1.38962e-19
1932 27.2121 -6.28981e-20
1931 31.0721 3.25868e-20
1930 29.3861 3.27433e-20
1929 26.9287 -3.62877e-19
1928 27.2661 -2.39589e-19
1927 31.8495 -1.92977e-20
1926 29.2779 -3.25397e-20
1925 29.4456 -7.31693e-20
1924 28.2733 2.29894e-20
1923 26.8466 -5.84032e-20
1922 30.9288 7.62526e-20
1921 28.1227 -1.69666e-19
1920 27.856 6.17134e-20
1919 26.4462 2.55625e-19
1918 29.7907 4.70267e-20
1917 28.8692 -1.19309e-19
1916 26.6089 -2.01467e-19
1915 27.8356 -8.0027e-20
1914 27.0498 7.53009e-20
1913 28.2978 -2.81748e-19
1912 30.0283 -1.51984e-19
1911 29.8352 -2.05394e-19
1910 28.4057 -2.37442e-20
1909 29.1785 6.48806e-20
1908 29.8205 3.27728e-20
1907 30.6271 -3.61432e-20
1906 27.7633 1.59259e-20
1905 27.99 -6.13596e-20
1904 27.3812 -6.51459e-20
1903 26.885 1.02644e-19
1902 28.2712 5.34493e-20
1901 25.7071 -1.25996e-19
1900 29.7926 -1.79005e-19
1899 29.2708 -7.16632e-20
1898 26.0818 -1.66792e-19
1897 29.3936 1.57434e-19
1896 30.083 -1.43429e-19
1895 30.0392 5.71211e-21
1894 36.2281 -2.65919e-19
1893 30.8272 -4.89815e-21
1892 28.3897 2.2259e-19
1891 30.254 2.81525e-19
1890 27.8741 8.23174e-20
1889 29.8596 -7.00267e-20
1888 29.7066 9.45813e-20
1887 30.7034 4.59054e-20
1886 27.3994 1.56092e-19
1885 30.6522 -5.87237e-20
1884 34.3998 -5.95595e-20
1883 27.3615 7.54731e-20
1882 30.5034 5.88597e-20
1881 31.1542 -4.62436e-20
1880 27.6717 -8.32907e-20
1879 35.2856 -3.53336e-21
1878 32.749 1.07398e-19
1877 30.177 1.32671e-19
1876 30.2211 6.49481e-20
1875 29.5913 1.08261e-19
1874 30.5481 1.14018e-19
1873 29.8133 -9.36813e-20
1872 34.7461 8.20756e-20
1871 32.3541 -1.32669e-19
1870 29.9156 5.55267e-20
1869 26.3691 -8.93107e-20
1868 28.3678 2.76092e-19
1867 32.7562 -6.07548e-20
1866 30.5139 -1.2705e-19
1865 32.4932 -2.50449e-19
1864 27.4428 1.45977e-19
1863 29.5281 -1.95361e-19
1862 31.9962 -5.26001e-20
1861 30.4389 -1.80729e-19
1860 31.4456 -9.80059e-20
1859 27.906 1.19529e-19
1858 28.8352 -8.64975e-20
1857 30.4149 4.99726e-20
1856 27.6323 7.97834e-21
1855 29.8184 2.21271e-19
1854 27.9892 -3.55822e-19
1853 33.3824 7.48983e-20
1852 31.199 -4.60107e-20
1851 34.6277 -2.30652e-19
1850 28.5156 -1.81624e-19
1849 31.6229 -6.95609e-20
1848 28.9886 3.46474e-19
1847 31.7567 1.30923e-20
1846 30.5071 1.12325e-19
1845 29.5513 4.02107e-20
1844 31.4678 -2.86107e-20
1843 34.6608 -1.15976e-19
1842 29.2586 1.3861e-19
1841 28.2627 -3.94418e-20
1840 29.805 1.82064e-20
1839 31.7082 -1.81066e-19
1838 28.4438 -5.09592e-20
1837 33.8146 -6.10664e-20
1836 29.2733 -1.21756e-19
1835 29.077 1.48921e-19
1834 32.1169 2.19596e-19
1833 31.3585 -8.51409e-20
1832 28.554 1.55429e-19
1831 33.9411 2.74704e-19
1830 33.8587 1.44496e-19
1829 29.1585 -2.60155e-19
1828 29.6622 1.24003e-19
1827 30.3081 -1.74495e-19
1826 32.1141 4.52042e-19
1825 36.3831 1.05606e-21
1824 31.1097 -1.14262e-19
1823 33.2849 -1.46299e-19
1822 29.2874 -1.77244e-19
1821 31.1554 -1.29864e-20
1820 37.3854 2.83269e-21
1819 35.3085 -2.07919e-19
1818 31.68 4.57628e-20
1817 29.614 9.29854e-20
1816 34.5506 -1.25528e-19
1815 33.237 -1.28606e-19
1814 35.9568 -1.01802e-20
1813 31.6651 2.39421e-19
1812 35.4723 2.05947e-19
1811 32.9138 1.31757e-19
1810 31.0779 1.33292e-19
1809 32.1885 -6.22667e-20
1808 34.2883 -3.27605e-20
1807 30.5131 -1.5009e-19
1806 29.1833 1.06711e-19
1805 28.5548 -1.69259e-19
1804 31.5022 -1.88014e-19
1803 35.3091 1.99811e-20
1802 30.1442 -6.05105e-20
1801 29.6845 -9.04844e-20
1800 29.5399 -1.06034e-19
1799 30.0095 -1.73866e-19
1798 28.2177 -4.5003e-20
1797 34.7476 2.52117e-20
1796 32.8037 2.39515e-20
1795 34.2423 1.74538e-19
1794 31.7079 -4.82475e-20
1793 38.2664 -1.465e-19
1792 31.5457 -1.0789e-19
1791 34.9446 -3.36604e-20
1790 27.8059 -8.48417e-20
1789 33.8825 -6.15418e-20
1788 31.714 2.3935e-19
1787 34.6412 9.72974e-20
1786 32.3666 8.19111e-20
1785 32.0667 8.23075e-20
1784 30.5153 -1.19033e-19
1783 29.1511 -6.43796e-20
1782 30.3104 -1.7017e-19
1781 31.6322 -1.51618e-21
1780 29.8901 3.5057e-20
1779 35.0256 -1.6515e-21
1778 33.9785 1.42792e-19
1777 37.9467 -1.39983e-19
1776 32.6245 8.58654e-20
1775 34.0938 -1.85842e-19
1774 33.5555 4.61585e-21
1773 31.8526 -4.90381e-20
1772 36.4278 2.03055e-19
1771 28.9834 -3.83047e-20
1770 33.4767 -8.26971e-20
1769 31.7632 -2.21486e-20
1768 35.7326 -6.38462e-20
1767 37.8446 1.21935e-19
1766 31.1995 1.3662e-19
1765 35.374 -1.25858e-19
1764 37.5566 -6.34314e-20
1763 30.212 -2.31172e-19
1762 32.9054 -1.75018e-20
1761 34.4557 -5.25027e-20
1760 33.7968 2.00112e-19
1759 33.0246 -1.22814e-19
1758 33.2924 -1.88009e-19
1757 30.75 -7.16775e-20
1756 35.6568 7.49469e-21
1755 39.5592 -1.30885e-19
1754 32.556 -3.30197e-20
1753 32.2995 2.36402e-19
1752 36.3028 2.44828e-20
1751 32.0145 -3.09986e-19
1750 33.6746 -7.27575e-20
1749 35.7486 -1.84762e-20
1748 35.9735 -8.47072e-20
1747 39.6034 3.10224e-19
1746 27.3632 -4.21777e-20
1745 34.4938 1.72937e-21
1744 35.2209 -1.4005e-19
1743 31.3248 -6.61925e-20
1742 36.6521 -2.03933e-19
1741 34.4761 -2.03241e-19
1740 36.2734 1.91864e-19
1739 35.209 1.0633e-19
1738 35.2953 -4.04625e-20
1737 35.3111 -1.04556e-19
1736 33.4322 -1.57061e-19
1735 32.906 1.91592e-19
1734 33.2385 -2.95577e-20
1733 35.5162 -1.2825e-19
1732 40.0546 -1.52367e-19
1731 37.1451 -2.79188e-19
1730 34.535 -5.48588e-20
1729 32.8588 -1.84075e-19
1728 29.6956 1.00389e-19
1727 39.9155 6.77248e-20
1726 36.7606 -1.27588e-19
1725 33.6865 2.74087e-20
1724 35.4691 3.3037e-20
1723 30.7247 1.65317e-19
1722 36.0328 -7.77897e-20
1721 34.368 7.72127e-20
1720 36.8741 -4.21657e-20
1719 34.5241 -2.03595e-19
1718 37.2231 -9.4632e-20
1717 35.5578 1.2294e-19
1716 37.2724 6.27868e-20
1715 36.4462 -1.53068e-19
1714 37.9678 1.26559e-20
1713 40.4531 8.97441e-20
1712 38.1118 -2.05037e-19
1711 34.0608 6.45759e-20
1710 37.7173 -1.14779e-19
1709 36.1138 6.98496e-20
1708 35.4217 2.07284e-19
1707 33.1124 -2.10513e-20
1706 35.8207 -5.22005e-20
1705 39.2207 -3.66063e-19
1704 34.8329 1.4747e-19
1703 37.2827 1.24843e-19
1702 33.5185 1.75766e-20
1701 39.7196 -8.89228e-20
1700 39.5299 1.18573e-19
1699 35.4679 8.28711e-20
1698 36.2189 -1.84491e-19
1697 35.7146 -4.17772e-21
1696 37.5778 -4.26061e-20
1695 43.6825 2.28334e-19
1694 37.4759 -3.32655e-19
1693 33.9714 1.21819e-19
1692 35.1921 8.45132e-20
1691 38.1356 4.84173e-20
1690 33.6333 4.76182e-20
1689 37.4656 -2.39584e-20
1688 38.6059 1.03624e-19
1687 33.3416 -4.74436e-20
1686 33.2266 1.21956e-19
1685 35.9255 -8.2602e-20
1684 45.044 -1.08117e-19
1683 33.3106 1.09545e-19
1682 37.157 -1.66987e-20
1681 40.364 -1.03597e-21
1680 39.1913 -1.97531e-19
1679 34.2943 -2.04964e-21
1678 37.5677 1.15579e-19
1677 38.9109 -1.91346e-20
1676 35.601 -2.70566e-20
1675 45.6539 7.16814e-20
1674 38.6483 -2.10694e-19
1673 34.7853 -4.17217e-20
1672 35.5388 4.64353e-21
1671 42.7743 -1.90804e-19
1670 40.0162 -3.90251e-20
1669 35.9428 -6.95707e-20
1668 36.1205 3.99298e-20
1667 34.8578 -1.23938e-19
1666 41.0732 -3.79076e-20
1665 32.1544 -1.19732e-20
1664 39.3585 2.88444e-20
1663 41.0906 1.32046e-20
1662 38.553 3.83363e-20
1661 40.6072 -1.25708e-19
1660 35.5386 -6.79287e-20
1659 39.8194 3.48688e-20
1658 40.8976 4.97015e-20
1657 40.2908 -6.25229e-20
1656 40.6726 -2.9795e-19
1655 38.9045 -5.54482e-20
1654 35.9632 2.46435e-19
1653 34.8118 3.77334e-19
1652 35.9266 1.48442e-20
1651 37.4071 -7.85912e-20
1650 36.8982 4.05629e-20
1649 38.7146 1.41831e-19
1648 37.7057 -1.39951e-19
1647 39.7936 1.15989e-19
1646 38.1187 2.96904e-20
1645 46.3259 -1.19442e-19
1644 41.1555 -1.81155e-20
1643 45.7789 -9.35323e-20
1642 37.9181 2.07811e-19
1641 42.0856 3.33912e-20
1640 36.2757 1.08462e-19
1639 41.6399 2.40929e-19
1638 38.2895 8.84075e-20
1637 40.4255 3.2198e-20
1636 34.4709 -7.64888e-20
1635 39.1412 1.34807e-19
1634 38.9386 5.15498e-20
1633 41.4624 2.27362e-19
1632 38.7195 1.98182e-20
1631 41.7038 4.78267e-20
1630 38.5983 -3.43235e-20
1629 41.0932 1.77453e-20
1628 44.121 -7.03508e-20
1627 40.8178 -9.998e-21
1626 40.8977 6.94721e-20
1625 42.9164 -2.23687e-19
1624 49.3864 1.91635e-19
1623 44.3049 1.48861e-19
1622 31.6043 1.24122e-19
1621 39.8356 -9.47181e-20
1620 40.0837 1.97585e-19
1619 43.0471 3.23253e-19
1618 40.1707 -3.33789e-21
1617 42.467 -7.28561e-20
1616 40.9248 4.79108e-20
1615 42.5015 -4.18925e-20
1614 40.9442 -1.54919e-20
1613 43.9207 -7.72428e-20
1612 40.7459 -8.06492e-20
1611 44.216 8.67874e-20
1610 38.5456 1.91108e-19
1609 38.9617 -1.58914e-20
1608 38.5396 -2.4237e-19
1607 40.5852 -2.53758e-19
1606 42.0754 9.3337e-20
1605 38.7046 9.78885e-20
1604 38.2962 -4.87155e-20
1603 42.3565 2.42535e-19
1602 43.2276 6.93679e-20
1601 39.2172 2.68131e-20
1600 39.7511 8.08416e-21
1599 36.0563 -3.66189e-19
1598 39.8091 2.12242e-19
1597 45.7425 -1.47863e-20
1596 38.7769 1.13329e-19
1595 39.8574 -4.08126e-20
1594 40.6717 1.23838e-20
1593 41.43 9.55293e-20
1592 43.3489 1.50294e-21
1591 45.3971 1.9477e-19
1590 43.6526 -1.82778e-20
1589 39.5359 2.20737e-19
1588 37.6758 1.35733e-19
1587 41.0555 1.83612e-19
1586 44.8154 1.09869e-19
1585 40.8043 -1.20591e-19
1584 44.5902 -1.00953e-19
1583 43.7982 1.65567e-19
1582 50.2281 -1.13758e-19
1581 39.1418 -8.52849e-20
1580 41.3926 1.23174e-19
1579 42.5539 2.01526e-19
1578 41.835 1.84036e-19
1577 42.1861 1.96032e-19
1576 39.8416 9.2464e-21
1575 42.3834 -1.4213e-19
1574 45.4527 1.88304e-19
1573 41.2606 3.30165e-20
1572 48.7609 2.87291e-19
1571 40.0224 1.53142e-20
1570 40.7476 7.42949e-20
1569 41.3517 -8.86958e-20
1568 40.4136 9.60891e-20
1567 38.7885 -1.66346e-19
1566 40.131 1.41385e-19
1565 41.6152 7.44304e-20
1564 46.1471 -1.21732e-19
1563 43.0754 -3.81271e-21
1562 41.7905 1.82166e-19
1561 40.1704 3.20168e-20
1560 41.2986 -8.3297e-20
1559 46.8754 -2.11582e-19
1558 40.2806 2.228e-20
1557 40.6168 -1.57535e-20
1556 46.3712 -1.93844e-19
1555 41.4874 -3.05697e-19
1554 38.1266 -8.89577e-20
1553 43.005 -1.8928e-20
1552 48.7339 -2.05198e-20
1551 41.5402 6.08212e-20
1550 42.6462 1.32214e-20
1549 42.6406 -2.08417e-19
1548 44.7571 3.56671e-21
1547 41.6857 -1.09862e-19
1546 44.6715 -1.9044e-19
1545 42.3143 1.07878e-19
1544 42.6985 -5.40665e-20
1543 48.7781 -2.80476e-21
1542 51.7943 4.29509e-20
1541 49.3213 -1.19385e-19
1540 48.8098 1.84388e-19
1539 50.8342 -3.10874e-19
1538 46.0055 -6.51203e-20
1537 42.392 9.32938e-20
1536 45.4715 1.88111e-19
1535 44.2191 -2.46439e-19
1534 43.926 1.93168e-19
1533 44.4506 1.44839e-19
1532 37.8632 2.50922e-19
1531 44.1648 -2.06604e-19
1530 42.4414 -1.12081e-19
1529 42.162 -1.32453e-19
1528 50.6309 3.97254e-19
1527 42.7069 -6.52943e-20
1526 43.7343 -8.4778e-20
1525 43.4427 1.08606e-19
1524 45.337 5.79033e-20
1523 40.0576 3.603e-19
1522 50.7919 4.13339e-20
1521 48.0703 -2.15074e-19
1520 44.9948 -1.11252e-20
1519 49.2646 -6.41041e-21
1518 44.0874 2.71435e-20
1517 42.1845 1.19888e-19
1516 43.17 7.16817e-20
1515 44.2252 1.09797e-19
1514 46.537 5.00143e-20
1513 46.6286 1.67384e-19
1512 45.2564 -5.90142e-20
1511 49.7127 2.30801e-19
1510 54.7697 -1.6298e-20
1509 44.4631 1.95308e-19
1508 45.4934 -2.26501e-19
1507 51.0507 -9.66924e-20
1506 46.5717 1.27652e-19
1505 39.234 -1.31455e-20
1504 48.5898 -3.57897e-20
1503 48.5981 7.34611e-21
1502 47.6766 -1.74324e-20
1501 47.1119 7.28498e-20
1500 51.9741 5.25235e-20
1499 45.4381 -1.92055e-19
1498 43.6194 -3.91266e-19
1497 41.5224 3.71197e-19
1496 48.8429 -6.70345e-20
1495 41.9971 6.60767e-20
1494 40.4224 -1.55008e-19
1493 45.7139 -2.43334e-19
1492 55.2023 -1.42825e-19
1491 52.3852 -1.74885e-20
1490 48.7481 1.40923e-19
1489 51.3322 -1.91306e-19
1488 45.8699 6.5831e-20
1487 47.9706 3.75189e-20
1486 46.8842 -1.28907e-19
1485 44.4059 9.36083e-21
1484 46.5265 -4.23957e-20
1483 44.4241 -1.15251e-19
1482 46.6017 1.43691e-20
1481 45.995 -1.09429e-20
1480 52.1791 2.30504e-19
1479 44.514 2.68051e-19
1478 46.6017 -1.06979e-19
1477 46.8223 -1.40315e-19
1476 48.8705 -1.33236e-19
1475 54.2658 -3.05472e-19
1474 51.0679 -8.06116e-21
1473 47.7601 -1.20791e-19
1472 43.4946 -9.88571e-20
1471 45.8706 -1.39156e-19
1470 50.2968 3.50091e-19
1469 48.0285 2.65692e-19
1468 50.8194 -2.15137e-19
1467 47.3825 8.87405e-20
1466 47.518 -2.25107e-20
1465 46.7427 6.59862e-21
1464 53.0453 -1.37808e-19
1463 52.3954 3.09248e-19
1462 44.3561 -1.32039e-19
1461 51.4885 -4.19327e-20
1460 50.9431 -4.42687e-20
1459 54.7652 1.85239e-20
1458 52.637 2.65008e-20
1457 49.0451 -1.1744e-20
1456 55.108 -1.58689e-19
1455 51.3058 2.37701e-19
1454 51.1186 -2.52016e-19
1453 52.4562 -7.00779e-20
1452 45.876 1.5268e-19
1451 49.3068 -1.10882e-19
1450 47.8345 -1.31038e-19
1449 58.0708 1.62462e-20
1448 49.1732 -1.57937e-19
1447 55.2317 3.14664e-20
1446 41.639 -4.71221e-22
1445 55.428 -8.08512e-20
1444 56.8875 1.04408e-19
1443 46.4866 1.32023e-19
1442 52.6403 -2.3356e-20
1441 56.6521 4.35195e-20
1440 46.1978 9.34698e-21
1439 53.2613 6.97418e-21
1438 50.006 -1.61779e-19
1437 45.6765 -2.28299e-19
1436 49.8041 -1.7625e-19
1435 49.9703 7.38641e-20
1434 49.6277 3.11793e-20
1433 50.7968 2.37921e-19
1432 47.1593 -5.93547e-20
1431 60.4857 3.10543e-20
1430 49.3198 1.88644e-19
1429 46.3875 -1.18411e-19
1428 61.0421 -1.94988e-20
1427 46.7678 8.84284e-21
1426 48.6654 -1.12049e-19
1425 55.0127 2.30156e-20
1424 55.8104 1.16766e-19
1423 51.8134 -2.77312e-19
1422 49.9809 3.92015e-21
1421 42.8804 2.79941e-19
1420 57.3362 -2.87429e-19
1419 52.8092 -2.62981e-19
1418 55.8359 -1.64527e-19
1417 49.8087 1.22346e-19
1416 56.4631 -9.95406e-20
1415 58.1784 -1.34181e-20
1414 59.4385 3.35304e-20
1413 57.038 -2.38096e-19
1412 53.6675 1.06549e-19
1411 49.8958 -8.51433e-20
1410 54.6287 3.53909e-21
1409 58.5361 -2.30314e-19
1408 51.2999 1.27231e-19
1407 44.9517 -3.40256e-20
1406 52.977 5.64265e-20
1405 62.1748 3.46816e-19
1404 56.2361 -1.60534e-19
1403 54.482 1.5276e-19
1402 56.3257 8.35999e-20
1401 56.1389 -4.94956e-20
1400 51.6616 -2.03772e-19
1399 51.3663 2.01439e-19
1398 60.7555 -5.20531e-21
1397 51.8367 2.23486e-19
1396 53.4488 1.09297e-19
1395 51.2025 1.06519e-20
1394 47.7044 1.95375e-20
1393 60.3968 -1.35834e-19
1392 59.7592 8.55845e-20
1391 50.6737 1.98067e-20
1390 52.4156 -1.20466e-19
1389 52.7652 -2.24229e-19
1388 51.8505 -5.18452e-20
1387 59.1835 -2.06874e-20
1386 49.3135 -5.06239e-20
1385 61.5372 1.33692e-21
1384 52.5197 -1.32724e-19
1383 55.4527 -8.88782e-20
1382 62.5287 -8.0544e-20
1381 49.2723 -7.92759e-20
1380 58.783 -2.28795e-19
1379 54.679 -1.30252e-19
1378 51.0647 1.44113e-20
1377 57.8742 5.19165e-20
1376 62.0886 4.609e-21
1375 58.8176 6.19335e-20
1374 55.548 -4.03719e-20
1373 62.68 -4.51594e-20
1372 62.2517 -1.1373e-19
1371 48.5195 -1.35365e-19
1370 55.1298 -5.95993e-20
1369 57.2144 1.21996e-19
1368 60.3647 -1.4806e-19
1367 55.5135 7.41805e-20
1366 55.6275 -6.76898e-20
1365 56.9865 -5.57589e-20
1364 55.5451 -8.24867e-20
1363 56.7224 1.00864e-19
1362 52.4804 -1.78187e-19
1361 55.3853 -2.12234e-19
1360 56.6009 5.8844e-20
1359 67.5103 -2.53128e-20
1358 55.3708 -2.36968e-19
1357 66.2533 4.06525e-20
1356 58.2043 -6.97037e-20
1355 59.1892 -1.01434e-19
1354 58.4037 4.76673e-20
1353 50.2032 9.38443e-20
1352 62.4866 -2.12765e-19
1351 55.8832 -1.67064e-19
1350 56.4289 -5.69635e-20
1349 54.3393 3.20476e-19
1348 70.8108 8.50617e-20
1347 60.476 4.355e-20
1346 58.526 4.09494e-20
1345 62.888 1.93243e-19
1344 56.0983 -6.91037e-20
1343 65.6794 2.89315e-19
1342 60.8493 -1.95107e-19
1341 57.6795 -9.50019e-20
1340 54.2459 -1.25526e-19
1339 57.332 -9.59582e-20
1338 61.5246 -5.20431e-20
1337 53.8129 1.75858e-19
1336 50.6495 -7.58216e-20
1335 57.6623 -1.95329e-19
1334 61.2559 8.70433e-20
1333 62.4915 1.57673e-19
1332 55.4769 7.03577e-20
1331 61.0314 -1.31427e-19
1330 61.1052 -1.30943e-20
1329 56.0147 6.87705e-20
1328 64.9068 1.68396e-19
1327 54.7564 -1.7076e-19
1326 58.1253 -1.24313e-19
1325 67.5055 -9.28566e-20
1324 58.2518 -2.38271e-21
1323 59.3286 -4.20936e-20
1322 60.7075 1.3274e-19
1321 58.7142 -4.37007e-20
1320 58.0739 -8.42015e-20
1319 69.1433 9.07746e-21
1318 58.6067 -7.28473e-20
1317 65.4637 6.39667e-20
1316 59.9804 -7.67369e-20
1315 67.4179 3.53063e-20
1314 60.3522 1.21031e-19
1313 75.0236 5.40356e-19
1312 57.9503 -2.28625e-19
1311 68.1469 4.49673e-20
1310 73.9238 -8.4127e-20
1309 60.0693 4.8737e-19
1308 52.4792 1.36186e-19
1307 58.7517 -9.59234e-20
1306 68.3168 1.11398e-19
1305 67.4502 2.28037e-20
1304 64.5223 2.19983e-20
1303 55.6387 9.83935e-20
1302 61.5355 -4.5313e-20
1301 62.0776 -2.39331e-19
1300 70.4027 6.97615e-21
1299 54.1408 1.16547e-19
1298 73.2087 1.05034e-19
1297 72.6708 1.38545e-19
1296 66.0669 1.70746e-19
1295 58.8709 1.20902e-20
1294 55.651 -6.98934e-20
1293 62.0877 -8.97091e-20
1292 67.9485 -1.67799e-19
1291 68.2665 6.74749e-20
1290 53.8665 -2.62759e-20
1289 56.4633 9.93996e-20
1288 63.6407 -2.50675e-20
1287 68.9002 6.18077e-20
1286 58.2487 1.19521e-19
1285 61.5991 1.71465e-19
1284 68.7517 1.88033e-19
1283 78.5839 1.80526e-19
1282 59.204 1.36485e-19
1281 63.3836 -3.95803e-20
1280 67.3206 -2.18027e-20
1279 62.1797 1.18749e-19
1278 60.4356 1.76288e-19
1277 61.3538 1.24134e-19
1276 69.4945 -1.12358e-19
1275 60.9706 3.91734e-20
1274 63.0763 2.44551e-19
1273 59.5901 5.756e-20
1272 63.1015 4.46324e-20
1271 69.7262 -1.22094e-19
1270 67.528 -1.2893e-19
1269 66.6949 2.49241e-19
1268 65.7991 1.92477e-20
1267 66.6915 1.64367e-19
1266 67.2206 -2.5933e-19
1265 72.8893 -3.93364e-20
1264 58.8393 9.64411e-20
1263 60.3981 -1.22703e-19
1262 76.3104 1.9026e-19
1261 68.9679 1.31791e-19
1260 67.2322 -1.05091e-19
1259 62.3458 -3.31774e-19
1258 64.9781 6.04138e-20
1257 62.5834 -1.18745e-19
1256 66.2193 -3.63251e-19
1255 66.3888 -2.76512e-19
1254 67.6233 1.91149e-19
1253 66.1133 2.44651e-19
1252 70.6854 -3.82987e-20
1251 71.6267 4.99863e-20
1250 63.9507 6.64219e-21
1249 64.2688 1.13181e-20
1248 71.5542 -2.05061e-19
1247 70.5596 2.33349e-19
1246 75.3769 -2.17816e-19
1245 70.3417 -1.34909e-20
1244 68.7295 1.61819e-19
1243 68.662 -1.28363e-19
1242 69.8031 -2.58109e-20
1241 63.605 -2.48834e-20
1240 68.6434 1.03085e-19
1239 65.9603 2.4834e-20
1238 73.1822 -2.08368e-20
1237 66.7945 -5.61002e-20
1236 76.0181 1.85793e-20
1235 62.7756 8.37042e-20
1234 76.0067 -8.76556e-20
1233 68.0786 4.33093e-20
1232 76.3016 -6.55496e-20
1231 71.4083 5.96205e-20
1230 67.0613 -1.36589e-19
1229 66.8727 1.66297e-19
1228 62.7582 -1.52418e-19
1227 72.9563 -1.90373e-19
1226 78.4278 1.48372e-19
1225 68.1647 3.51252e-20
1224 85.2325 -8.20841e-20
1223 78.3157 -2.3733e-20
1222 71.1503 -8.87292e-20
1221 70.3775 -6.99859e-20
1220 66.2831 -1.05258e-19
1219 71.8187 1.64039e-19
1218 78.0375 3.07097e-19
1217 71.5758 5.56691e-20
1216 75.315 2.77699e-19
1215 63.6255 2.81314e-20
1214 74.1077 -2.25281e-20
1213 77.1756 -1.78993e-19
1212 74.0565 2.83549e-19
1211 80.3283 8.49844e-20
1210 70.2976 -6.52891e-20
1209 69.1617 -2.86959e-19
1208 72.7299 8.1715e-20
1207 75.6974 -3.19635e-20
1206 78.173 -1.78485e-20
1205 69.8953 -8.49715e-20
1204 78.3647 7.43558e-20
1203 80.2919 -2.21639e-19
1202 78.7822 -8.16993e-20
1201 79.6804 -1.45264e-20
1200 80.8857 2.38046e-19
1199 64.3317 7.03633e-20
1198 71.4834 1.07951e-19
1197 71.6433 6.15928e-20
1196 85.7947 1.85683e-20
1195 82.3183 1.43324e-19
1194 72.5573 -1.71594e-19
1193 74.0421 -8.22542e-20
1192 66.8833 6.91791e-20
1191 75.6593 2.52251e-19
1190 73.5593 4.6693e-20
1189 76.4731 1.74302e-20
1188 79.5588 -1.1148e-19
1187 86.9433 6.18839e-21
1186 73.2415 2.33916e-19
1185 79.6738 8.91196e-21
1184 84.4144 -1.69966e-19
1183 77.8725 5.81473e-20
1182 82.4706 -2.24816e-19
1181 84.1065 -1.71192e-19
1180 69.3711 1.49393e-19
1179 71.8429 -1.95028e-20
1178 68.7571 5.2255e-20
1177 71.9329 1.58441e-20
1176 73.647 -1.17211e-19
1175 73.274 -2.35668e-19
1174 80.1496 5.70529e-20
1173 72.201 1.62486e-19
1172 91.2904 1.43014e-19
1171 86.4517 -5.17891e-20
1170 74.3216 2.16851e-20
1169 77.7262 -1.24125e-19
1168 82.4481 4.55994e-20
1167 78.3858 3.36217e-19
1166 77.0806 -4.9457e-20
1165 90.8432 -1.06685e-19
1164 78.1642 1.27654e-19
1163 81.7576 -8.37254e-20
1162 73.9665 3.47925e-20
1161 69.9482 -3.13368e-19
1160 72.068 -2.74872e-19
1159 73.5472 -7.36361e-20
1158 74.4766 5.43524e-20
1157 74.1546 1.23626e-19
1156 85.1009 5.34511e-21
1155 94.698 1.23712e-21
1154 74.1821 1.27818e-19
1153 75.1557 -9.84118e-20
1152 70.643 1.39627e-20
1151 76.0785 -3.23188e-20
1150 72.9229 7.06504e-21
1149 83.3031 3.20483e-20
1148 83.8983 -1.01969e-19
1147 82.4726 -1.55607e-19
1146 82.2813 2.53062e-19
1145 91.3423 -2.47021e-19
1144 90.7902 4.33114e-20
1143 79.8191 -1.99281e-19
1142 80.3838 -1.56377e-19
1141 78.2894 1.72071e-19
1140 84.4805 9.4492e-20
1139 88.3675 3.18329e-20
1138 84.2413 -4.18921e-20
1137 82.3948 -2.17848e-19
1136 78.7561 -5.02476e-20
1135 89.6376 2.28174e-19
1134 98.6575 6.40004e-20
1133 81.6582 1.46493e-20
1132 87.2703 8.90061e-20
1131 79.7408 8.07439e-20
1130 86.4054 -3.65621e-20
1129 84.1178 -9.34859e-20
1128 73.2768 1.02613e-19
1127 80.6379 -3.71116e-20
1126 89.4848 1.04882e-19
1125 74.6688 -6.78565e-20
1124 91.8391 2.60652e-19
1123 81.4523 -7.64875e-20
1122 92.7902 -3.7275e-19
1121 87.8193 2.58472e-19
1120 87.6637 1.60517e-19
1119 90.6088 -2.72721e-20
1118 91.3697 -7.86798e-20
1117 78.5843 -9.79182e-20
1116 72.8251 1.7943e-19
1115 85.7379 9.04661e-20
1114 88.9582 -1.52978e-19
1113 93.662 9.26543e-21
1112 86.3659 -3.28387e-20
1111 84.849 -1.85477e-19
1110 87.6986 1.79017e-19
1109 82.6791 -3.22909e-19
1108 76.8776 7.97752e-20
1107 78.2006 -1.01846e-19
1106 75.9641 3.7013e-20
1105 89.5047 8.38761e-20
1104 86.109 -6.5099e-20
1103 95.5339 -4.55967e-20
1102 112.412 1.3134e-19
1101 88.0298 -3.19598e-19
1100 99.1795 -1.02764e-19
1099 82.1963 -3.55616e-20
1098 76.8039 -2.73192e-20
1097 93.3338 1.60527e-19
1096 81.5052 7.33942e-20
1095 86.8378 -1.47603e-19
1094 103.962 1.327e-19
1093 93.4268 -2.35449e-19
1092 98.0354 9.46737e-20
1091 88.9063 -3.44236e-20
1090 83.2163 5.4851e-20
1089 91.514 -1.59444e-19
1088 84.8596 -2.21107e-19
1087 94.7536 -1.24836e-19
1086 90.775 1.59149e-19
1085 88.1018 1.45374e-19
1084 97.0948 1.98469e-19
1083 82.3877 1.04978e-19
1082 94.0027 -5.60626e-20
1081 94.101 -1.5367e-20
1080 96.332 -2.10065e-19
1079 94.8254 -9.20347e-20
1078 94.8162 1.00363e-19
1077 82.3803 3.3069e-19
1076 89.0338 -2.10545e-20
1075 86.5103 -1.59119e-20
1074 109.375 -2.02514e-19
1073 86.1216 2.34044e-19
1072 88.3472 -8.34098e-20
1071 96.927 8.83039e-20
1070 100.514 -5.32679e-20
1069 96.5852 -1.02666e-19
1068 99.4762 -5.91668e-20
1067 107.534 -3.5738e-20
1066 97.1171 -6.91704e-20
1065 108.722 -6.25983e-20
1064 89.6358 -1.12593e-19
1063 113.111 3.0634e-20
1062 96.4071 -2.55795e-19
1061 89.2185 2.26902e-19
1060 99.3081 2.56737e-19
1059 117.243 -1.26146e-19
1058 108.81 -1.19115e-19
1057 97.0659 5.70346e-20
1056 109.307 -1.89093e-19
1055 94.8486 1.58258e-19
1054 114.229 1.41898e-19
1053 100.954 1.27821e-20
1052 98.9414 6.68088e-20
1051 101.156 8.5679e-20
1050 102.711 2.78562e-20
1049 102.658 -4.6465e-20
1048 97.1131 1.8365e-19
1047 89.7596 3.03618e-20
1046 99.5322 -1.17453e-19
1045 93.4256 1.0305e-19
1044 90.7899 6.70035e-21
1043 93.4813 -3.6379e-21
1042 102.175 1.04816e-19
1041 98.1977 -2.10953e-19
1040 86.6194 5.16106e-20
1039 91.1689 1.0345e-19
1038 107.315 -2.29345e-19
1037 101.769 4.27824e-20
1036 103.988 2.12138e-19
1035 85.0486 -2.96251e-20
1034 102.444 -1.4396e-19
1033 102.699 4.2414e-20
1032 98.9414 -8.00736e-20
1031 94.2833 -1.01132e-19
1030 94.8645 -2.00895e-19
1029 115.797 -8.74244e-20
1028 107.27 2.59756e-20
1027 94.0162 4.60513e-20
1026 88.5292 2.55505e-19
1025 105.088 -9.29517e-20
1024 94.7573 -6.41657e-20
1023 104.598 -1.23462e-19
1022 99.894 -1.54907e-19
1021 100.073 2.47142e-19
1020 97.9011 5.1587e-20
1019 112.458 -1.42499e-19
1018 108.671 2.54044e-19
1017 95.3297 -1.31638e-19
1016 100.73 2.84077e-19
1015 98.4106 1.64657e-19
1014 102.253 -2.052e-20
1013 99.208 9.30343e-20
1012 96.0892 -1.55985e-19
1011 98.3287 7.66925e-20
1010 112.749 -2.87083e-19
1009 103.006 3.31743e-20
1008 125.791 7.75238e-20
1007 108.51 9.8952e-20
1006 106.757 -2.47834e-20
1005 104.63 3.78229e-20
1004 103.902 -1.81225e-19
1003 115.202 5.66545e-20
1002 104.543 -3.2886e-20
1001 103.633 7.98242e-21
1000 107.584 1.78209e-19
999 116.317 -1.06281e-19
998 116.348 6.04638e-21
997 96.9614 -5.99762e-20
996 124.708 2.8706e-19
995 92.7225 -4.42516e-20
994 116.614 3.275e-21
993 99.1899 -2.63221e-19
992 100.403 2.19833e-19
991 102.198 3.95027e-21
990 96.7458 -7.33652e-20
989 116.641 2.69891e-20
988 101.329 3.80878e-20
987 121.971 -7.03132e-20
986 106.581 -6.15383e-20
985 125.156 2.91261e-20
984 111.244 -8.6783e-20
983 106.128 -1.01133e-19
982 107.805 -8.53595e-20
981 105.529 4.20554e-20
980 105.526 -2.51409e-19
979 95.6876 1.46162e-19
978 117.311 -8.20873e-20
977 110.935 4.75059e-20
976 102.288 -3.50523e-20
975 126.329 1.35511e-19
974 110.807 2.54729e-19
973 103.528 -3.75886e-20
972 112.77 -3.35916e-19
971 117.446 1.323e-19
970 116.764 2.60199e-19
969 117.49 4.55365e-20
968 140.03 -4.30996e-20
967 118.433 -1.59157e-19
966 116.477 3.58622e-19
965 112.288 -3.47085e-20
964 116.066 -2.5704e-19
963 114.707 1.32248e-19
962 117.534 -3.75745e-20
961 106.632 1.05605e-20
960 108.222 8.69919e-21
959 123.869 -3.99268e-20
958 128.805 5.69765e-20
957 121.664 -2.72648e-20
956 119.598 1.65346e-19
955 110.106 1.70113e-19
954 109.515 -6.8367e-21
953 143.641 1.46191e-20
952 126.659 1.60074e-19
951 121.561 6.2392e-20
950 130.407 1.23015e-19
949 122.693 1.49046e-19
948 126.2 -1.66283e-20
947 136.609 1.26051e-20
946 124.24 -1.27579e-19
945 121.072 9.6624e-20
944 123.306 -1.23521e-20
943 115.652 -5.61221e-21
942 117.505 -2.18413e-19
941 116.969 1.01869e-20
940 117.063 2.49507e-19
939 111.731 -1.83528e-19
938 95.8084 -1.50921e-19
937 102.85 1.14556e-19
936 125.068 -3.61199e-20
935 121.511 6.40002e-21
934 124.028 -3.33792e-19
933 127.39 -1.32125e-19
932 130.021 2.70732e-21
931 118.922 -7.04423e-20
930 121.257 1.35999e-20
929 127.331 -1.44008e-19
928 107.139 -1.24864e-19
927 119.662 2.31194e-19
926 120.532 7.39212e-20
925 130.774 -2.34712e-19
924 131.624 1.69603e-19
923 114.772 -1.00145e-19
922 126.643 6.94619e-20
921 120.545 4.02023e-20
920 135.258 -2.33299e-19
919 124.621 -6.47467e-20
918 129.794 1.65696e-19
917 118.823 -1.591e-19
916 141.138 9.18927e-20
915 130.468 -1.21517e-19
914 151.536 -1.27818e-19
913 146.551 -7.22252e-20
912 119.358 -8.11307e-20
911 126.417 -7.36162e-20
910 139.388 -2.60014e-19
909 130.781 -2.06173e-22
908 151.135 -1.53961e-20
907 126.499 7.32784e-20
906 137.367 -8.29393e-20
905 131.651 4.74709e-20
904 124.196 6.9945e-20
903 128.472 -9.79659e-20
902 132 -2.66713e-20
901 130.617 9.02394e-21
900 134.804 -2.2483e-19
899 140.109 1.02149e-19
898 144.282 -1.98875e-19
897 137.191 -8.76701e-20
896 124.821 2.01079e-19
895 136.22 1.46354e-20
894 130.604 6.75408e-20
893 132.497 -4.16171e-20
892 130.721 -7.96807e-20
891 128.272 -3.00354e-20
890 130.974 -1.02546e-19
889 130.651 -4.36444e-20
888 149.84 1.60546e-19
887 144.916 -1.19204e-19
886 129.617 -1.29967e-19
885 146.142 -1.29294e-19
884 133.759 1.29832e-19
883 131.891 2.34157e-19
882 144.936 4.44692e-20
881 137.229 -6.883e-20
880 121.059 7.57247e-20
879 139.262 2.2089e-19
878 128.508 -1.57697e-19
877 151.533 1.35052e-19
876 147.351 -9.50662e-20
875 163.573 -2.34663e-20
874 170.353 -4.13463e-19
873 134.711 1.92326e-20
872 157.164 1.04094e-19
871 159.436 -6.86283e-20
870 150.146 -1.19394e-19
869 148.538 -2.07287e-19
868 160.08 7.39216e-20
867 132.589 1.27789e-19
866 158.525 -3.96488e-20
865 143.529 2.72532e-19
864 180.248 9.37378e-20
863 150.578 -2.36636e-19
862 142.168 3.03872e-20
861 140.843 1.01359e-19
860 142.925 8.89727e-20
859 153.018 1.15915e-19
858 138.461 -5.83503e-20
857 150.024 -5.31948e-20
856 148.875 7.75623e-20
855 137.116 -1.4373e-19
854 151.193 1.12298e-19
853 135.782 8.91452e-20
852 177.283 7.11299e-20
851 136.264 3.44464e-20
850 148.099 -9.00068e-20
849 143.342 4.70793e-20
848 156.65 -6.1559e-20
847 145.794 -9.93362e-20
846 148.539 -2.21466e-19
845 144.34 -1.3312e-19
844 157.792 1.21489e-19
843 135.235 2.51578e-20
842 164.435 -2.15724e-19
841 162.556 3.5943e-19
840 170.106 -5.56104e-20
839 122.745 4.01352e-20
838 151.641 4.2177e-20
837 152.299 1.92135e-19
836 158.46 1.88838e-20
835 157.083 -2.15163e-19
834 161.977 8.06862e-20
833 157.363 4.03198e-20
832 157.876 -1.51667e-19
831 165.055 1.20464e-19
830 160.398 -7.37343e-20
829 169.253 7.81408e-20
828 141.948 2.0413e-19
827 175.695 -1.21311e-20
826 192.003 -7.89448e-20
825 161.723 6.40181e-21
824 142.195 -7.71123e-20
823 179.334 -2.41434e-19
822 166.209 1.06886e-19
821 174.121 -5.26051e-20
820 172.227 1.62711e-19
819 146.535 3.08555e-21
818 190.565 -2.30974e-19
817 169.51 -2.28767e-19
816 158.868 1.25743e-19
815 190.861 1.10891e-19
814 167.481 3.19704e-20
813 171.222 -1.46065e-20
812 161.709 5.39319e-20
811 166.861 1.37544e-19
810 145.069 -1.71851e-19
809 158.295 -1.68956e-19
808 185.36 2.12111e-19
807 186.644 5.74003e-20
806 164.876 -1.10284e-19
805 164.962 -2.37316e-21
804 189.141 2.24947e-19
803 163.465 1.91026e-19
802 160.462 -5.54201e-20
801 163.096 9.11597e-20
800 161.594 -4.69417e-20
799 167.99 1.13979e-19
798 172.179 -8.1035e-20
797 172.236 -1.91932e-19
796 174.107 3.49259e-20
795 188.934 3.62619e-20
794 173.029 -8.97831e-20
793 163.759 -2.24032e-19
792 169.43 1.71798e-19
791 164.792 1.75921e-19
790 158.473 -1.24316e-19
789 170.173 -9.83939e-20
788 180.223 -9.0579e-20
787 180.093 -2.38669e-19
786 185.792 -2.19663e-20
785 190.42 8.94036e-20
784 180.3 6.94234e-20
783 193.012 -1.04134e-19
782 189.902 -3.34337e-20
781 177.83 -1.87223e-20
780 187.013 -2.16699e-20
779 185.368 4.83552e-21
778 179.166 4.36732e-20
777 191.57 1.2508e-19
776 214.045 -1.57185e-19
775 173.783 -2.19141e-19
774 171.653 1.85676e-19
773 175.92 8.20469e-20
772 190.215 1.09267e-20
771 191.024 -4.51327e-20
770 158.963 -5.84968e-20
769 210.188 2.18332e-19
768 170.155 1.72464e-19
767 175.506 9.51505e-20
766 175.972 -1.00226e-19
765 185.034 -1.57503e-19
764 196.561 -8.87743e-20
763 205.806 -4.5119e-20
762 175.514 -4.13573e-20
761 182.087 -1.51781e-19
760 184.874 -5.4772e-20
759 203.838 3.38827e-19
758 173.764 -1.0604e-19
757 259.378 -8.0701e-20
756 192.451 5.17577e-20
755 205.972 -3.27843e-20
754 210.026 -4.86613e-20
753 173.627 4.20454e-20
752 169.158 1.06069e-19
751 199.483 1.68794e-19
750 202.783 2.41386e-20
749 185.459 1.29869e-20
748 207.607 9.34048e-20
747 209.574 -1.545e-20
746 196.452 1.09167e-19
745 202.159 1.73263e-19
744 196.459 -3.23064e-19
743 189.017 2.45495e-19
742 208.575 5.5562e-20
741 179.924 -6.77065e-20
740 195.905 2.58575e-19
739 237.421 -3.04913e-20
738 186.062 -2.24887e-20
737 231.395 9.05964e-20
736 206.574 -1.59155e-20
735 223.149 -6.36736e-21
734 204.664 -1.08834e-19
733 196.857 6.76474e-22
732 207.585 1.82396e-19
731 195.752 -3.18252e-19
730 210.423 1.53723e-19
729 206.743 -1.714e-19
728 205.881 -1.09627e-19
727 253.086 -1.02408e-19
726 242.931 -1.1192e-19
725 223.206 9.84081e-20
724 198.586 -1.32263e-19
723 214.748 1.45795e-19
722 215.415 -1.05714e-19
721 238.632 2.82597e-20
720 238.032 1.12692e-19
719 195.953 6.78302e-22
718 220.744 2.38212e-20
717 233.274 -5.40936e-21
716 200.062 1.36501e-19
715 219.666 1.64773e-19
714 219.617 -3.33077e-19
713 232.164 -1.15011e-19
712 210.294 -7.94697e-21
711 254.287 -3.10836e-21
710 211.553 -1.23504e-20
709 207.712 -2.38693e-20
708 195.983 -3.52138e-19
707 217.002 -2.72777e-19
706 223.793 2.20895e-20
705 243.382 8.84175e-20
704 233.866 -7.44356e-20
703 236.195 1.18995e-19
702 221.678 -2.96202e-20
701 236.907 -1.99253e-19
700 237.572 2.16288e-20
699 249.7 -5.35349e-22
698 221.737 -1.2721e-19
697 244.489 -2.29669e-20
696 235.539 -1.56075e-19
695 226.581 -1.48432e-19
694 223.372 -2.5546e-21
693 234.01 1.0808e-19
692 197.352 3.92381e-20
691 207.31 2.71813e-19
690 246.042 -6.66055e-20
689 211.533 2.54138e-19
688 244.285 -3.02184e-20
687 253.264 -5.96046e-21
686 221.313 3.85236e-20
685 248.422 -3.20758e-19
684 274.742 -2.65676e-19
683 227.164 -5.58558e-20
682 250.151 -1.08614e-19
681 280.354 1.93899e-20
680 268.864 4.24322e-19
679 256.591 1.18984e-19
678 246.244 -8.96372e-21
677 224.574 -5.79644e-21
676 278.178 -2.6837e-19
675 249.842 1.84845e-19
674 264.364 -1.14787e-19
673 226.274 1.09052e-19
672 220.838 -8.23063e-20
671 274.962 1.59966e-19
670 247.873 3.31807e-19
669 281.642 9.5029e-20
668 245.354 -6.19712e-20
667 242.023 -7.47857e-20
666 254.56 1.34145e-19
665 238.208 3.44902e-20
664 225.401 -1.22738e-19
663 227.719 -6.24221e-20
662 276.161 -3.63141e-20
661 282.858 -2.76902e-19
660 240.353 1.41643e-19
659 243.442 -4.74481e-21
658 271.383 -1.05627e-19
657 259.8 1.42737e-19
656 265.581 -1.07932e-19
655 255.934 6.18142e-21
654 279.821 -2.35289e-20
653 260.659 -1.6396e-19
652 290.705 1.4386e-19
651 257.401 -2.85329e-19
650 292.543 1.32054e-19
649 260.845 -9.71881e-20
648 310.567 6.21465e-20
647 289.486 2.19619e-20
646 261.074 -6.53605e-20
645 259.299 -1.05757e-19
644 264.07 -7.59995e-20
643 267.914 -8.12052e-20
642 272.845 -1.41591e-19
641 266.075 1.54801e-19
640 323.467 -1.07607e-19
639 258.749 -2.69061e-19
638 279.754 2.23664e-20
637 265.176 2.86904e-19
636 254.279 2.61667e-20
635 299.238 -3.92363e-20
634 277.386 -7.23786e-20
633 246.615 -1.63596e-19
632 265.414 7.98155e-21
631 284.745 2.67999e-19
630 271.443 1.24603e-19
629 241.486 -2.68383e-19
628 319.101 -5.20866e-20
627 315.707 -1.34192e-19
626 334.617 -2.86106e-19
625 254.158 9.77596e-20
624 301.36 3.66439e-19
623 299.913 1.86246e-19
622 251.973 7.87245e-20
621 305.38 3.38709e-20
620 305.635 2.21795e-19
619 320.073 6.66582e-21
618 266.806 -3.1502e-19
617 302.448 -4.0118e-20
616 311.394 -4.36419e-20
615 299.797 -1.56118e-20
614 288.501 7.61122e-20
613 295.649 1.4623e-20
612 271.413 -5.50779e-20
611 248.776 5.23934e-21
610 265.48 -2.58383e-19
609 297.474 3.19145e-20
608 275.408 -6.40885e-20
607 329.041 6.14808e-20
606 301.083 -1.55906e-19
605 288.899 3.08e-19
604 300.167 3.28625e-19
603 357.264 4.81059e-20
602 269.754 -6.63684e-20
601 320.47 1.11888e-19
600 302.945 -1.51974e-19
599 298.5 -7.53918e-20
598 289.834 4.16586e-20
597 300.792 2.42378e-19
596 277.933 -3.31956e-21
595 256.645 3.18632e-19
594 290.036 8.68816e-20
593 345.337 1.37139e-19
592 327.606 -7.17053e-20
591 337.037 -1.32359e-19
590 329.582 1.00749e-19
589 359.606 7.9525e-20
588 308.103 2.28418e-19
587 311.793 -1.76507e-19
586 312.504 -8.063e-21
585 334.357 9.05707e-22
584 358.378 -1.04513e-19
583 285.298 -7.56255e-20
582 332.323 6.56643e-21
581 357.159 1.49598e-20
580 324.924 -1.30037e-19
579 274.898 -8.68946e-20
578 311.181 4.00996e-20
577 322.868 4.51052e-20
576 368.996 -1.54806e-19
575 380.953 -9.49489e-20
574 317.353 1.68051e-19
573 356.494 -5.92975e-22
572 356.983 1.08671e-19
571 357.968 -1.34247e-19
570 325.627 8.79158e-20
569 356.574 2.06088e-19
568 372.165 -3.98316e-19
567 319.295 2.69173e-19
566 408.651 -1.03324e-19
565 335.767 -9.84937e-20
564 430.572 -1.58846e-19
563 324.366 -8.22136e-20
562 367.119 1.06632e-19
561 313.962 -4.13862e-20
560 367.808 3.63272e-20
559 385.427 -9.80281e-20
558 360.928 2.49344e-20
557 359.928 -1.40455e-19
556 329.683 -2.24483e-20
555 345.742 1.63254e-19
554 450.867 -2.61114e-19
553 351.811 -2.33338e-19
552 362.282 -1.87254e-19
551 362.336 -2.04539e-19
550 366.204 3.47605e-20
549 381.814 -2.2093e-20
548 411.688 2.90935e-22
547 412.664 -2.98289e-19
546 435.052 3.66341e-19
545 333.536 1.52735e-19
544 486.261 -7.92578e-20
543 348.148 -2.54681e-19
542 355.116 9.67585e-20
541 359.707 -1.31159e-19
540 418.495 -1.47997e-19
539 407.191 -1.50985e-19
538 405.809 -5.79377e-20
537 379.228 -3.22177e-19
536 435.522 -3.83539e-21
535 345.321 9.90044e-20
534 403.504 -1.10832e-19
533 391.477 -1.38279e-19
532 397.834 1.39516e-19
531 424.445 -5.91778e-20
530 381.812 2.00591e-19
529 350.69 -2.02914e-19
528 436.289 -9.58043e-20
527 514.479 -1.51007e-19
526 538.712 8.74674e-20
525 470.608 2.71106e-20
524 439.634 -2.0086e-19
523 449.709 1.0036e-19
522 329.656 5.64714e-20
521 430.297 -6.3817e-20
520 439.662 -2.35226e-19
519 470.466 -1.45756e-19
518 420.528 -9.02857e-20
517 389.667 -5.77035e-20
516 479.52 -3.56595e-19
515 411.138 6.51366e-20
514 433.716 -1.93711e-19
513 420.072 -3.61136e-20
512 443.064 -2.05341e-19
511 436.194 -1.05005e-19
510 382.201 -1.16331e-20
509 475.455 2.18176e-19
508 449.873 1.16992e-20
507 353.698 -3.60741e-20
506 395.958 1.52598e-19
505 467.08 -4.95703e-20
504 387.123 5.19148e-20
503 485.368 1.04044e-19
502 433.405 -2.71729e-19
501 470.407 -2.60016e-19
500 550.225 -2.17853e-20
499 543.386 -2.41202e-19
498 441.386 -1.3269e-19
497 524.109 -9.10752e-20
496 526.899 -1.23721e-19
495 380.072 -1.96906e-19
494 471.507 4.40601e-20
493 476.156 -1.00309e-19
492 462.363 8.01492e-20
491 411.279 4.56948e-20
490 477.129 1.46645e-19
489 481.413 -3.38362e-20
488 487.957 5.09365e-20
487 491.304 2.07291e-19
486 465.017 3.77789e-20
485 426.97 1.27514e-19
484 455.536 -8.233e-20
483 467.821 -1.8787e-19
482 453.267 -3.1745e-19
481 479.223 1.40316e-19
480 685.066 -9.31789e-20
479 476.23 -2.18145e-20
478 509.217 -4.285e-21
477 487.395 -9.45202e-20
476 475.817 2.15281e-19
475 597.646 -6.21136e-22
474 617.579 -1.75759e-19
473 517.637 5.10901e-19
472 496.445 1.90146e-19
471 558.252 1.80163e-19
470 657.828 4.69589e-19
469 530.226 4.45943e-20
468 564.131 1.3639e-19
467 582.917 -9.27453e-20
466 501.861 5.96429e-20
465 535.067 1.4073e-19
464 543.869 -5.37577e-20
463 641.07 -9.18882e-20
462 590.992 6.74677e-20
461 497.361 1.22681e-20
460 487.576 1.57741e-19
459 509.147 -1.78522e-19
458 512.703 -5.64042e-20
457 540.062 1.42172e-19
456 545.851 -1.19723e-19
455 591.157 -1.79559e-19
454 645.484 1.36161e-19
453 534.875 -1.78347e-20
452 600.868 -2.52339e-19
451 594.813 -6.94255e-20
450 640.103 -1.57632e-19
449 518.037 -5.80997e-20
448 551.709 -7.85771e-20
447 697.433 -2.67422e-19
446 679.646 5.89216e-21
445 478.128 -1.10975e-20
444 673.648 -1.44905e-19
443 535.074 2.54617e-19
442 581.563 -2.74187e-19
441 695.369 -1.30984e-19
440 595.566 -1.57309e-19
439 565.086 -2.93269e-20
438 593.703 -2.44525e-19
437 631.552 -6.74879e-20
436 677.969 -1.41942e-20
435 666.339 -4.63259e-21
434 643.928 1.39177e-19
433 677.542 -3.12718e-19
432 667.833 7.37437e-20
431 602.845 1.1491e-19
430 583.746 9.82761e-20
429 730.656 -3.25559e-20
428 630.466 -3.20272e-20
427 835.695 -1.70834e-19
426 712.78 9.06941e-20
425 809.947 1.02665e-19
424 635.878 1.1285e-19
423 666.367 -1.52378e-19
422 592.462 1.96451e-19
421 636.213 2.63087e-20
420 776.258 2.39938e-19
419 652.584 -7.12404e-20
418 759.902 1.37928e-19
417 644.89 6.09779e-20
416 675.661 1.38329e-19
415 817.677 -1.04995e-19
414 740.778 -3.86908e-19
413 794.607 -4.21731e-20
412 808.659 -1.51812e-19
411 763.077 -1.99735e-19
410 746.911 1.27161e-19
409 701.18 6.09028e-20
408 648.539 -1.23118e-19
407 607.514 8.81468e-20
406 782.192 -8.08438e-20
405 712.778 -1.53718e-19
404 645.161 2.56833e-20
403 722.062 1.02386e-19
402 662.93 -7.53665e-20
401 692.57 3.05376e-19
400 705.937 2.91676e-20
399 979.996 9.63388e-21
398 779.341 2.94669e-20
397 866.548 1.26572e-19
396 919.505 -5.84682e-20
395 751.625 -7.32008e-20
394 898.969 -2.85176e-19
393 845.962 -5.86858e-20
392 783.083 3.82062e-20
391 741.701 -2.17071e-20
390 897.09 -2.61422e-19
389 869.118 -1.04065e-19
388 699.582 -1.10529e-19
387 814.482 1.10083e-19
386 794.962 7.6578e-21
385 637.128 -2.91569e-19
384 819.587 4.59674e-20
383 832.853 7.9294e-20
382 955.442 6.33896e-20
381 986.294 -1.23938e-19
380 962.764 9.4937e-20
379 911.626 -2.67842e-20
378 1164.4 6.5565e-20
377 808.284 -6.2498e-20
376 986.367 -2.49842e-19
375 847.922 1.27181e-19
374 869.134 -2.21292e-19
373 873.892 1.07647e-19
372 1098.41 -1.80604e-19
371 1026.64 -3.12426e-19
370 888.7 1.43076e-20
369 837.768 -4.10804e-20
368 947.808 -3.65443e-20
367 983.653 7.0643e-20
366 1048.96 4.07769e-19
365 981.62 9.83361e-20
364 932.162 -3.79491e-19
363 941.605 1.22963e-19
362 908.733 1.79077e-19
361 1065.52 2.9418e-19
360 930.732 -4.88806e-20
359 1102.12 -2.2949e-19
358 1184.04 2.26579e-19
357 906.828 2.56151e-19
356 1227.76 -3.00367e-20
355 1213.36 3.34269e-22
354 1161.25 4.21921e-19
353 1008.07 2.14678e-19
352 1253.43 -9.11459e-20
351 1329.03 5.51191e-20
350 1277.7 3.1997e-20
349 1194.46 -8.90265e-20
348 870.828 6.67718e-20
347 1036.78 1.59245e-20
346 1202.43 8.7585e-20
345 1111.52 -1.03391e-20
344 1202.21 -2.30651e-19
343 1463.02 1.97592e-19
342 1446.43 -6.2345e-20
341 1006.52 1.70185e-19
340 1148.65 2.06149e-19
339 1239.26 -4.87569e-20
338 1737.18 3.73564e-19
337 1246.79 1.07363e-19
336 985.923 -2.77071e-19
335 1241.98 2.11436e-20
334 1226.88 -2.94913e-19
333 1019.07 -1.07252e-19
332 1408.44 -2.026e-19
331 1098.32 -2.57547e-19
330 1320 2.70206e-19
329 1573.79 4.32224e-20
328 1246.79 -1.42078e-19
327 1116.94 -1.30138e-19
326 1297.37 -2.10781e-19
325 1362.96 -4.16313e-20
324 1459.71 -9.48651e-20
323 1307.5 -1.54596e-19
322 1888.38 5.88182e-20
321 1669.95 6.66988e-20
320 1318.29 4.59559e-20
319 1546.39 -3.06614e-19
318 1370.54 -1.01747e-19
317 1674.54 1.8866e-19
316 1482.82 -1.76753e-19
315 1716.11 -2.67236e-19
314 1371.59 -4.55981e-19
313 1312.49 -2.88197e-20
312 1682.54 -1.97315e-19
311 1530.71 -1.03347e-19
310 1690.84 7.71354e-20
309 1555.94 -2.81324e-20
308 1461.6 1.34653e-19
307 1771.03 2.23382e-19
306 1417.09 1.65268e-19
305 1851.4 -2.75013e-19
304 1838.49 1.85334e-19
303 1691.55 3.65458e-19
302 1730.06 1.25072e-19
301 1565.86 -6.81982e-20
300 1903.64 -2.66123e-19
299 1504.2 1.31925e-19
298 1129.83 -2.92598e-19
297 1371.27 -4.40693e-20
296 1815.22 -2.1158e-20
295 1553.6 -1.9721e-19
294 2117.16 -5.44999e-20
293 1763.6 4.48199e-20
292 1468.8 2.03842e-19
291 1837.67 8.16734e-20
290 1806.44 -3.80847e-20
289 1872.48 4.92646e-20
288 2403.32 4.90072e-21
287 1709.4 -1.68984e-19
286 1938.87 3.50215e-20
285 1937.44 -2.40854e-19
284 2355.74 -1.58964e-19
283 2212.65 -7.89316e-20
282 2520.88 -1.02151e-19
281 2492.39 -5.23043e-20
280 2082.75 8.05027e-20
279 2032.41 -1.61491e-19
278 1868.91 2.65817e-19
277 1774.42 -4.26126e-20
276 2170.87 -4.22423e-20
275 2396.94 7.40575e-20
274 2015.4 -1.50469e-19
273 2538.77 -4.24121e-20
272 2492.6 -5.01754e-20
271 2669.33 3.71017e-19
270 2851.06 3.36353e-19
269 2367.87 1.56889e-19
268 2267.68 1.81704e-19
267 2251.27 -1.51684e-19
266 2226.43 4.4418e-19
265 2059.67 5.18012e-20
264 3069.88 5.31482e-20
263 2440.5 3.75919e-19
262 3246.44 -1.56378e-19
261 2347.57 1.79487e-19
260 2416.31 -2.88033e-19
259 2569.05 3.78099e-20
258 2928.62 -2.24615e-19
257 3268.69 -9.79115e-20
256 2144.64 5.9067e-20
255 2544.43 -2.59579e-19
254 2812.12 -2.43936e-20
253 2661.43 -7.22478e-20
252 3090.33 -9.41005e-20
251 3722.16 -9.42853e-20
250 4030.71 -2.96196e-19
249 2646.47 2.99082e-19
248 2339.66 -2.02922e-19
247 2963.1 -6.81833e-20
246 3954.85 -7.14529e-20
245 3505.75 -3.84929e-19
244 3639.42 -2.30208e-20
243 2843.22 -4.28772e-19
242 2805.21 -2.12238e-19
241 4898.06 -4.39441e-20
240 2876.71 6.52096e-20
239 4841.97 4.99261e-21
238 4505.73 -5.14898e-19
237 4979.36 -2.32044e-19
236 3565.24 1.60412e-19
235 6156.03 4.09207e-20
234 4000.38 -6.21563e-19
233 6000.75 -4.06623e-19
232 6211.66 1.41151e-19
231 5714.7 2.01421e-19
230 6367.73 -4.20168e-19
229 5535.05 -1.64e-19
228 5709.64 -2.67247e-19
227 4161.11 -1.54803e-20
226 3079.34 -1.91979e-19
225 4872.4 -5.75982e-20
224 6683.62 -2.46888e-19
223 7067.19 -6.96166e-19
222 7558.09 4.5036e-19
221 5602.82 -4.3224e-19
220 6635.81 -2.94002e-19
219 4227.33 -3.98245e-19
218 6025.88 1.53187e-19
217 5592.17 -3.06115e-19
216 7095.28 -3.25875e-19
215 5168.37 -1.05234e-19
214 7109.1 -1.70293e-19
213 10048.1 -2.79898e-20
212 4902.45 -1.41111e-19
211 5824.43 -4.11855e-19
210 13791.2 -1.50975e-19
209 10107.2 5.81632e-20
208 7027.31 -1.29273e-19
207 6888.49 -3.27792e-19
206 5686.95 -2.92389e-19
205 8411.27 1.25543e-21
204 11380.5 -1.10907e-19
203 5924.76 -5.0757e-19
202 11085.4 -4.08669e-19
201 8928.71 -3.81164e-19
200 6302.72 -3.23302e-19
199 11212.1 3.10659e-20
198 11188.9 -6.23479e-19
197 13131.8 -1.20903e-19
196 6704.32 -1.21135e-19
195 10015.8 -2.62083e-19
194 14833.2 1.42304e-19
193 11655.5 -3.30708e-19
192 17204.2 5.00707e-20
191 12816.7 4.71375e-20
190 9127.86 -1.86553e-19
189 6672.15 1.5243e-19
188 6923.64 -2.22904e-19
187 7615.35 -5.52353e-19
186 11785.6 -1.40945e-19
185 7662.93 1.92096e-19
184 7096.83 -3.51796e-19
183 13210.2 -5.87201e-19
182 13266.2 -5.42998e-20
181 6168.08 -6.1506e-19
180 7528.21 -1.43025e-19
179 8149.66 6.22879e-20
178 10301.2 -4.03697e-19
177 12219.1 -3.31932e-19
176 8666.89 1.63857e-19
175 5571.63 -6.97713e-20
174 5883.4 1.92369e-19
173 7262.97 -6.01147e-20
172 12954.2 -2.45719e-19
171 9509.85 -1.57867e-19
170 8499.21 -2.81543e-19
169 7676.98 1.41358e-20
168 8670.29 -4.32677e-19
167 5615.79 -1.2863e-19
166 10397.6 -2.81415e-19
165 9730.52 -3.41947e-19
164 6602.23 4.44589e-20
163 6431.89 1.72488e-19
162 7618.29 -2.73726e-19
161 9037.94 -4.96191e-19
160 6300.61 -4.32283e-19
159 6333.86 -2.57674e-19
158 8331.74 6.16164e-20
157 5987.4 -1.67283e-19
156 7258.39 4.06992e-20
155 6769.53 -2.82097e-19
154 10479.1 1.44799e-19
153 5921 3.27446e-19
152 6544.43 2.56907e-19
151 5180.42 -5.83483e-20
150 7929.42 -2.53762e-19
149 5609.18 -8.47486e-21
148 5000.26 -2.61753e-19
147 6577.69 -1.20686e-19
146 4870.82 -2.00984e-19
145 4518.17 9.55157e-20
144 6861.5 -1.26621e-19
143 3743.74 -1.79962e-19
142 5480.16 1.55541e-19
141 4139.48 9.0026e-20
140 4765.23 2.80066e-20
139 4269.39 -2.14366e-20
138 4509.34 -1.68381e-19
137 4181.53 1.63778e-19
136 4545.39 2.77343e-20
135 4738.58 3.35789e-19
134 4179.03 7.92644e-20
133 3522.37 1.22501e-19
132 3853.77 -1.74004e-19
131 3267.97 -2.49272e-20
130 3746.85 2.74494e-21
129 3691.95 -4.98019e-21
128 3182.76 -4.00765e-20
127 2605.32 -1.12996e-20
126 3197.9 6.9383e-20
125 3051.29 -8.53723e-20
124 4001.91 -1.30084e-19
123 2241.56 -6.33946e-20
122 2569.43 4.18641e-20
121 2357.15 1.32917e-19
120 2510.87 4.86263e-20
119 2475.1 5.23403e-21
118 2299.24 -9.51945e-20
117 2022.39 4.94682e-20
116 1922.97 -2.35024e-19
115 2620.88 -3.51775e-20
114 2057.76 7.76629e-20
113 2066.31 5.11437e-20
112 1795.46 -1.10572e-19
111 1815.01 -3.948e-20
110 2047.74 -1.46852e-19
109 1659.39 3.45776e-20
108 2357.65 -6.48109e-20
107 1289.11 2.26942e-20
106 1450.75 -7.90827e-20
105 1354.9 8.65988e-20
104 1370.75 -1.02638e-19
103 1332.21 -5.11019e-20
102 1216.9 -5.41408e-20
101 1355.03 -9.2364e-20
100 976.526 -4.95931e-20
99 1061.22 -9.46641e-20
98 1023.36 -5.14279e-20
97 812.468 -3.79615e-20
96 1157.11 -1.37449e-20
95 798.208 -6.57642e-20
94 954.775 2.10092e-20
93 819.998 -4.69533e-20
92 779.832 -3.4966e-20
91 688.125 9.22055e-21
90 693.002 -1.44132e-20
89 559.947 -6.97725e-20
88 638.576 2.3945e-20
87 581.749 -1.57338e-21
86 530.176 -3.58758e-20
85 474.974 -1.39217e-20
84 534.738 -3.52569e-20
83 403.909 -1.04837e-20
82 484.791 -2.57084e-20
81 421.776 -2.52954e-20
80 495.95 -2.97488e-20
79 365.843 1.56006e-20
78 300.741 1.3971e-20
77 264.115 -1.6558e-20
76 245.51 1.20805e-20
75 190.205 -1.48643e-20
74 282.105 5.74789e-21
73 213.578 -2.55884e-20
72 228.653 5.42143e-22
71 224.53 -3.24784e-21
70 149.026 -6.58229e-21
69 82.4043 3.87842e-21
68 96.9972 4.69031e-21
67 80.9741 -6.56516e-21
66 68.8753 -1.55392e-20
65 97.0846 1.73502e-21
64 87.736 -1.74477e-20
63 61.4242 5.70071e-21
62 58.2289 4.30553e-21
61 40.5745 4.52671e-21
60 51.4771 -3.15386e-21
59 39.4164 -4.55895e-21
58 32.5533 2.6767e-21
57 41.2209 3.1773e-21
56 46.963 -5.97937e-21
55 6.37409 -7.72416e-21
54 22.2619 1.45319e-21
53 12.1268 8.35195e-22
52 5.45435 3.16545e-22
51 26.4249 1.21731e-21
50 1.70329 1.00212e-22
49 6.14114 3.5843e-22
48 6.20616 3.4709e-22
47 1.8382 9.55054e-23
46 4.39556 2.22236e-22
45 6.36772 3.11592e-22
44 7.63627 3.59422e-22
43 0 0
42 2.56892 1.06731e-22
41 0 0
40 0 0
39 0 0
38 0 0
37 0 0
36 0 0
35 0 0
34 1.18905 3.20784e-23
33 0 0
32 0 0
31 0 0
30 0 0
29 0 0
28 0 0
27 0 0
26 0 0
25 0 0
24 0 0
23 0 0
22 0 0
21 0 0
20 0 0
19 0 0
18 0 0
17 0 0
16 0 0
15 0 0
14 0 0
13 0 0
12 0 0
11 0 0
10 0 0
9 0 0
8 0 0
7 0 0
6 0 0
5 0 0
4 0 0
3 0 0
2 0 0
1 0 0
