600 10843.4 -9.77932e-18
599 1118.12 -1.00046e-17
598 1158.53 -9.92379e-18
597 1353.09 -9.86264e-18
596 1275.71 -9.9771e-18
595 1303.02 -1.00717e-17
594 1233.2 -9.99383e-18
593 962.045 -1.01211e-17
592 1345.17 -1.01007e-17
591 1375.45 -1.00974e-17
590 1164.8 -1.01138e-17
589 1327.4 -1.0162e-17
588 1307.99 -1.02219e-17
587 1701.25 -1.01054e-17
586 1086.85 -1.02773e-17
585 1253.96 -1.03117e-17
584 1034.06 -1.0111e-17
583 1141.8 -1.01073e-17
582 1151.14 -1.02935e-17
581 1530.65 -1.02586e-17
580 1174.68 -1.03151e-17
579 1667.29 -1.03331e-17
578 1394.91 -1.04196e-17
577 1315.39 -1.03117e-17
576 1214.39 -1.03761e-17
575 1245.07 -1.03774e-17
574 1140.73 -1.04394e-17
573 1466.77 -1.03615e-17
572 1040.42 -1.04742e-17
571 1225 -1.04015e-17
570 1118.18 -1.04954e-17
569 1601.38 -1.06152e-17
568 1580.28 -1.06041e-17
567 1153.96 -1.05502e-17
566 1199.61 -1.05531e-17
565 1437.76 -1.05898e-17
564 1127.64 -1.06754e-17
563 1698.95 -1.0641e-17
562 1740.86 -1.06211e-17
561 1376.35 -1.06164e-17
560 1765.22 -1.06684e-17
559 1631.52 -1.07308e-17
558 946.338 -1.072e-17
557 1698.25 -1.07266e-17
556 1136.63 -1.0734e-17
555 1137.16 -1.07827e-17
554 1808.29 -1.0788e-17
553 1582.9 -1.07596e-17
552 1358.46 -1.07618e-17
551 1573.14 -1.08796e-17
550 1321.48 -1.08714e-17
549 1873.81 -1.08655e-17
548 1370.05 -1.09124e-17
547 1306.5 -1.08648e-17
546 1623.75 -1.08243e-17
545 1283.46 -1.10851e-17
544 1471.52 -1.10434e-17
543 1459.61 -1.10698e-17
542 1805.74 -1.10121e-17
541 1531.3 -1.09956e-17
540 1679.45 -1.10776e-17
539 1706.19 -1.11001e-17
538 1331.52 -1.12379e-17
537 2242.36 -1.1231e-17
536 1463.65 -1.10999e-17
535 1430.58 -1.11138e-17
534 1710.59 -1.10904e-17
533 1558.63 -1.11878e-17
532 1571.2 -1.12679e-17
531 1795.46 -1.12831e-17
530 2065.83 -1.13609e-17
529 1583.59 -1.13379e-17
528 1352.53 -1.13523e-17
527 1470.58 -1.14175e-17
526 1638.48 -1.13421e-17
525 2242.04 -1.13948e-17
524 1744.12 -1.15061e-17
523 1332.48 -1.14062e-17
522 1764.72 -1.15017e-17
521 1587.7 -1.15994e-17
520 1382.27 -1.16315e-17
519 1895.29 -1.15545e-17
518 1493.97 -1.16201e-17
517 2375.83 -1.16198e-17
516 2201.54 -1.1626e-17
515 1512.65 -1.16719e-17
514 1232.51 -1.17367e-17
513 1557.76 -1.17783e-17
512 1890.7 -1.17938e-17
511 1598.69 -1.17063e-17
510 1372.35 -1.17144e-17
509 1854.83 -1.18097e-17
508 1638.13 -1.19098e-17
507 2175.34 -1.1859e-17
506 1798.57 -1.18157e-17
505 1852.87 -1.19235e-17
504 1310.7 -1.18756e-17
503 1791.11 -1.19143e-17
502 1855.78 -1.21473e-17
501 1878.49 -1.194e-17
500 1366.51 -1.20632e-17
499 1652.99 -1.20333e-17
498 1864.23 -1.20824e-17
497 1423.92 -1.22047e-17
496 1229.51 -1.22072e-17
495 1469.16 -1.22105e-17
494 1929.57 -1.22247e-17
493 1788.24 -1.22117e-17
492 1633.77 -1.2222e-17
491 1802.44 -1.23679e-17
490 1860.75 -1.21804e-17
489 1652.49 -1.22119e-17
488 2076.24 -1.23387e-17
487 1638.27 -1.24105e-17
486 1736.11 -1.24651e-17
485 1952.84 -1.24553e-17
484 2245.22 -1.24806e-17
483 1320.5 -1.25375e-17
482 1686.43 -1.254e-17
481 2014.9 -1.25484e-17
480 1945.12 -1.26615e-17
479 1758.29 -1.2533e-17
478 1638.23 -1.26559e-17
477 1719.88 -1.26356e-17
476 1434.85 -1.26484e-17
475 2172.64 -1.27123e-17
474 1953.77 -1.27344e-17
473 2492.61 -1.27847e-17
472 1964.63 -1.28869e-17
471 1843.63 -1.2862e-17
470 2581.2 -1.28862e-17
469 1786.62 -1.29027e-17
468 2281.22 -1.29589e-17
467 2124.29 -1.2986e-17
466 2034.35 -1.30879e-17
465 1705.5 -1.30604e-17
464 2067.7 -1.30306e-17
463 2102.47 -1.30462e-17
462 2574.01 -1.31256e-17
461 2593.15 -1.31552e-17
460 2342.05 -1.31327e-17
459 2380.66 -1.31771e-17
458 1961.28 -1.32305e-17
457 2569.61 -1.32869e-17
456 1903.85 -1.33057e-17
455 2385.91 -1.338e-17
454 2404.4 -1.33046e-17
453 2377.83 -1.33721e-17
452 2114.61 -1.34032e-17
451 2440.55 -1.34589e-17
450 2857.94 -1.34623e-17
449 1843.89 -1.34823e-17
448 2755 -1.35504e-17
447 3284.79 -1.36686e-17
446 2286.23 -1.36094e-17
445 2006.33 -1.36122e-17
444 3141.39 -1.35752e-17
443 2626.55 -1.36364e-17
442 2307.96 -1.37362e-17
441 2390.66 -1.37626e-17
440 2347.82 -1.38929e-17
439 2569.63 -1.36945e-17
438 2277.88 -1.39411e-17
437 2003.38 -1.38927e-17
436 1916.59 -1.38939e-17
435 2072.56 -1.39211e-17
434 2771.82 -1.40347e-17
433 2377.78 -1.40867e-17
432 2173.56 -1.403e-17
431 2118.29 -1.41387e-17
430 2099.43 -1.41022e-17
429 1561.65 -1.43122e-17
428 2670.87 -1.40725e-17
427 2294.41 -1.42342e-17
426 2311.41 -1.44189e-17
425 2286.5 -1.4253e-17
424 2606.44 -1.43691e-17
423 2656.48 -1.44629e-17
422 2067.21 -1.44956e-17
421 2102.46 -1.4601e-17
420 2604.1 -1.45175e-17
419 2991.92 -1.46429e-17
418 2927.6 -1.45789e-17
417 3565.19 -1.46668e-17
416 1877.82 -1.4728e-17
415 3234.54 -1.47309e-17
414 2264.24 -1.4791e-17
413 1798.84 -1.47968e-17
412 2632.65 -1.4773e-17
411 1671.37 -1.48931e-17
410 2692.82 -1.49009e-17
409 2706.8 -1.49747e-17
408 2942.26 -1.51569e-17
407 1898.99 -1.49319e-17
406 2943.54 -1.51037e-17
405 2883.17 -1.50825e-17
404 2384.28 -1.50875e-17
403 2023.56 -1.52595e-17
402 3811.59 -1.53223e-17
401 4331.87 -1.5333e-17
400 4201.02 -1.53908e-17
399 2397.4 -1.53757e-17
398 3030.86 -1.55095e-17
397 2905.45 -1.54357e-17
396 2195.68 -1.5481e-17
395 2604.92 -1.56196e-17
394 2815 -1.56981e-17
393 2476.77 -1.5613e-17
392 3365.02 -1.5744e-17
391 2789.69 -1.58007e-17
390 3224.69 -1.58501e-17
389 4385.99 -1.59549e-17
388 2816.37 -1.58593e-17
387 3372.45 -1.59025e-17
386 3348.27 -1.6007e-17
385 3417.81 -1.60881e-17
384 3368.83 -1.59225e-17
383 3165.59 -1.61265e-17
382 2847.54 -1.61907e-17
381 3184.29 -1.6219e-17
380 4369.37 -1.6254e-17
379 3795.41 -1.62479e-17
378 3075.64 -1.63453e-17
377 2774.16 -1.6365e-17
376 4204.07 -1.64325e-17
375 2734.48 -1.6511e-17
374 5741.74 -1.66253e-17
373 4971.54 -1.66135e-17
372 3257.43 -1.67439e-17
371 2783.36 -1.67604e-17
370 3481.61 -1.675e-17
369 3363.5 -1.67888e-17
368 3556.26 -1.68461e-17
367 3152.82 -1.69088e-17
366 3229.51 -1.69785e-17
365 2082.98 -1.69207e-17
364 3251.78 -1.69368e-17
363 2993.44 -1.69753e-17
362 3818.63 -1.7195e-17
361 3555.07 -1.73164e-17
360 3782.54 -1.73026e-17
359 2824.81 -1.72953e-17
358 3219.8 -1.74647e-17
357 2899.09 -1.7331e-17
356 3746.2 -1.75131e-17
355 4893.66 -1.7685e-17
354 2888.28 -1.76152e-17
353 3694.9 -1.76308e-17
352 3588.57 -1.77736e-17
351 2542.03 -1.77835e-17
350 3329.48 -1.79733e-17
349 2994.48 -1.7902e-17
348 4596.99 -1.79169e-17
347 4025.34 -1.79938e-17
346 5243.81 -1.81204e-17
345 5234.54 -1.81853e-17
344 3113.66 -1.83522e-17
343 5083.64 -1.83536e-17
342 3177.48 -1.81913e-17
341 4040.97 -1.83008e-17
340 3611.82 -1.84418e-17
339 6910.94 -1.85672e-17
338 2895.75 -1.852e-17
337 3032.35 -1.86228e-17
336 6067.3 -1.87292e-17
335 6146.35 -1.88014e-17
334 4069.67 -1.88559e-17
333 4905.38 -1.88956e-17
332 6049.93 -1.89726e-17
331 4803.51 -1.89887e-17
330 3685.59 -1.89539e-17
329 3861.77 -1.92219e-17
328 5299.92 -1.91351e-17
327 6296.5 -1.92693e-17
326 6300.85 -1.93704e-17
325 4118.27 -1.94077e-17
324 2908.25 -1.95079e-17
323 4684.86 -1.95656e-17
322 4514.47 -1.96752e-17
321 4125.52 -1.97706e-17
320 4465.58 -1.98584e-17
319 4462.37 -1.98026e-17
318 3562.56 -1.98827e-17
317 4473.6 -1.9961e-17
316 4605.55 -2.00768e-17
315 4724.47 -2.01178e-17
314 6158.29 -2.02537e-17
313 5704 -2.03417e-17
312 3797.16 -2.04752e-17
311 4465.56 -2.06288e-17
310 5903.63 -2.05724e-17
309 5558.34 -2.07162e-17
308 4451.35 -2.06946e-17
307 6460.56 -2.09042e-17
306 5350.81 -2.09961e-17
305 5245.98 -2.11194e-17
304 6237.88 -2.09418e-17
303 4657.39 -2.11415e-17
302 5658.2 -2.13066e-17
301 5305.17 -2.12667e-17
300 6615.26 -2.12969e-17
299 6630.79 -2.15309e-17
298 5081.91 -2.15999e-17
297 9734.44 -2.18275e-17
296 5841.21 -2.15651e-17
295 4749.24 -2.17772e-17
294 6478.96 -2.18079e-17
293 4613 -2.18946e-17
292 3563.29 -2.20946e-17
291 4370.99 -2.22432e-17
290 6902.21 -2.2245e-17
289 7069.54 -2.23412e-17
288 6073.04 -2.25686e-17
287 6225.31 -2.23984e-17
286 8409.47 -2.25778e-17
285 4137.88 -2.27017e-17
284 6602.61 -2.28865e-17
283 5719.56 -2.29933e-17
282 4683.1 -2.30234e-17
281 3225.78 -2.32318e-17
280 5680.05 -2.32722e-17
279 6205.99 -2.35058e-17
278 5478.99 -2.35516e-17
277 4935.09 -2.37292e-17
276 8286.75 -2.37725e-17
275 5917.27 -2.39825e-17
274 6460.39 -2.40871e-17
273 5710.07 -2.41009e-17
272 4905.58 -2.42596e-17
271 7046.54 -2.43692e-17
270 5900.76 -2.43411e-17
269 5831.23 -2.42919e-17
268 7375.05 -2.46705e-17
267 6472.09 -2.47809e-17
266 5488.61 -2.4721e-17
265 9663.5 -2.49149e-17
264 9358.77 -2.52105e-17
263 10031.9 -2.5186e-17
262 13410.7 -2.54143e-17
261 7244.06 -2.53544e-17
260 6759.23 -2.56739e-17
259 7503.06 -2.561e-17
258 5006.85 -2.58844e-17
257 11368.8 -2.58817e-17
256 11706.6 -2.62276e-17
255 4662.09 -2.62973e-17
254 8507.36 -2.6329e-17
253 6959.44 -2.64692e-17
252 11683.3 -2.65475e-17
251 5416.24 -2.6741e-17
250 9974.75 -2.70053e-17
249 13399.7 -2.7037e-17
248 9981.88 -2.70747e-17
247 13963.5 -2.72218e-17
246 14369.4 -2.75073e-17
245 7062.2 -2.76277e-17
244 13689.5 -2.78695e-17
243 15202.4 -2.7749e-17
242 7884.6 -2.80675e-17
241 15583.8 -2.8321e-17
240 7382.45 -2.84578e-17
239 9348.29 -2.86593e-17
238 7057.18 -2.88911e-17
237 9101.23 -2.89359e-17
236 12543.3 -2.9112e-17
235 15961.4 -2.91964e-17
234 8292.94 -2.95286e-17
233 7164.5 -2.94064e-17
232 11788.3 -2.95515e-17
231 11139.8 -2.98045e-17
230 14491.5 -3.0253e-17
229 11907.7 -3.03596e-17
228 7566.19 -3.0436e-17
227 10290.3 -3.08043e-17
226 13521 -3.10221e-17
225 7519.58 -3.10901e-17
224 13603.6 -3.14697e-17
223 10002 -3.11878e-17
222 13332.1 -3.17987e-17
221 6933.22 -3.22676e-17
220 7221.36 -3.20715e-17
219 12879.1 -3.21983e-17
218 15231.2 -3.26052e-17
217 18800.4 -3.28041e-17
216 12221 -3.32751e-17
215 11535.8 -3.34175e-17
214 9443.47 -3.35427e-17
213 13436.9 -3.3839e-17
212 6294.57 -3.42366e-17
211 14299.3 -3.4142e-17
210 16678.4 -3.45241e-17
209 10887.3 -3.45421e-17
208 13358.1 -3.51953e-17
207 9800.68 -3.49903e-17
206 17430.9 -3.56771e-17
205 24407.8 -3.57039e-17
204 16897.5 -3.5954e-17
203 20318.8 -3.6176e-17
202 13933.9 -3.63543e-17
201 16277.8 -3.68706e-17
200 19752.5 -3.71633e-17
199 10104.6 -3.73002e-17
198 12217 -3.79932e-17
197 20803 -3.84132e-17
196 16999.4 -3.81171e-17
195 28836.2 -3.86208e-17
194 13729.8 -3.92444e-17
193 25826.9 -3.94425e-17
192 42259.1 -3.98585e-17
191 21010.5 -3.99498e-17
190 15742.4 -4.05315e-17
189 12252.3 -4.06658e-17
188 17039 -4.15756e-17
187 22910.2 -4.17713e-17
186 24267.5 -4.18767e-17
185 18104.3 -4.20132e-17
184 13514.5 -4.23958e-17
183 23470 -4.28427e-17
182 36114.4 -4.33364e-17
181 21593.7 -4.40256e-17
180 20789.8 -4.45026e-17
179 10413.1 -4.53287e-17
178 14333.8 -4.5445e-17
177 28894.5 -4.5832e-17
176 12926 -4.60626e-17
175 25728 -4.69595e-17
174 20907.5 -4.73359e-17
173 46917.3 -4.84331e-17
172 26772.8 -4.9109e-17
171 40805.5 -4.95691e-17
170 16592.6 -5.01228e-17
169 21518 -5.07445e-17
168 15917.1 -5.12903e-17
167 60303.4 -5.17643e-17
166 19210.1 -5.25535e-17
165 38136.1 -5.32451e-17
164 16583 -5.44634e-17
163 33876.3 -5.5315e-17
162 32685.4 -5.59178e-17
161 26555.3 -5.69826e-17
160 27968.3 -5.74838e-17
159 14334.9 -5.76983e-17
158 40354.8 -5.91516e-17
157 39322.2 -5.98202e-17
156 20500.6 -6.04186e-17
155 18491.2 -6.10353e-17
154 37472.2 -6.14351e-17
153 37533.7 -6.22761e-17
152 50853 -6.34632e-17
151 24679.4 -6.39029e-17
150 14637.9 -6.45805e-17
149 54300.9 -6.4347e-17
148 27616.9 -6.51033e-17
147 25858.5 -6.5658e-17
146 13631.5 -6.60306e-17
145 14860.4 -6.65219e-17
144 27544.4 -6.67516e-17
143 42482.7 -6.75907e-17
142 18949.5 -6.78967e-17
141 21992 -6.81961e-17
140 28875.6 -6.83911e-17
139 31188.6 -6.91301e-17
138 23174.2 -6.95656e-17
137 15436 -6.96e-17
136 18152.4 -7.00319e-17
135 9231.92 -7.04218e-17
134 10752 -7.07976e-17
133 15984.7 -7.09938e-17
132 14041.6 -7.13207e-17
131 17711.3 -7.16818e-17
130 10162.7 -7.18011e-17
129 10333.2 -7.21904e-17
128 21876.4 -7.24162e-17
127 10965.9 -7.27897e-17
126 13153.6 -7.30961e-17
125 11284.7 -7.31975e-17
124 10499.3 -7.33523e-17
123 14530.6 -7.36227e-17
122 10721.3 -7.38538e-17
121 7906.04 -7.41712e-17
120 9472.69 -7.43343e-17
119 7420.99 -7.45366e-17
118 8546.1 -7.48227e-17
117 15904.6 -7.49582e-17
116 12333.6 -7.51197e-17
115 5671.03 -7.52456e-17
114 7820.06 -7.55163e-17
113 10056.2 -7.56416e-17
112 8471.58 -7.58694e-17
111 10681 -7.60779e-17
110 5103.74 -7.62341e-17
109 4486.3 -7.62853e-17
108 3823.35 -7.65418e-17
107 10085.3 -7.65787e-17
106 7660.16 -7.67023e-17
105 3522.07 -7.67938e-17
104 8817.9 -7.69973e-17
103 6943.23 -7.7094e-17
102 7003.74 -7.71374e-17
101 3473.51 -7.73363e-17
100 6378.19 -7.74813e-17
99 4528.69 -7.7565e-17
98 3950.74 -7.7525e-17
97 2928.86 -7.76825e-17
96 5988.98 -7.78145e-17
95 3139.85 -7.7829e-17
94 5201.86 -7.79451e-17
93 3258.35 -7.80217e-17
92 3340.13 -7.80429e-17
91 4838.26 -7.80917e-17
90 3708.1 -7.81914e-17
89 3340.09 -7.82626e-17
88 2262.58 -7.83287e-17
87 2199.55 -7.83797e-17
86 3781.81 -7.84374e-17
85 1976.26 -7.84925e-17
84 2853.1 -7.85445e-17
83 2899.38 -7.85943e-17
82 1465.88 -7.85992e-17
81 2545.81 -7.86557e-17
80 1529.82 -7.86943e-17
79 2290.25 -7.87257e-17
78 1390.22 -7.87448e-17
77 1323.54 -7.87835e-17
76 1508.9 -7.8833e-17
75 1441.51 -7.88624e-17
74 792.721 -7.88866e-17
73 1431.64 -7.89222e-17
72 1141.85 -7.8977e-17
71 927.857 -7.89741e-17
70 987.852 -7.89951e-17
69 738.228 -7.90234e-17
68 456.857 -7.90325e-17
67 572.749 -7.90689e-17
66 1231.55 -7.90862e-17
65 821.615 -7.91029e-17
64 363.518 -7.91115e-17
63 296.294 -7.91315e-17
62 385.607 -7.91618e-17
61 583.076 -7.91611e-17
60 354.984 -7.91892e-17
59 206.573 -7.91886e-17
58 399.91 -7.9205e-17
57 291.151 -7.92144e-17
56 255.234 -7.92405e-17
55 259.35 -7.92468e-17
54 170.043 -7.92567e-17
53 223.913 -7.92689e-17
52 73.8503 -7.92884e-17
51 131.615 -7.92952e-17
50 162.324 -7.93065e-17
49 63.6342 -7.93095e-17
48 145.699 -7.93142e-17
47 47.5621 -7.93211e-17
46 428.932 -7.93297e-17
45 65.4212 -7.93461e-17
44 45.227 -7.9353e-17
43 26.1043 -7.93564e-17
42 34.9242 -7.93511e-17
41 72.6628 -7.93595e-17
40 30.5971 -7.93703e-17
39 57.7788 -7.93836e-17
38 11.1715 -7.93847e-17
37 29.3424 -7.93909e-17
36 78.8328 -7.94038e-17
35 83.483 -7.94177e-17
34 37.031 -7.94296e-17
33 97.8193 -7.94328e-17
32 32.9112 -7.94367e-17
31 21.7923 -7.94537e-17
30 23.6228 -7.94571e-17
29 61.8319 -7.94655e-17
28 106.703 -7.94756e-17
27 30.0658 -7.94822e-17
26 88.2555 -7.94888e-17
25 36.1597 -7.94979e-17
24 9.71477 -7.95037e-17
23 325.698 -7.9512e-17
22 612.843 -7.95283e-17
21 1.9262 -7.9544e-17
20 14.7253 -7.95477e-17
19 518.859 -7.95523e-17
18 36.8632 -7.95647e-17
17 236.792 -7.95771e-17
16 51.7899 -7.95848e-17
15 214.055 -7.95895e-17
14 519.588 -7.96074e-17
13 511.356 -7.9628e-17
12 22.6292 -7.96362e-17
11 163.552 -7.96417e-17
10 275.802 -7.96498e-17
9 6310.8 -7.96654e-17
8 706.703 -7.9682e-17
7 2671.29 -7.9691e-17
6 1977.44 -7.96991e-17
5 5899.97 -7.97142e-17
4 23029.3 -7.97311e-17
3 16309.2 -7.97473e-17
2 46580.4 -7.9765e-17
1 137060 -7.97784e-17
