3000 1.16325e+25 0.97695
2999 2.51547e+21 0.986801
2998 2.54185e+21 0.987077
2997 4.95521e+21 0.986891
2996 4.06966e+21 0.986839
2995 4.27667e+21 0.986701
2994 3.111e+21 0.987354
2993 3.34309e+21 0.987325
2992 5.32627e+21 0.986644
2991 3.41945e+21 0.986917
2990 3.75143e+21 0.987133
2989 2.085e+21 0.987502
2988 3.9468e+21 0.986938
2987 3.64784e+21 0.987186
2986 3.86521e+21 0.986958
2985 3.26254e+21 0.987894
2984 4.68819e+21 0.987583
2983 4.8244e+21 0.987158
2982 3.77911e+21 0.987019
2981 2.82777e+21 0.987295
2980 2.67704e+21 0.987408
2979 2.96416e+21 0.987239
2978 3.48208e+21 0.98728
2977 3.45752e+21 0.987557
2976 3.43221e+21 0.987395
2975 2.3011e+21 0.987424
2974 3.57356e+21 0.987422
2973 4.05152e+21 0.987295
2972 3.48993e+21 0.987484
2971 3.30902e+21 0.987621
2970 2.14074e+21 0.987319
2969 3.2723e+21 0.987317
2968 2.01299e+21 0.987636
2967 4.49964e+21 0.987716
2966 3.5944e+21 0.987234
2965 3.81891e+21 0.988029
2964 2.88191e+21 0.987315
2963 4.52857e+21 0.987615
2962 2.86199e+21 0.987787
2961 4.16195e+21 0.987692
2960 2.70608e+21 0.988245
2959 3.05165e+21 0.987783
2958 4.73742e+21 0.987994
2957 4.78627e+21 0.987863
2956 3.74217e+21 0.987663
2955 2.22503e+21 0.987893
2954 2.62136e+21 0.987839
2953 3.646e+21 0.988131
2952 2.7565e+21 0.98807
2951 4.59656e+21 0.987689
2950 4.18715e+21 0.987893
2949 4.6449e+21 0.987694
2948 3.59764e+21 0.988047
2947 4.22411e+21 0.988248
2946 3.16494e+21 0.988174
2945 3.5989e+21 0.987617
2944 3.17154e+21 0.988078
2943 1.7745e+21 0.98812
2942 3.75164e+21 0.988268
2941 2.61555e+21 0.988004
2940 2.88397e+21 0.988034
2939 3.26157e+21 0.988547
2938 2.15879e+21 0.988131
2937 2.52889e+21 0.988408
2936 1.96148e+21 0.988127
2935 3.91422e+21 0.988295
2934 4.33871e+21 0.988292
2933 3.31315e+21 0.988606
2932 2.97286e+21 0.988512
2931 4.13751e+21 0.98835
2930 2.98292e+21 0.988631
2929 2.54842e+21 0.988669
2928 3.59211e+21 0.988396
2927 2.92425e+21 0.988459
2926 4.29547e+21 0.988706
2925 1.89562e+21 0.988285
2924 2.67783e+21 0.988436
2923 3.41041e+21 0.988084
2922 3.39193e+21 0.98885
2921 2.19701e+21 0.988337
2920 2.18327e+21 0.988497
2919 3.54788e+21 0.988354
2918 2.06106e+21 0.988638
2917 2.1955e+21 0.988643
2916 4.83189e+21 0.988196
2915 2.66983e+21 0.988869
2914 3.06229e+21 0.988743
2913 1.84011e+21 0.988659
2912 4.34909e+21 0.9888
2911 3.72294e+21 0.98914
2910 3.08062e+21 0.988599
2909 3.49551e+21 0.988988
2908 3.5242e+21 0.988649
2907 2.90262e+21 0.988404
2906 1.95389e+21 0.988821
2905 3.13061e+21 0.9888
2904 2.29487e+21 0.988894
2903 3.87183e+21 0.988636
2902 3.82187e+21 0.988956
2901 2.79041e+21 0.989094
2900 2.04883e+21 0.989158
2899 2.54998e+21 0.988917
2898 2.66523e+21 0.988772
2897 3.00842e+21 0.98856
2896 2.11835e+21 0.988922
2895 3.31665e+21 0.989055
2894 3.69417e+21 0.988709
2893 4.73249e+21 0.988835
2892 3.57616e+21 0.988914
2891 3.62495e+21 0.98925
2890 3.45351e+21 0.989541
2889 3.27014e+21 0.989233
2888 2.9679e+21 0.988934
2887 4.10996e+21 0.988723
2886 2.59022e+21 0.989231
2885 3.19327e+21 0.989592
2884 2.99707e+21 0.989257
2883 2.56495e+21 0.989223
2882 2.26741e+21 0.989425
2881 3.36646e+21 0.989147
2880 2.96958e+21 0.989445
2879 3.76959e+21 0.989402
2878 3.88712e+21 0.989561
2877 3.26518e+21 0.98923
2876 2.38426e+21 0.989757
2875 2.6129e+21 0.989462
2874 3.08894e+21 0.989373
2873 2.92294e+21 0.989181
2872 1.71998e+21 0.989768
2871 1.30225e+21 0.989654
2870 2.12836e+21 0.989456
2869 1.99685e+21 0.989694
2868 3.11299e+21 0.98929
2867 1.91812e+21 0.989448
2866 2.62238e+21 0.989536
2865 2.77673e+21 0.989926
2864 1.99965e+21 0.989882
2863 2.12675e+21 0.989752
2862 3.44733e+21 0.989512
2861 3.21966e+21 0.989866
2860 2.84099e+21 0.989417
2859 2.44957e+21 0.990074
2858 2.6238e+21 0.989585
2857 3.18676e+21 0.989912
2856 2.68757e+21 0.989918
2855 2.71493e+21 0.989482
2854 2.65118e+21 0.989982
2853 2.53106e+21 0.990096
2852 2.28408e+21 0.990074
2851 2.97093e+21 0.990092
2850 1.91101e+21 0.990141
2849 2.42069e+21 0.98995
2848 1.73305e+21 0.98984
2847 1.79076e+21 0.990014
2846 2.49557e+21 0.989706
2845 3.30023e+21 0.98992
2844 3.24953e+21 0.989818
2843 2.34043e+21 0.989937
2842 1.82863e+21 0.989936
2841 1.11229e+21 0.990313
2840 2.59292e+21 0.990182
2839 2.79286e+21 0.990036
2838 1.04897e+21 0.990194
2837 2.23618e+21 0.99015
2836 3.0853e+21 0.990439
2835 2.26747e+21 0.990132
2834 2.90844e+21 0.990043
2833 3.05858e+21 0.9904
2832 1.84565e+21 0.990409
2831 8.85024e+20 0.990643
2830 2.16559e+21 0.990342
2829 1.5114e+21 0.990148
2828 1.17062e+21 0.990313
2827 1.9681e+21 0.990529
2826 2.30443e+21 0.990444
2825 2.50302e+21 0.99036
2824 2.89254e+21 0.990429
2823 2.23609e+21 0.990358
2822 1.4395e+21 0.990422
2821 1.65163e+21 0.990629
2820 2.82762e+21 0.990266
2819 1.05762e+21 0.990284
2818 2.40286e+21 0.990551
2817 1.89217e+21 0.990515
2816 1.80459e+21 0.990756
2815 2.62191e+21 0.990524
2814 2.43354e+21 0.990394
2813 2.30868e+21 0.990625
2812 1.31897e+21 0.990377
2811 2.15551e+21 0.990624
2810 2.69824e+21 0.9904
2809 1.46022e+21 0.990447
2808 1.64944e+21 0.990478
2807 2.91501e+21 0.990394
2806 1.35826e+21 0.990497
2805 2.33589e+21 0.990594
2804 1.98958e+21 0.990907
2803 3.0879e+21 0.990877
2802 2.20475e+21 0.990655
2801 1.73937e+21 0.991079
2800 2.64945e+21 0.991004
2799 1.62752e+21 0.990537
2798 1.3632e+21 0.99056
2797 9.59069e+20 0.990595
2796 1.58981e+21 0.990834
2795 1.56825e+21 0.990885
2794 2.88704e+21 0.990508
2793 1.21279e+21 0.99088
2792 1.71599e+21 0.991022
2791 2.66859e+21 0.991036
2790 7.05329e+20 0.991192
2789 2.18044e+21 0.99053
2788 2.5263e+21 0.991006
2787 1.92176e+21 0.991015
2786 1.72292e+21 0.991398
2785 1.62376e+21 0.991249
2784 2.17099e+21 0.991261
2783 1.03412e+21 0.991124
2782 2.12285e+21 0.990841
2781 2.64934e+21 0.990677
2780 2.58766e+21 0.990984
2779 2.19966e+21 0.990902
2778 1.6806e+21 0.991511
2777 2.26746e+21 0.990674
2776 2.21985e+21 0.991191
2775 3.64071e+21 0.99111
2774 2.47464e+21 0.991425
2773 1.34744e+21 0.991642
2772 2.13704e+21 0.991234
2771 2.10914e+21 0.991113
2770 2.85395e+21 0.991345
2769 1.56139e+21 0.991591
2768 1.77037e+21 0.991176
2767 1.65374e+21 0.991426
2766 1.95158e+21 0.991193
2765 1.88012e+21 0.991606
2764 1.78633e+21 0.991359
2763 1.05369e+21 0.991765
2762 1.54332e+21 0.991341
2761 1.56348e+21 0.991525
2760 2.96361e+21 0.991174
2759 1.38479e+21 0.991879
2758 2.05041e+21 0.99129
2757 1.37672e+21 0.991386
2756 1.59357e+21 0.991769
2755 1.55696e+21 0.991484
2754 1.92061e+21 0.991651
2753 2.13274e+21 0.991669
2752 2.37248e+21 0.991631
2751 8.56202e+20 0.99173
2750 1.48139e+21 0.99178
2749 1.35317e+21 0.991991
2748 1.04178e+21 0.991955
2747 1.55581e+21 0.991837
2746 2.73352e+21 0.991379
2745 1.08684e+21 0.99175
2744 1.45079e+21 0.991554
2743 1.83518e+21 0.991548
2742 1.84448e+21 0.991733
2741 2.74599e+21 0.991735
2740 7.29262e+20 0.991733
2739 1.85316e+21 0.991783
2738 1.58508e+21 0.992076
2737 1.56192e+21 0.991756
2736 1.30762e+21 0.991697
2735 1.67437e+21 0.991782
2734 1.95276e+21 0.991871
2733 1.94339e+21 0.992039
2732 1.54285e+21 0.992004
2731 2.39422e+21 0.99186
2730 1.23678e+21 0.991833
2729 1.18225e+21 0.992097
2728 1.15703e+21 0.992117
2727 2.08935e+21 0.992098
2726 1.32921e+21 0.991876
2725 1.45626e+21 0.992058
2724 1.43292e+21 0.992276
2723 1.72362e+21 0.991917
2722 7.94199e+20 0.991946
2721 8.47129e+20 0.991634
2720 4.86368e+20 0.992224
2719 1.50347e+21 0.992289
2718 5.50604e+20 0.992355
2717 1.67372e+21 0.99209
2716 2.16523e+20 0.99242
2715 4.40856e+20 0.992133
2714 1.023e+21 0.992163
2713 7.85432e+20 0.992357
2712 2.49524e+21 0.992177
2711 1.33937e+21 0.992344
2710 1.69043e+21 0.992325
2709 1.1275e+21 0.992264
2708 7.90755e+20 0.992509
2707 2.3309e+21 0.992321
2706 1.10286e+21 0.992503
2705 2.72816e+21 0.99226
2704 4.54185e+20 0.992347
2703 1.37095e+21 0.992182
2702 1.86926e+21 0.992448
2701 1.51545e+21 0.992269
2700 2.82256e+21 0.992677
2699 1.08146e+21 0.992584
2698 1.53699e+21 0.992397
2697 1.41647e+21 0.992439
2696 1.72999e+21 0.992453
2695 9.56489e+20 0.992557
2694 6.2056e+20 0.992602
2693 7.37841e+20 0.992592
2692 1.04543e+21 0.99277
2691 9.27804e+20 0.992719
2690 2.16691e+21 0.992705
2689 1.3517e+21 0.99263
2688 1.00898e+21 0.99248
2687 5.43083e+20 0.992445
2686 1.21199e+21 0.992773
2685 1.89166e+21 0.992472
2684 8.0509e+20 0.992963
2683 2.59908e+21 0.992615
2682 1.25259e+21 0.992572
2681 7.52762e+20 0.992975
2680 1.30895e+21 0.992839
2679 5.67696e+20 0.992839
2678 1.02638e+21 0.992681
2677 8.66341e+20 0.992869
2676 2.32877e+21 0.992628
2675 1.12157e+21 0.992986
2674 6.67806e+20 0.992874
2673 1.23101e+21 0.992984
2672 6.2233e+20 0.992804
2671 1.50295e+21 0.992675
2670 4.48967e+20 0.993119
2669 1.2694e+21 0.993317
2668 8.82045e+20 0.992913
2667 1.23484e+20 0.993268
2666 1.45398e+21 0.992894
2665 3.46103e+20 0.992874
2664 6.80556e+20 0.992958
2663 8.64933e+20 0.99296
2662 2.02925e+20 0.993004
2661 7.48811e+20 0.992966
2660 2.13694e+21 0.992979
2659 8.61997e+20 0.992834
2658 1.62153e+21 0.99287
2657 1.72303e+21 0.992903
2656 8.15239e+20 0.993224
2655 1.71527e+21 0.993284
2654 1.52904e+21 0.993134
2653 1.18522e+21 0.993193
2652 3.45267e+20 0.993199
2651 1.0293e+20 0.993322
2650 1.34262e+21 0.993466
2649 2.08429e+21 0.993283
2648 6.03263e+20 0.993149
2647 1.16291e+21 0.993258
2646 6.33485e+20 0.993105
2645 1.00119e+21 0.993036
2644 4.57154e+20 0.993341
2643 3.24029e+20 0.993365
2642 1.11012e+21 0.993351
2641 1.297e+21 0.993553
2640 -3.79293e+18 0.993451
2639 9.91048e+20 0.993472
2638 1.1141e+21 0.9934
2637 9.68092e+20 0.993655
2636 1.55409e+21 0.993261
2635 9.46801e+20 0.993405
2634 9.34747e+20 0.993168
2633 7.0867e+20 0.993464
2632 1.36124e+21 0.993385
2631 1.19691e+20 0.993516
2630 2.0644e+20 0.993739
2629 2.47139e+20 0.993608
2628 1.35335e+20 0.993764
2627 7.76215e+20 0.993679
2626 1.57891e+19 0.993465
2625 5.35212e+20 0.993486
2624 7.01409e+20 0.993753
2623 1.16637e+21 0.993714
2622 2.6716e+20 0.993887
2621 1.15776e+21 0.993462
2620 1.76179e+21 0.993763
2619 8.64501e+20 0.993406
2618 3.5668e+20 0.993885
2617 5.24314e+20 0.993654
2616 7.63754e+20 0.993477
2615 1.82101e+19 0.993735
2614 9.26659e+20 0.99365
2613 1.57372e+21 0.993705
2612 1.26248e+21 0.993992
2611 9.52558e+20 0.993373
2610 -1.79826e+20 0.993979
2609 2.65209e+20 0.993848
2608 8.56661e+19 0.993472
2607 8.23199e+20 0.993565
2606 1.04132e+21 0.99345
2605 1.28966e+21 0.99391
2604 5.02862e+20 0.993695
2603 7.10099e+20 0.993697
2602 6.08537e+20 0.994191
2601 3.14212e+20 0.99387
2600 1.66621e+20 0.993867
2599 1.26933e+21 0.993886
2598 5.27215e+20 0.993876
2597 1.22203e+21 0.993983
2596 -4.66604e+19 0.993977
2595 -2.68306e+19 0.99392
2594 1.27885e+21 0.993826
2593 3.60693e+20 0.994054
2592 3.78804e+20 0.994303
2591 -1.12455e+20 0.994342
2590 4.68568e+20 0.994122
2589 7.95213e+20 0.994136
2588 8.14287e+20 0.993838
2587 9.87717e+19 0.994019
2586 1.03808e+21 0.994145
2585 1.44661e+20 0.994183
2584 1.08366e+21 0.994149
2583 2.70364e+20 0.994187
2582 4.68436e+20 0.994057
2581 2.69174e+20 0.994141
2580 1.28898e+20 0.994258
2579 6.09816e+19 0.994154
2578 1.08429e+21 0.994357
2577 4.16597e+20 0.99441
2576 3.5403e+20 0.994067
2575 7.91721e+20 0.993888
2574 1.8193e+20 0.994307
2573 7.71249e+20 0.99431
2572 -1.74387e+20 0.994079
2571 3.12739e+20 0.994466
2570 3.34265e+20 0.994386
2569 -2.55034e+20 0.994193
2568 -7.38948e+19 0.99424
2567 4.16943e+20 0.994288
2566 1.55335e+20 0.994623
2565 8.41189e+20 0.994338
2564 5.55675e+19 0.994312
2563 6.84232e+20 0.994432
2562 -4.55729e+20 0.994602
2561 -2.94121e+17 0.994399
2560 5.29822e+20 0.994249
2559 1.2147e+21 0.99445
2558 9.42765e+20 0.994184
2557 4.52334e+20 0.994409
2556 -1.35205e+20 0.994512
2555 2.84412e+20 0.994603
2554 -1.28951e+20 0.994459
2553 5.96542e+20 0.994157
2552 3.65817e+20 0.994613
2551 2.05497e+19 0.994396
2550 3.41256e+20 0.994393
2549 -1.85339e+20 0.9947
2548 1.13579e+21 0.994667
2547 -3.23929e+20 0.994729
2546 1.00029e+21 0.994589
2545 -5.05884e+20 0.9945
2544 3.14848e+20 0.99448
2543 2.88265e+20 0.994774
2542 7.8128e+20 0.994556
2541 -1.47778e+20 0.994654
2540 1.67605e+20 0.994648
2539 6.09665e+20 0.994689
2538 8.59365e+19 0.994523
2537 -3.33204e+20 0.994415
2536 9.29295e+19 0.994784
2535 -1.72382e+20 0.994708
2534 -2.41234e+19 0.994531
2533 -4.08598e+20 0.994606
2532 2.1117e+20 0.994809
2531 -6.65304e+20 0.994964
2530 -3.74606e+20 0.994909
2529 1.93283e+20 0.994835
2528 -2.03191e+20 0.994961
2527 -2.74572e+20 0.994983
2526 -5.12995e+20 0.994884
2525 1.07455e+21 0.99478
2524 -6.93258e+19 0.994888
2523 5.73416e+19 0.994703
2522 7.48953e+20 0.994617
2521 -2.06274e+19 0.994739
2520 9.0225e+20 0.994507
2519 8.6447e+19 0.994934
2518 1.14146e+21 0.994947
2517 2.04772e+20 0.994896
2516 -5.44201e+20 0.995119
2515 -3.87165e+20 0.994928
2514 -2.78461e+20 0.995247
2513 -3.73336e+20 0.995215
2512 -6.27688e+20 0.994999
2511 -6.76258e+19 0.994976
2510 1.47202e+20 0.995078
2509 -4.05475e+20 0.995005
2508 5.26778e+19 0.995124
2507 -6.27289e+20 0.995131
2506 -8.97963e+20 0.995158
2505 -9.38772e+19 0.995113
2504 -6.01778e+20 0.995395
2503 1.86902e+20 0.995183
2502 1.11957e+19 0.995264
2501 7.56735e+19 0.99494
2500 3.12576e+20 0.994791
2499 -2.34621e+20 0.995057
2498 2.91207e+19 0.995143
2497 -5.0384e+20 0.995279
2496 -2.61519e+20 0.995357
2495 -2.31953e+20 0.995225
2494 -7.38461e+20 0.995373
2493 -3.25407e+20 0.995311
2492 1.00698e+20 0.995235
2491 -1.69668e+20 0.99541
2490 1.3518e+20 0.995347
2489 -1.83362e+19 0.995079
2488 -9.35903e+20 0.99502
2487 -5.27957e+19 0.995261
2486 -1.43172e+19 0.995415
2485 -8.86708e+19 0.995347
2484 -5.88822e+20 0.995634
2483 -6.21852e+20 0.99508
2482 -1.08305e+20 0.9954
2481 -4.55386e+20 0.995545
2480 -8.11554e+20 0.995413
2479 -3.9016e+20 0.99555
2478 -6.53854e+20 0.995486
2477 4.29125e+20 0.995283
2476 8.80108e+19 0.995472
2475 1.33791e+20 0.995561
2474 -1.50376e+20 0.995209
2473 -2.64543e+20 0.995465
2472 -7.63252e+20 0.995547
2471 1.97678e+20 0.995399
2470 -7.87699e+20 0.995605
2469 -2.44243e+20 0.995575
2468 -2.28726e+20 0.995393
2467 -1.51892e+20 0.99565
2466 -4.02975e+20 0.995299
2465 8.91568e+19 0.995405
2464 -1.19352e+20 0.995455
2463 8.3437e+19 0.995583
2462 3.8793e+20 0.995565
2461 -1.44366e+20 0.995693
2460 -5.77303e+20 0.99552
2459 -2.8727e+20 0.995832
2458 6.85834e+19 0.995568
2457 -8.07894e+20 0.995693
2456 -3.77788e+20 0.995495
2455 1.90358e+20 0.995596
2454 -6.85807e+20 0.995585
2453 -4.53984e+20 0.995681
2452 -4.94736e+20 0.995847
2451 -6.79443e+19 0.995686
2450 -3.60652e+20 0.995395
2449 -3.16797e+20 0.995839
2448 -8.97589e+20 0.995775
2447 -6.53724e+20 0.995818
2446 -2.47073e+20 0.995585
2445 -7.49709e+20 0.995952
2444 -7.71695e+20 0.995858
2443 -7.9759e+20 0.995646
2442 -6.17478e+19 0.995696
2441 -9.10847e+20 0.995684
2440 -8.31498e+19 0.995934
2439 -4.01258e+20 0.996044
2438 -7.46969e+20 0.995884
2437 -3.49261e+19 0.995734
2436 -6.59059e+20 0.99582
2435 -1.03163e+20 0.995773
2434 -7.86304e+20 0.996062
2433 -6.60467e+20 0.995879
2432 3.88107e+19 0.995791
2431 -4.80968e+20 0.995793
2430 -1.27966e+21 0.996158
2429 -9.07182e+20 0.995945
2428 -7.00285e+20 0.996068
2427 -6.98769e+20 0.995984
2426 -6.3199e+20 0.996128
2425 -7.87322e+20 0.995997
2424 7.1813e+19 0.995868
2423 -6.04614e+20 0.996022
2422 -5.32874e+20 0.995973
2421 1.41554e+20 0.996261
2420 -7.5384e+20 0.996215
2419 -7.63686e+20 0.996043
2418 -1.17647e+21 0.995968
2417 -1.13703e+21 0.99612
2416 -5.33272e+20 0.996177
2415 -9.52447e+20 0.996104
2414 -6.59976e+20 0.996364
2413 -5.79532e+20 0.996233
2412 -9.59398e+20 0.996073
2411 -5.63798e+20 0.996068
2410 -5.72774e+20 0.996207
2409 -1.07575e+21 0.99633
2408 -1.13278e+21 0.996074
2407 -1.01375e+21 0.996386
2406 -8.14267e+20 0.996369
2405 -1.07071e+21 0.996186
2404 -5.58988e+20 0.996045
2403 -2.57645e+20 0.996173
2402 -9.93751e+20 0.996362
2401 -8.1948e+20 0.996177
2400 -5.33014e+20 0.996229
2399 -8.29555e+20 0.99613
2398 -6.01787e+20 0.996074
2397 -1.15612e+21 0.996441
2396 -8.08331e+20 0.996485
2395 -1.3052e+21 0.996416
2394 -5.16569e+20 0.996079
2393 -1.25842e+21 0.996307
2392 -8.86792e+20 0.996391
2391 -1.0798e+21 0.996366
2390 -6.57036e+20 0.99636
2389 -1.39065e+21 0.996263
2388 -1.2241e+21 0.996253
2387 -1.05488e+21 0.996363
2386 -6.21831e+20 0.996187
2385 -2.04875e+20 0.996249
2384 -8.25946e+20 0.996392
2383 -8.89594e+20 0.996521
2382 -6.3434e+20 0.996351
2381 -3.5456e+20 0.996392
2380 -1.05361e+21 0.996446
2379 -7.98386e+20 0.996676
2378 -1.11357e+21 0.996433
2377 -4.67832e+20 0.996554
2376 -1.38179e+21 0.996666
2375 -1.00671e+21 0.996384
2374 -9.2135e+20 0.996436
2373 -1.11497e+21 0.99663
2372 -9.73451e+20 0.996422
2371 -9.40222e+20 0.996654
2370 -9.51181e+20 0.996766
2369 -1.03693e+21 0.996536
2368 -5.10609e+20 0.996388
2367 -1.13258e+21 0.996754
2366 -8.57385e+20 0.996636
2365 -9.68491e+20 0.996547
2364 -1.09532e+21 0.996651
2363 -1.47323e+21 0.996606
2362 -6.99129e+20 0.99672
2361 -1.07726e+21 0.996465
2360 -8.64528e+20 0.996636
2359 -5.31108e+20 0.996491
2358 -4.727e+20 0.996642
2357 -1.07374e+21 0.996739
2356 -1.03735e+21 0.99673
2355 -7.55406e+20 0.996595
2354 -1.08935e+21 0.996762
2353 -3.62688e+20 0.996605
2352 -9.38157e+20 0.996759
2351 -1.20878e+21 0.996748
2350 -1.37365e+21 0.996839
2349 -1.1625e+21 0.996524
2348 -1.22726e+21 0.996776
2347 -1.35601e+21 0.996795
2346 -1.15081e+21 0.996766
2345 -1.11845e+21 0.996718
2344 -8.79108e+20 0.996731
2343 -3.80372e+20 0.996686
2342 -1.16214e+21 0.996724
2341 -6.74462e+20 0.996561
2340 -1.4549e+21 0.996632
2339 -1.13085e+21 0.996623
2338 -8.75384e+20 0.996857
2337 -1.05779e+21 0.996824
2336 -1.18432e+21 0.996729
2335 -1.19528e+21 0.996882
2334 -1.28389e+21 0.996949
2333 -9.98541e+20 0.99676
2332 -7.34614e+20 0.997003
2331 -1.58255e+21 0.996906
2330 -1.37332e+21 0.997052
2329 -1.02229e+21 0.996864
2328 -1.68461e+21 0.997023
2327 -1.16703e+21 0.996984
2326 -1.20325e+21 0.99701
2325 -6.72423e+20 0.996953
2324 -1.30874e+21 0.99692
2323 -1.28647e+21 0.996736
2322 -1.40161e+21 0.996938
2321 -1.38156e+21 0.996997
2320 -1.11311e+21 0.99694
2319 -1.50405e+21 0.996879
2318 -7.32889e+20 0.996915
2317 -1.43104e+21 0.997013
2316 -1.44268e+21 0.997174
2315 -9.43111e+20 0.99692
2314 -1.5422e+21 0.99701
2313 -1.12842e+21 0.996942
2312 -1.10531e+21 0.996937
2311 -1.44687e+21 0.997197
2310 -1.08167e+21 0.996893
2309 -1.01261e+21 0.997002
2308 -7.61414e+20 0.996913
2307 -1.1713e+21 0.997164
2306 -1.43786e+21 0.997136
2305 -1.54413e+21 0.997178
2304 -9.2005e+20 0.996824
2303 -1.2837e+21 0.997159
2302 -1.47803e+21 0.997105
2301 -8.57159e+20 0.997075
2300 -1.28797e+21 0.997019
2299 -1.31788e+21 0.997244
2298 -1.29921e+21 0.997137
2297 -1.31497e+21 0.997259
2296 -1.41641e+21 0.997133
2295 -1.34508e+21 0.997146
2294 -1.74997e+21 0.997156
2293 -1.07418e+21 0.997221
2292 -1.42981e+21 0.997234
2291 -1.52852e+21 0.99726
2290 -1.44787e+21 0.997231
2289 -1.36413e+21 0.997309
2288 -1.66867e+21 0.997475
2287 -1.25199e+21 0.997163
2286 -1.48411e+21 0.99739
2285 -1.50968e+21 0.997105
2284 -1.56834e+21 0.997114
2283 -1.34699e+21 0.997214
2282 -9.44078e+20 0.997309
2281 -1.43307e+21 0.997326
2280 -1.42955e+21 0.997471
2279 -1.19895e+21 0.997354
2278 -1.42374e+21 0.99714
2277 -2.09553e+21 0.997518
2276 -1.34567e+21 0.997421
2275 -1.93267e+21 0.997309
2274 -1.93716e+21 0.997353
2273 -1.57272e+21 0.997403
2272 -1.53037e+21 0.997483
2271 -1.69264e+21 0.997438
2270 -1.34645e+21 0.997454
2269 -1.37263e+21 0.997349
2268 -1.17772e+21 0.997355
2267 -1.60845e+21 0.997302
2266 -1.27117e+21 0.997417
2265 -1.78371e+21 0.997363
2264 -1.67004e+21 0.99746
2263 -1.79344e+21 0.997388
2262 -1.9353e+21 0.997624
2261 -1.72167e+21 0.997651
2260 -1.71027e+21 0.997334
2259 -1.87167e+21 0.997467
2258 -1.47213e+21 0.997431
2257 -1.60478e+21 0.997584
2256 -1.65907e+21 0.997484
2255 -1.91401e+21 0.99749
2254 -1.67826e+21 0.997501
2253 -1.63553e+21 0.99757
2252 -1.48358e+21 0.997382
2251 -1.51641e+21 0.997439
2250 -1.68582e+21 0.997535
2249 -1.62414e+21 0.997428
2248 -1.51773e+21 0.997504
2247 -1.86426e+21 0.997723
2246 -1.5067e+21 0.997647
2245 -2.0199e+21 0.99765
2244 -1.51241e+21 0.997428
2243 -1.80912e+21 0.997736
2242 -1.23834e+21 0.997593
2241 -1.88261e+21 0.997675
2240 -2.13803e+21 0.997605
2239 -1.59243e+21 0.997559
2238 -2.05618e+21 0.99759
2237 -1.79161e+21 0.997737
2236 -2.02707e+21 0.997577
2235 -1.78033e+21 0.997517
2234 -1.7414e+21 0.997653
2233 -1.55973e+21 0.997733
2232 -1.77014e+21 0.997605
2231 -1.79804e+21 0.997627
2230 -1.90729e+21 0.997694
2229 -1.72918e+21 0.997608
2228 -1.73745e+21 0.997619
2227 -1.68855e+21 0.99768
2226 -1.66018e+21 0.997742
2225 -1.88756e+21 0.997531
2224 -1.66268e+21 0.997686
2223 -1.92799e+21 0.997665
2222 -1.79266e+21 0.997633
2221 -1.31015e+21 0.997565
2220 -2.10287e+21 0.997698
2219 -1.79369e+21 0.997747
2218 -1.70815e+21 0.997759
2217 -1.90843e+21 0.997992
2216 -1.6558e+21 0.997706
2215 -1.67093e+21 0.997633
2214 -1.54556e+21 0.997804
2213 -1.89486e+21 0.997827
2212 -1.98129e+21 0.997712
2211 -1.34279e+21 0.997762
2210 -1.89412e+21 0.997635
2209 -1.95705e+21 0.997819
2208 -1.79544e+21 0.997857
2207 -2.04505e+21 0.997805
2206 -1.62774e+21 0.997947
2205 -1.94756e+21 0.997811
2204 -1.86503e+21 0.997871
2203 -1.93886e+21 0.997863
2202 -1.68068e+21 0.997679
2201 -1.76727e+21 0.998018
2200 -1.91981e+21 0.997853
2199 -1.87518e+21 0.99782
2198 -1.76365e+21 0.99792
2197 -2.22042e+21 0.998055
2196 -2.19388e+21 0.998042
2195 -1.61921e+21 0.997814
2194 -1.90057e+21 0.997865
2193 -1.69348e+21 0.99789
2192 -2.08525e+21 0.997761
2191 -2.12792e+21 0.997989
2190 -1.8446e+21 0.997907
2189 -2.06711e+21 0.997984
2188 -1.84795e+21 0.997877
2187 -1.77231e+21 0.997973
2186 -2.26938e+21 0.99802
2185 -2.2814e+21 0.997905
2184 -2.03788e+21 0.997975
2183 -2.12689e+21 0.998023
2182 -2.2514e+21 0.997981
2181 -1.88283e+21 0.998086
2180 -2.30446e+21 0.998215
2179 -2.24231e+21 0.998259
2178 -2.01173e+21 0.998039
2177 -1.5767e+21 0.997858
2176 -2.20922e+21 0.997832
2175 -1.83962e+21 0.998091
2174 -1.93749e+21 0.998062
2173 -2.24781e+21 0.998109
2172 -2.15286e+21 0.998095
2171 -2.02164e+21 0.998026
2170 -2.01762e+21 0.998009
2169 -2.26999e+21 0.997966
2168 -1.97112e+21 0.998108
2167 -2.07138e+21 0.998006
2166 -1.78995e+21 0.998191
2165 -2.10535e+21 0.998195
2164 -2.20712e+21 0.998093
2163 -2.00688e+21 0.997962
2162 -2.32698e+21 0.997999
2161 -2.18003e+21 0.997953
2160 -2.1348e+21 0.998144
2159 -2.19701e+21 0.998239
2158 -2.36836e+21 0.998166
2157 -2.40406e+21 0.998123
2156 -2.31989e+21 0.998246
2155 -1.9892e+21 0.998103
2154 -2.17642e+21 0.998174
2153 -1.85245e+21 0.997931
2152 -1.98552e+21 0.998042
2151 -2.01412e+21 0.998061
2150 -2.30224e+21 0.998096
2149 -1.74488e+21 0.997995
2148 -2.15277e+21 0.998082
2147 -1.97696e+21 0.998218
2146 -1.78299e+21 0.998124
2145 -1.65831e+21 0.998157
2144 -2.3066e+21 0.998362
2143 -2.27483e+21 0.99826
2142 -2.07651e+21 0.998139
2141 -1.9156e+21 0.998217
2140 -1.94479e+21 0.998295
2139 -2.29272e+21 0.998434
2138 -1.92093e+21 0.998143
2137 -2.09468e+21 0.99824
2136 -2.17478e+21 0.998376
2135 -2.0191e+21 0.998284
2134 -2.299e+21 0.998216
2133 -2.41151e+21 0.998341
2132 -2.32408e+21 0.998325
2131 -2.39335e+21 0.998305
2130 -2.45865e+21 0.998417
2129 -2.46661e+21 0.998429
2128 -2.18455e+21 0.998257
2127 -2.37814e+21 0.998344
2126 -2.52031e+21 0.998498
2125 -2.21595e+21 0.998298
2124 -2.28217e+21 0.9984
2123 -2.33984e+21 0.998345
2122 -2.40412e+21 0.998388
2121 -2.17272e+21 0.998413
2120 -2.05125e+21 0.998447
2119 -2.62361e+21 0.998562
2118 -1.94882e+21 0.998329
2117 -2.18508e+21 0.998375
2116 -2.56086e+21 0.998538
2115 -2.22511e+21 0.998295
2114 -2.57969e+21 0.99839
2113 -2.42246e+21 0.998337
2112 -2.1927e+21 0.998514
2111 -2.22914e+21 0.998321
2110 -2.531e+21 0.998477
2109 -2.43328e+21 0.998396
2108 -2.25366e+21 0.998454
2107 -2.21076e+21 0.998317
2106 -2.55604e+21 0.99855
2105 -1.90637e+21 0.998299
2104 -2.59661e+21 0.998373
2103 -2.38449e+21 0.998409
2102 -2.39319e+21 0.998434
2101 -2.54516e+21 0.998413
2100 -2.54227e+21 0.998522
2099 -2.28407e+21 0.998567
2098 -2.35853e+21 0.998444
2097 -2.32983e+21 0.998466
2096 -2.45176e+21 0.998585
2095 -2.37459e+21 0.99855
2094 -2.52646e+21 0.998339
2093 -2.42902e+21 0.998499
2092 -2.39826e+21 0.998368
2091 -2.52454e+21 0.998573
2090 -2.36605e+21 0.998505
2089 -2.45823e+21 0.998524
2088 -2.50597e+21 0.998493
2087 -2.59901e+21 0.99852
2086 -2.56432e+21 0.998666
2085 -2.23083e+21 0.998514
2084 -2.554e+21 0.998547
2083 -2.4097e+21 0.998555
2082 -2.64857e+21 0.99867
2081 -2.47737e+21 0.99855
2080 -2.42698e+21 0.998594
2079 -2.52927e+21 0.998514
2078 -2.40547e+21 0.998471
2077 -2.4587e+21 0.998611
2076 -2.66103e+21 0.998633
2075 -2.29231e+21 0.99864
2074 -2.60842e+21 0.9986
2073 -2.41984e+21 0.998568
2072 -2.77922e+21 0.998638
2071 -2.57686e+21 0.99867
2070 -2.48071e+21 0.998736
2069 -2.57688e+21 0.998595
2068 -2.4562e+21 0.998558
2067 -2.42253e+21 0.998465
2066 -2.43557e+21 0.998639
2065 -2.61251e+21 0.998705
2064 -2.51366e+21 0.998705
2063 -2.66465e+21 0.998748
2062 -2.5623e+21 0.998794
2061 -2.81122e+21 0.998825
2060 -2.64045e+21 0.998842
2059 -2.76128e+21 0.998683
2058 -2.66797e+21 0.99871
2057 -2.49145e+21 0.998603
2056 -2.67002e+21 0.998718
2055 -2.58175e+21 0.998765
2054 -2.22549e+21 0.998577
2053 -2.58961e+21 0.998781
2052 -2.71308e+21 0.998676
2051 -2.87636e+21 0.998754
2050 -2.50661e+21 0.998617
2049 -2.56218e+21 0.998743
2048 -2.5217e+21 0.998617
2047 -2.76008e+21 0.998747
2046 -2.63229e+21 0.998804
2045 -2.65472e+21 0.998757
2044 -2.78202e+21 0.99875
2043 -2.86249e+21 0.998812
2042 -2.77362e+21 0.998788
2041 -2.83073e+21 0.998817
2040 -2.72368e+21 0.99874
2039 -2.6079e+21 0.998704
2038 -2.95496e+21 0.998892
2037 -2.68343e+21 0.998787
2036 -2.75265e+21 0.998745
2035 -2.64349e+21 0.998779
2034 -2.78347e+21 0.998817
2033 -2.5416e+21 0.998764
2032 -2.74073e+21 0.998819
2031 -2.67347e+21 0.998884
2030 -2.49757e+21 0.998745
2029 -2.75415e+21 0.998897
2028 -2.80713e+21 0.99874
2027 -2.87659e+21 0.998933
2026 -2.63149e+21 0.998809
2025 -2.95721e+21 0.998952
2024 -2.71202e+21 0.9989
2023 -2.55624e+21 0.998839
2022 -2.71316e+21 0.998723
2021 -2.99168e+21 0.998873
2020 -2.64344e+21 0.998841
2019 -2.76114e+21 0.998838
2018 -2.77286e+21 0.998822
2017 -2.57564e+21 0.998829
2016 -2.75021e+21 0.998789
2015 -2.73169e+21 0.998823
2014 -2.74299e+21 0.998895
2013 -2.87721e+21 0.998786
2012 -2.92435e+21 0.998926
2011 -2.72632e+21 0.998847
2010 -2.65558e+21 0.998811
2009 -2.58878e+21 0.998938
2008 -2.72927e+21 0.998831
2007 -2.83206e+21 0.998931
2006 -2.88651e+21 0.99893
2005 -2.77592e+21 0.998836
2004 -2.70671e+21 0.998883
2003 -2.907e+21 0.998855
2002 -2.89004e+21 0.998891
2001 -2.95545e+21 0.998972
2000 -2.83182e+21 0.998997
1999 -2.95921e+21 0.998948
1998 -2.92585e+21 0.998911
1997 -2.88574e+21 0.998971
1996 -2.86318e+21 0.998936
1995 -2.82992e+21 0.998934
1994 -2.72395e+21 0.998975
1993 -2.92874e+21 0.998936
1992 -3.01994e+21 0.998956
1991 -2.67145e+21 0.998951
1990 -3.09164e+21 0.999008
1989 -2.92293e+21 0.998995
1988 -2.86386e+21 0.998907
1987 -2.96677e+21 0.999048
1986 -2.90012e+21 0.998895
1985 -2.9436e+21 0.998953
1984 -2.94995e+21 0.998896
1983 -3.06017e+21 0.999044
1982 -3.0891e+21 0.999089
1981 -3.13713e+21 0.999085
1980 -2.83669e+21 0.999034
1979 -2.60963e+21 0.998966
1978 -2.99541e+21 0.999074
1977 -2.97342e+21 0.998951
1976 -3.17451e+21 0.999077
1975 -2.9956e+21 0.999099
1974 -3.12989e+21 0.99917
1973 -2.889e+21 0.999037
1972 -3.02884e+21 0.999031
1971 -2.90142e+21 0.999033
1970 -2.94928e+21 0.999007
1969 -3.15935e+21 0.999
1968 -2.95788e+21 0.999078
1967 -2.97788e+21 0.999105
1966 -2.97375e+21 0.999053
1965 -3.0363e+21 0.999122
1964 -3.01993e+21 0.999187
1963 -2.95347e+21 0.999038
1962 -3.00372e+21 0.999
1961 -3.10197e+21 0.999045
1960 -3.00116e+21 0.999075
1959 -2.92785e+21 0.99909
1958 -3.06611e+21 0.999155
1957 -2.83929e+21 0.999073
1956 -3.12842e+21 0.999137
1955 -3.03418e+21 0.999186
1954 -3.32766e+21 0.999185
1953 -3.04943e+21 0.999047
1952 -3.0364e+21 0.999216
1951 -3.12012e+21 0.999182
1950 -3.33009e+21 0.999216
1949 -3.02239e+21 0.999114
1948 -3.15264e+21 0.998909
1947 -3.17518e+21 0.99915
1946 -2.91384e+21 0.999041
1945 -3.19709e+21 0.99918
1944 -3.08122e+21 0.999085
1943 -3.11026e+21 0.999088
1942 -2.98643e+21 0.999177
1941 -2.90718e+21 0.999089
1940 -3.07332e+21 0.999192
1939 -3.19962e+21 0.999144
1938 -3.03615e+21 0.999165
1937 -3.07961e+21 0.999084
1936 -3.22979e+21 0.999136
1935 -3.16225e+21 0.999161
1934 -3.16512e+21 0.999124
1933 -3.06038e+21 0.999133
1932 -3.08711e+21 0.999125
1931 -2.97451e+21 0.999048
1930 -3.11625e+21 0.999168
1929 -3.23106e+21 0.999269
1928 -3.03635e+21 0.999162
1927 -3.16623e+21 0.999232
1926 -3.13385e+21 0.999225
1925 -3.12301e+21 0.999206
1924 -3.18851e+21 0.999204
1923 -3.00296e+21 0.999188
1922 -3.11682e+21 0.999232
1921 -3.2243e+21 0.999206
1920 -3.25272e+21 0.999204
1919 -3.08093e+21 0.999161
1918 -3.07561e+21 0.999173
1917 -3.18117e+21 0.999227
1916 -3.24856e+21 0.999266
1915 -2.96467e+21 0.999114
1914 -3.23044e+21 0.999296
1913 -3.14347e+21 0.99929
1912 -3.30088e+21 0.999287
1911 -3.2447e+21 0.999361
1910 -3.35062e+21 0.999256
1909 -3.25287e+21 0.99923
1908 -3.15442e+21 0.99932
1907 -3.29661e+21 0.99933
1906 -3.26587e+21 0.999311
1905 -3.3021e+21 0.999308
1904 -3.34438e+21 0.999239
1903 -3.26527e+21 0.999361
1902 -3.34553e+21 0.999328
1901 -3.28186e+21 0.999351
1900 -3.33434e+21 0.999292
1899 -3.26079e+21 0.999296
1898 -3.3668e+21 0.99939
1897 -3.31668e+21 0.999273
1896 -3.18624e+21 0.999311
1895 -3.36772e+21 0.999215
1894 -3.38716e+21 0.999327
1893 -3.30794e+21 0.999252
1892 -3.23475e+21 0.999348
1891 -3.28125e+21 0.99929
1890 -3.41021e+21 0.99935
1889 -3.28469e+21 0.999288
1888 -3.37691e+21 0.999348
1887 -3.10176e+21 0.9993
1886 -3.3812e+21 0.999367
1885 -3.11941e+21 0.99922
1884 -3.26303e+21 0.999334
1883 -3.31203e+21 0.999247
1882 -3.17979e+21 0.99926
1881 -3.243e+21 0.999286
1880 -3.41969e+21 0.999352
1879 -3.37171e+21 0.999382
1878 -3.46144e+21 0.999439
1877 -3.38183e+21 0.999379
1876 -3.29404e+21 0.999331
1875 -3.38662e+21 0.999321
1874 -3.32948e+21 0.999388
1873 -3.24786e+21 0.999318
1872 -3.55439e+21 0.999431
1871 -3.46952e+21 0.99942
1870 -3.48613e+21 0.999401
1869 -3.37751e+21 0.999404
1868 -3.33311e+21 0.999373
1867 -3.38959e+21 0.999406
1866 -3.4364e+21 0.999346
1865 -3.13787e+21 0.999352
1864 -3.35586e+21 0.999399
1863 -3.29981e+21 0.99932
1862 -3.38136e+21 0.999364
1861 -3.19203e+21 0.999304
1860 -3.47974e+21 0.999465
1859 -3.51603e+21 0.999408
1858 -3.20609e+21 0.999324
1857 -3.42858e+21 0.999325
1856 -3.41302e+21 0.999428
1855 -3.37378e+21 0.999321
1854 -3.37369e+21 0.999378
1853 -3.36629e+21 0.999349
1852 -3.48228e+21 0.999355
1851 -3.42741e+21 0.999505
1850 -3.52989e+21 0.999374
1849 -3.57989e+21 0.999445
1848 -3.35567e+21 0.999272
1847 -3.35395e+21 0.999344
1846 -3.41157e+21 0.999428
1845 -3.50851e+21 0.999422
1844 -3.42662e+21 0.999444
1843 -3.48873e+21 0.999429
1842 -3.54247e+21 0.99943
1841 -3.56124e+21 0.999486
1840 -3.43871e+21 0.999452
1839 -3.47636e+21 0.999414
1838 -3.5489e+21 0.999382
1837 -3.51309e+21 0.999416
1836 -3.49996e+21 0.999445
1835 -3.55043e+21 0.99947
1834 -3.46051e+21 0.999414
1833 -3.44849e+21 0.999404
1832 -3.62696e+21 0.9995
1831 -3.48752e+21 0.999488
1830 -3.5617e+21 0.999478
1829 -3.4848e+21 0.999496
1828 -3.50055e+21 0.999505
1827 -3.52883e+21 0.99947
1826 -3.49076e+21 0.999472
1825 -3.61599e+21 0.999554
1824 -3.51124e+21 0.999456
1823 -3.65229e+21 0.999564
1822 -3.62525e+21 0.999541
1821 -3.59912e+21 0.999478
1820 -3.57352e+21 0.999438
1819 -3.65469e+21 0.999571
1818 -3.52694e+21 0.99949
1817 -3.52219e+21 0.999491
1816 -3.66992e+21 0.999492
1815 -3.6266e+21 0.999549
1814 -3.51099e+21 0.999483
1813 -3.58813e+21 0.999465
1812 -3.50009e+21 0.999541
1811 -3.67567e+21 0.999575
1810 -3.60297e+21 0.999562
1809 -3.61404e+21 0.999532
1808 -3.49131e+21 0.999436
1807 -3.65867e+21 0.999531
1806 -3.60792e+21 0.999538
1805 -3.59377e+21 0.999489
1804 -3.5547e+21 0.999413
1803 -3.69513e+21 0.999547
1802 -3.64674e+21 0.99954
1801 -3.71288e+21 0.999603
1800 -3.63297e+21 0.999541
1799 -3.54727e+21 0.99953
1798 -3.49569e+21 0.999414
1797 -3.65117e+21 0.999505
1796 -3.65934e+21 0.999573
1795 -3.73214e+21 0.99952
1794 -3.59779e+21 0.999488
1793 -3.72168e+21 0.999566
1792 -3.67752e+21 0.999546
1791 -3.6664e+21 0.999562
1790 -3.72827e+21 0.999599
1789 -3.75912e+21 0.99959
1788 -3.56402e+21 0.999565
1787 -3.63633e+21 0.999524
1786 -3.63367e+21 0.99952
1785 -3.80493e+21 0.999578
1784 -3.70749e+21 0.999561
1783 -3.6813e+21 0.999499
1782 -3.73683e+21 0.999507
1781 -3.81304e+21 0.99958
1780 -3.75948e+21 0.999542
1779 -3.8049e+21 0.999647
1778 -3.64551e+21 0.999563
1777 -3.6404e+21 0.999518
1776 -3.72907e+21 0.999592
1775 -3.85053e+21 0.999693
1774 -3.8147e+21 0.999602
1773 -3.7953e+21 0.999573
1772 -3.77212e+21 0.999619
1771 -3.58456e+21 0.999474
1770 -3.80445e+21 0.999604
1769 -3.80841e+21 0.999659
1768 -3.85415e+21 0.999676
1767 -3.76847e+21 0.99957
1766 -3.77261e+21 0.999557
1765 -3.84083e+21 0.99959
1764 -3.73877e+21 0.999579
1763 -3.74698e+21 0.999571
1762 -3.78981e+21 0.999665
1761 -3.81057e+21 0.999625
1760 -3.80213e+21 0.99964
1759 -3.716e+21 0.999643
1758 -3.79012e+21 0.999655
1757 -3.84207e+21 0.999625
1756 -3.73162e+21 0.999566
1755 -3.85728e+21 0.999659
1754 -3.79837e+21 0.999511
1753 -3.87185e+21 0.999642
1752 -3.76274e+21 0.999681
1751 -3.69693e+21 0.999612
1750 -3.90714e+21 0.999645
1749 -3.84519e+21 0.999587
1748 -3.81821e+21 0.999688
1747 -3.86111e+21 0.999649
1746 -3.71799e+21 0.999661
1745 -3.92808e+21 0.999629
1744 -3.91787e+21 0.999659
1743 -3.9069e+21 0.999615
1742 -3.80221e+21 0.999594
1741 -3.87014e+21 0.999654
1740 -3.8414e+21 0.999596
1739 -3.96554e+21 0.999735
1738 -3.80692e+21 0.99966
1737 -3.86983e+21 0.999623
1736 -3.9101e+21 0.999679
1735 -3.93227e+21 0.999663
1734 -3.90941e+21 0.999639
1733 -3.86826e+21 0.999655
1732 -3.85583e+21 0.999679
1731 -3.8962e+21 0.999669
1730 -3.89967e+21 0.999664
1729 -3.89488e+21 0.999676
1728 -3.85436e+21 0.999635
1727 -3.98931e+21 0.999767
1726 -3.91552e+21 0.999651
1725 -3.87677e+21 0.999645
1724 -3.93004e+21 0.999714
1723 -3.93632e+21 0.99965
1722 -3.9506e+21 0.999705
1721 -3.97379e+21 0.999711
1720 -3.93731e+21 0.999672
1719 -3.88025e+21 0.999645
1718 -3.9793e+21 0.999678
1717 -3.9378e+21 0.999675
1716 -3.98846e+21 0.999692
1715 -3.97128e+21 0.999692
1714 -3.96076e+21 0.999688
1713 -3.95972e+21 0.999712
1712 -3.90792e+21 0.999669
1711 -3.94724e+21 0.999661
1710 -3.98769e+21 0.999655
1709 -3.93442e+21 0.999655
1708 -4.03862e+21 0.99972
1707 -3.99557e+21 0.999698
1706 -4.0365e+21 0.999731
1705 -3.96877e+21 0.999692
1704 -4.00666e+21 0.999734
1703 -3.99972e+21 0.999704
1702 -4.06363e+21 0.999757
1701 -4.03271e+21 0.999731
1700 -4.05242e+21 0.999738
1699 -4.02894e+21 0.999751
1698 -4.01571e+21 0.999706
1697 -4.0116e+21 0.999708
1696 -4.01061e+21 0.99972
1695 -4.06131e+21 0.999725
1694 -4.06487e+21 0.999755
1693 -4.0909e+21 0.99976
1692 -4.04593e+21 0.999709
1691 -4.06761e+21 0.999761
1690 -4.03345e+21 0.999704
1689 -4.07592e+21 0.999755
1688 -3.96747e+21 0.999706
1687 -4.06744e+21 0.999717
1686 -4.06047e+21 0.999727
1685 -4.1495e+21 0.999793
1684 -4.0589e+21 0.999745
1683 -4.08115e+21 0.999738
1682 -4.12277e+21 0.999756
1681 -4.1506e+21 0.999822
1680 -4.11491e+21 0.999712
1679 -4.10052e+21 0.999768
1678 -4.06376e+21 0.999706
1677 -4.15681e+21 0.999741
1676 -4.16935e+21 0.999802
1675 -4.09387e+21 0.999703
1674 -4.13412e+21 0.999785
1673 -4.08282e+21 0.99976
1672 -4.08438e+21 0.999738
1671 -4.1128e+21 0.999738
1670 -4.154e+21 0.999769
1669 -4.11044e+21 0.999711
1668 -4.10705e+21 0.999792
1667 -4.09123e+21 0.999759
1666 -4.19658e+21 0.999808
1665 -4.19977e+21 0.999778
1664 -4.18646e+21 0.999793
1663 -4.21879e+21 0.999783
1662 -4.17745e+21 0.999782
1661 -4.12885e+21 0.999765
1660 -4.17112e+21 0.999757
1659 -4.16151e+21 0.999747
1658 -4.15435e+21 0.999773
1657 -4.24595e+21 0.999822
1656 -4.12675e+21 0.999744
1655 -4.14441e+21 0.999739
1654 -4.15274e+21 0.999774
1653 -4.22633e+21 0.999788
1652 -4.13191e+21 0.999725
1651 -4.14804e+21 0.999745
1650 -4.14936e+21 0.999765
1649 -4.19639e+21 0.999792
1648 -4.21463e+21 0.999791
1647 -4.27788e+21 0.999821
1646 -4.18969e+21 0.999739
1645 -4.21368e+21 0.999796
1644 -4.23816e+21 0.99981
1643 -4.25893e+21 0.99984
1642 -4.11965e+21 0.99975
1641 -4.17425e+21 0.999736
1640 -4.16091e+21 0.999783
1639 -4.27389e+21 0.999814
1638 -4.26221e+21 0.999789
1637 -4.2662e+21 0.999861
1636 -4.22638e+21 0.999778
1635 -4.29619e+21 0.999826
1634 -4.23379e+21 0.999793
1633 -4.28478e+21 0.999783
1632 -4.24856e+21 0.999828
1631 -4.31879e+21 0.999827
1630 -4.26463e+21 0.999795
1629 -4.28863e+21 0.999801
1628 -4.31125e+21 0.999827
1627 -4.27811e+21 0.999791
1626 -4.19058e+21 0.999742
1625 -4.26877e+21 0.999818
1624 -4.28126e+21 0.999826
1623 -4.34747e+21 0.999862
1622 -4.29673e+21 0.999817
1621 -4.30485e+21 0.999837
1620 -4.35277e+21 0.999874
1619 -4.3086e+21 0.999819
1618 -4.29184e+21 0.999813
1617 -4.29616e+21 0.999806
1616 -4.30333e+21 0.999794
1615 -4.30023e+21 0.999811
1614 -4.36728e+21 0.999849
1613 -4.34465e+21 0.999768
1612 -4.32606e+21 0.999803
1611 -4.38503e+21 0.999877
1610 -4.35807e+21 0.999861
1609 -4.31493e+21 0.999791
1608 -4.38303e+21 0.99984
1607 -4.33687e+21 0.999849
1606 -4.38445e+21 0.99983
1605 -4.38478e+21 0.999809
1604 -4.35698e+21 0.999828
1603 -4.35625e+21 0.999837
1602 -4.41163e+21 0.999843
1601 -4.37956e+21 0.999821
1600 -4.37053e+21 0.999848
1599 -4.42124e+21 0.999881
1598 -4.35193e+21 0.999837
1597 -4.345e+21 0.999807
1596 -4.44184e+21 0.999864
1595 -4.39869e+21 0.999837
1594 -4.41754e+21 0.999851
1593 -4.38155e+21 0.999793
1592 -4.39394e+21 0.999805
1591 -4.41547e+21 0.999855
1590 -4.38403e+21 0.99985
1589 -4.42207e+21 0.999851
1588 -4.4252e+21 0.999828
1587 -4.43534e+21 0.999878
1586 -4.46906e+21 0.999873
1585 -4.4278e+21 0.999859
1584 -4.45416e+21 0.999851
1583 -4.4425e+21 0.999864
1582 -4.47968e+21 0.999869
1581 -4.46786e+21 0.999896
1580 -4.48694e+21 0.999893
1579 -4.44831e+21 0.999857
1578 -4.43842e+21 0.999856
1577 -4.47359e+21 0.999868
1576 -4.42907e+21 0.999823
1575 -4.48316e+21 0.99988
1574 -4.43598e+21 0.999848
1573 -4.47892e+21 0.99988
1572 -4.48329e+21 0.999868
1571 -4.52713e+21 0.999901
1570 -4.52945e+21 0.9999
1569 -4.49075e+21 0.999867
1568 -4.52025e+21 0.999883
1567 -4.47934e+21 0.999854
1566 -4.52203e+21 0.999891
1565 -4.53555e+21 0.9999
1564 -4.5225e+21 0.999863
1563 -4.53104e+21 0.999881
1562 -4.53761e+21 0.999863
1561 -4.49842e+21 0.999851
1560 -4.49958e+21 0.999868
1559 -4.5261e+21 0.999856
1558 -4.52148e+21 0.999879
1557 -4.50112e+21 0.99984
1556 -4.55159e+21 0.999896
1555 -4.54094e+21 0.999894
1554 -4.49557e+21 0.999832
1553 -4.52797e+21 0.999861
1552 -4.53358e+21 0.999856
1551 -4.5507e+21 0.999867
1550 -4.53636e+21 0.999878
1549 -4.59401e+21 0.999914
1548 -4.59417e+21 0.999899
1547 -4.58117e+21 0.999876
1546 -4.60612e+21 0.999908
1545 -4.543e+21 0.999863
1544 -4.58263e+21 0.999877
1543 -4.59108e+21 0.999894
1542 -4.60658e+21 0.999905
1541 -4.53683e+21 0.999852
1540 -4.605e+21 0.999863
1539 -4.61412e+21 0.99989
1538 -4.51701e+21 0.999845
1537 -4.624e+21 0.999896
1536 -4.60449e+21 0.999886
1535 -4.64693e+21 0.999911
1534 -4.5566e+21 0.999872
1533 -4.61641e+21 0.999852
1532 -4.65625e+21 0.999911
1531 -4.65652e+21 0.999922
1530 -4.64697e+21 0.999886
1529 -4.61505e+21 0.999886
1528 -4.62971e+21 0.999882
1527 -4.62119e+21 0.999851
1526 -4.63894e+21 0.999883
1525 -4.63849e+21 0.999884
1524 -4.66476e+21 0.999916
1523 -4.67667e+21 0.999892
1522 -4.66362e+21 0.999897
1521 -4.66633e+21 0.999898
1520 -4.6925e+21 0.999916
1519 -4.6727e+21 0.99989
1518 -4.67405e+21 0.999911
1517 -4.6942e+21 0.999911
1516 -4.71464e+21 0.999932
1515 -4.71246e+21 0.999923
1514 -4.68745e+21 0.999923
1513 -4.70584e+21 0.999911
1512 -4.71575e+21 0.999888
1511 -4.67734e+21 0.999899
1510 -4.72004e+21 0.999928
1509 -4.67399e+21 0.999874
1508 -4.70776e+21 0.999916
1507 -4.74532e+21 0.99993
1506 -4.71761e+21 0.99989
1505 -4.74377e+21 0.99992
1504 -4.75276e+21 0.999931
1503 -4.7306e+21 0.999905
1502 -4.73834e+21 0.999897
1501 -4.74579e+21 0.999912
1500 -4.75261e+21 0.999929
1499 -4.74939e+21 0.9999
1498 -4.77125e+21 0.999928
1497 -4.77174e+21 0.999927
1496 -4.79625e+21 0.999948
1495 -4.7209e+21 0.99987
1494 -4.7796e+21 0.99992
1493 -4.79113e+21 0.999924
1492 -4.801e+21 0.999937
1491 -4.80315e+21 0.999926
1490 -4.78746e+21 0.999924
1489 -4.78685e+21 0.999915
1488 -4.79129e+21 0.999928
1487 -4.80531e+21 0.999924
1486 -4.81549e+21 0.999934
1485 -4.82444e+21 0.999945
1484 -4.83507e+21 0.999958
1483 -4.81645e+21 0.999918
1482 -4.83844e+21 0.999956
1481 -4.82948e+21 0.999943
1480 -4.84774e+21 0.999958
1479 -4.79258e+21 0.999907
1478 -4.82313e+21 0.99992
1477 -4.83847e+21 0.999924
1476 -4.76907e+21 0.999878
1475 -4.83568e+21 0.999938
1474 -4.86019e+21 0.999947
1473 -4.8642e+21 0.99994
1472 -4.85835e+21 0.999928
1471 -4.84546e+21 0.999924
1470 -4.87721e+21 0.999949
1469 -4.8783e+21 0.999946
1468 -4.87084e+21 0.999924
1467 -4.87741e+21 0.999938
1466 -4.82621e+21 0.999902
1465 -4.86381e+21 0.9999
1464 -4.87032e+21 0.999926
1463 -4.90266e+21 0.999948
1462 -4.89549e+21 0.999931
1461 -4.89995e+21 0.99995
1460 -4.90223e+21 0.999917
1459 -4.89249e+21 0.999935
1458 -4.92815e+21 0.999962
1457 -4.92013e+21 0.999935
1456 -4.92762e+21 0.999947
1455 -4.91536e+21 0.999946
1454 -4.8761e+21 0.999893
1453 -4.93309e+21 0.999951
1452 -4.95335e+21 0.999963
1451 -4.95074e+21 0.999961
1450 -4.94063e+21 0.999944
1449 -4.96224e+21 0.999962
1448 -4.93956e+21 0.999942
1447 -4.96161e+21 0.999955
1446 -4.96285e+21 0.999947
1445 -4.94919e+21 0.999922
1444 -4.96851e+21 0.999949
1443 -4.94882e+21 0.999937
1442 -4.95616e+21 0.999941
1441 -4.96065e+21 0.999941
1440 -4.95889e+21 0.999926
1439 -4.98e+21 0.999941
1438 -4.97049e+21 0.999924
1437 -4.97924e+21 0.999947
1436 -4.98677e+21 0.999943
1435 -4.99703e+21 0.999949
1434 -5.00342e+21 0.999954
1433 -5.00435e+21 0.999945
1432 -5.00366e+21 0.999944
1431 -4.98142e+21 0.999908
1430 -5.02416e+21 0.999959
1429 -5.02178e+21 0.999955
1428 -5.03158e+21 0.999954
1427 -5.00711e+21 0.999931
1426 -5.04273e+21 0.999958
1425 -5.05387e+21 0.999971
1424 -5.03592e+21 0.999945
1423 -5.03163e+21 0.999938
1422 -5.05201e+21 0.999955
1421 -5.0633e+21 0.999963
1420 -5.06133e+21 0.999958
1419 -5.06811e+21 0.999962
1418 -5.0581e+21 0.999948
1417 -5.05979e+21 0.999943
1416 -5.04702e+21 0.999931
1415 -5.07899e+21 0.999965
1414 -5.05792e+21 0.999936
1413 -5.08826e+21 0.999961
1412 -5.09368e+21 0.999959
1411 -5.08158e+21 0.99996
1410 -5.1095e+21 0.99997
1409 -5.12009e+21 0.999979
1408 -5.10625e+21 0.99996
1407 -5.10567e+21 0.999956
1406 -5.1281e+21 0.999975
1405 -5.11502e+21 0.999955
1404 -5.10531e+21 0.999949
1403 -5.12164e+21 0.99996
1402 -5.11222e+21 0.999945
1401 -5.13785e+21 0.999972
1400 -5.0908e+21 0.999922
1399 -5.14444e+21 0.999964
1398 -5.15196e+21 0.999968
1397 -5.1412e+21 0.999947
1396 -5.15609e+21 0.999968
1395 -5.08507e+21 0.999922
1394 -5.1556e+21 0.999964
1393 -5.1604e+21 0.999957
1392 -5.1628e+21 0.999965
1391 -5.17133e+21 0.999962
1390 -5.16174e+21 0.999952
1389 -5.16629e+21 0.999959
1388 -5.1876e+21 0.999972
1387 -5.17923e+21 0.999946
1386 -5.18882e+21 0.999957
1385 -5.17033e+21 0.999956
1384 -5.21134e+21 0.999977
1383 -5.21118e+21 0.999977
1382 -5.20778e+21 0.999966
1381 -5.20196e+21 0.99996
1380 -5.19623e+21 0.999957
1379 -5.20538e+21 0.999955
1378 -5.19278e+21 0.999954
1377 -5.21924e+21 0.999957
1376 -5.22362e+21 0.999962
1375 -5.21087e+21 0.999951
1374 -5.22866e+21 0.999955
1373 -5.24303e+21 0.999967
1372 -5.26333e+21 0.999986
1371 -5.23883e+21 0.999951
1370 -5.25614e+21 0.999973
1369 -5.26451e+21 0.999978
1368 -5.27284e+21 0.999979
1367 -5.26112e+21 0.999961
1366 -5.24449e+21 0.999949
1365 -5.26877e+21 0.999966
1364 -5.25175e+21 0.999957
1363 -5.28991e+21 0.999975
1362 -5.29203e+21 0.999974
1361 -5.30295e+21 0.999983
1360 -5.29325e+21 0.999968
1359 -5.30902e+21 0.99998
1358 -5.31651e+21 0.999984
1357 -5.31026e+21 0.999971
1356 -5.30445e+21 0.999967
1355 -5.31305e+21 0.999968
1354 -5.30868e+21 0.999963
1353 -5.31584e+21 0.999965
1352 -5.34474e+21 0.999989
1351 -5.31875e+21 0.999957
1350 -5.34804e+21 0.999984
1349 -5.33195e+21 0.999966
1348 -5.34681e+21 0.999976
1347 -5.35384e+21 0.999977
1346 -5.36489e+21 0.999986
1345 -5.35944e+21 0.99998
1344 -5.36301e+21 0.999976
1343 -5.3832e+21 0.999991
1342 -5.35402e+21 0.999958
1341 -5.36126e+21 0.999963
1340 -5.37207e+21 0.999964
1339 -5.38792e+21 0.99998
1338 -5.34925e+21 0.999939
1337 -5.39756e+21 0.999982
1336 -5.39784e+21 0.999982
1335 -5.39082e+21 0.999964
1334 -5.42302e+21 0.999995
1333 -5.3841e+21 0.99995
1332 -5.40469e+21 0.999967
1331 -5.42195e+21 0.999985
1330 -5.41793e+21 0.999971
1329 -5.42536e+21 0.999982
1328 -5.42328e+21 0.999971
1327 -5.41559e+21 0.999971
1326 -5.44079e+21 0.999979
1325 -5.4514e+21 0.999986
1324 -5.4416e+21 0.999973
1323 -5.44731e+21 0.999972
1322 -5.45146e+21 0.999979
1321 -5.46912e+21 0.999988
1320 -5.46512e+21 0.999979
1319 -5.458e+21 0.999975
1318 -5.46092e+21 0.999967
1317 -5.44091e+21 0.999954
1316 -5.49737e+21 0.999995
1315 -5.48527e+21 0.999987
1314 -5.4931e+21 0.999982
1313 -5.49282e+21 0.999977
1312 -5.49569e+21 0.999975
1311 -5.50272e+21 0.999982
1310 -5.50967e+21 0.999987
1309 -5.50084e+21 0.999978
1308 -5.52169e+21 0.999986
1307 -5.51556e+21 0.999983
1306 -5.51745e+21 0.999974
1305 -5.5365e+21 0.999988
1304 -5.5379e+21 0.999986
1303 -5.54245e+21 0.999989
1302 -5.55032e+21 0.999989
1301 -5.54224e+21 0.999983
1300 -5.56487e+21 0.999995
1299 -5.543e+21 0.999971
1298 -5.55547e+21 0.999978
1297 -5.56279e+21 0.999981
1296 -5.54145e+21 0.999961
1295 -5.57604e+21 0.999985
1294 -5.58591e+21 0.99999
1293 -5.58454e+21 0.999985
1292 -5.5893e+21 0.999985
1291 -5.59325e+21 0.999988
1290 -5.60446e+21 0.999992
1289 -5.59747e+21 0.99998
1288 -5.60654e+21 0.999985
1287 -5.60115e+21 0.999981
1286 -5.62303e+21 0.999993
1285 -5.61764e+21 0.999983
1284 -5.61214e+21 0.999977
1283 -5.63837e+21 0.999995
1282 -5.63428e+21 0.999986
1281 -5.6329e+21 0.999981
1280 -5.64793e+21 0.999991
1279 -5.65978e+21 0.999998
1278 -5.65257e+21 0.999987
1277 -5.66894e+21 0.999998
1276 -5.65648e+21 0.999983
1275 -5.67028e+21 0.999991
1274 -5.66709e+21 0.999987
1273 -5.6656e+21 0.999984
1272 -5.67518e+21 0.999983
1271 -5.68743e+21 0.999991
1270 -5.68276e+21 0.999984
1269 -5.6863e+21 0.999982
1268 -5.70737e+21 0.999997
1267 -5.70907e+21 0.999994
1266 -5.70782e+21 0.999989
1265 -5.70759e+21 0.999984
1264 -5.71725e+21 0.999989
1263 -5.72056e+21 0.99999
1262 -5.71638e+21 0.99998
1261 -5.73425e+21 0.999992
1260 -5.70001e+21 0.999961
1259 -5.7391e+21 0.999988
1258 -5.75459e+21 0.999998
1257 -5.7424e+21 0.999982
1256 -5.74943e+21 0.999986
1255 -5.75583e+21 0.999987
1254 -5.75505e+21 0.999981
1253 -5.77403e+21 0.999995
1252 -5.77619e+21 0.999993
1251 -5.78474e+21 0.999997
1250 -5.78783e+21 0.999995
1249 -5.78979e+21 0.999993
1248 -5.79464e+21 0.999993
1247 -5.79676e+21 0.999991
1246 -5.80409e+21 0.999993
1245 -5.7778e+21 0.999969
1244 -5.81428e+21 0.999994
1243 -5.81163e+21 0.999987
1242 -5.82739e+21 0.999997
1241 -5.83415e+21 0.999999
1240 -5.84014e+21 1
1239 -5.83887e+21 0.999996
1238 -5.82459e+21 0.999983
1237 -5.8388e+21 0.999986
1236 -5.8382e+21 0.999985
1235 -5.8585e+21 0.999996
1234 -5.86676e+21 0.999999
1233 -5.87145e+21 0.999999
1232 -5.86317e+21 0.999987
1231 -5.88038e+21 0.999998
1230 -5.87197e+21 0.999986
1229 -5.88596e+21 0.999995
1228 -5.882e+21 0.999986
1227 -5.89144e+21 0.999991
1226 -5.90084e+21 0.999995
1225 -5.8943e+21 0.999985
1224 -5.90159e+21 0.999987
1223 -5.92126e+21 1
1222 -5.92042e+21 0.999995
1221 -5.92418e+21 0.999994
1220 -5.91628e+21 0.999982
1219 -5.90792e+21 0.999967
1218 -5.92609e+21 0.999982
1217 -5.93352e+21 0.999988
1216 -5.95281e+21 0.999998
1215 -5.9431e+21 0.999988
1214 -5.95103e+21 0.999988
1213 -5.95109e+21 0.999983
1212 -5.9581e+21 0.999985
1211 -5.97147e+21 0.999993
1210 -5.97813e+21 0.999994
1209 -5.99038e+21 1
1208 -5.99111e+21 0.999997
1207 -5.98644e+21 0.999988
1206 -6.00222e+21 0.999998
1205 -6.00313e+21 0.999994
1204 -6.01576e+21 1
1203 -6.01655e+21 0.999997
1202 -6.00879e+21 0.999989
1201 -6.01889e+21 0.999991
1200 -6.03063e+21 0.999997
1199 -6.03049e+21 0.999992
1198 -6.03425e+21 0.999991
1197 -6.02652e+21 0.999987
1196 -6.05548e+21 1
1195 -6.05776e+21 0.999998
1194 -6.06078e+21 0.999997
1193 -6.0671e+21 0.999998
1192 -6.07427e+21 0.999999
1191 -6.07407e+21 0.999995
1190 -6.07418e+21 0.99999
1189 -6.08752e+21 0.999998
1188 -6.09513e+21 1
1187 -6.10192e+21 1
1186 -6.0935e+21 0.999991
1185 -6.10704e+21 0.999997
1184 -6.11651e+21 1
1183 -6.12023e+21 0.999999
1182 -6.11731e+21 0.999992
1181 -6.13118e+21 1
1180 -6.13517e+21 0.999999
1179 -6.13277e+21 0.999992
1178 -6.13796e+21 0.999992
1177 -6.12979e+21 0.999983
1176 -6.15109e+21 0.999994
1175 -6.16367e+21 1
1174 -6.16544e+21 0.999998
1173 -6.17263e+21 0.999999
1172 -6.177e+21 0.999999
1171 -6.17615e+21 0.999993
1170 -6.18757e+21 0.999999
1169 -6.19191e+21 0.999998
1168 -6.20118e+21 1
1167 -6.19329e+21 0.99999
1166 -6.205e+21 0.999995
1165 -6.2121e+21 0.999997
1164 -6.22109e+21 1
1163 -6.22175e+21 0.999996
1162 -6.23229e+21 1
1161 -6.23162e+21 0.999995
1160 -6.23454e+21 0.999993
1159 -6.2478e+21 1
1158 -6.2369e+21 0.999986
1157 -6.26014e+21 1
1156 -6.25406e+21 0.999991
1155 -6.26959e+21 1
1154 -6.27129e+21 0.999997
1153 -6.27454e+21 0.999995
1152 -6.28731e+21 1
1151 -6.29024e+21 0.999999
1150 -6.29356e+21 0.999997
1149 -6.30353e+21 1
1148 -6.30121e+21 0.999995
1147 -6.30141e+21 0.99999
1146 -6.3107e+21 0.999993
1145 -6.31586e+21 0.999993
1144 -6.33112e+21 1
1143 -6.3298e+21 0.999995
1142 -6.34236e+21 1
1141 -6.34348e+21 0.999997
1140 -6.3489e+21 0.999997
1139 -6.34972e+21 0.999993
1138 -6.36363e+21 1
1137 -6.37025e+21 1
1136 -6.37402e+21 1
1135 -6.38148e+21 1
1134 -6.38406e+21 0.999999
1133 -6.38446e+21 0.999994
1132 -6.39839e+21 1
1131 -6.38274e+21 0.99999
1130 -6.39724e+21 0.999991
1129 -6.40512e+21 0.999993
1128 -6.41737e+21 0.999998
1127 -6.42193e+21 0.999997
1126 -6.43248e+21 1
1125 -6.43579e+21 0.999999
1124 -6.44393e+21 1
1123 -6.44411e+21 0.999997
1122 -6.44484e+21 0.999993
1121 -6.45238e+21 0.999994
1120 -6.46694e+21 1
1119 -6.47229e+21 1
1118 -6.47386e+21 0.999997
1117 -6.48321e+21 1
1116 -6.48586e+21 0.999998
1115 -6.49488e+21 1
1114 -6.49406e+21 0.999995
1113 -6.50762e+21 1
1112 -6.5072e+21 0.999996
1111 -6.51604e+21 0.999998
1110 -6.5201e+21 0.999997
1109 -6.53109e+21 1
1108 -6.5291e+21 0.999995
1107 -6.54025e+21 0.999999
1106 -6.5488e+21 1
1105 -6.55385e+21 1
1104 -6.5598e+21 1
1103 -6.55987e+21 0.999996
1102 -6.56989e+21 0.999999
1101 -6.57019e+21 0.999995
1100 -6.58431e+21 1
1099 -6.58638e+21 0.999998
1098 -6.59652e+21 1
1097 -6.59662e+21 0.999996
1096 -6.60856e+21 1
1095 -6.61319e+21 1
1094 -6.61993e+21 1
1093 -6.62411e+21 0.999999
1092 -6.63121e+21 1
1091 -6.63872e+21 1
1090 -6.64231e+21 0.999999
1089 -6.65104e+21 1
1088 -6.64924e+21 0.999995
1087 -6.66327e+21 1
1086 -6.66941e+21 1
1085 -6.67397e+21 1
1084 -6.67818e+21 0.999998
1083 -6.67007e+21 0.999987
1082 -6.69391e+21 1
1081 -6.70026e+21 1
1080 -6.70646e+21 1
1079 -6.71268e+21 1
1078 -6.7189e+21 1
1077 -6.72437e+21 1
1076 -6.72721e+21 0.999998
1075 -6.73667e+21 1
1074 -6.73754e+21 0.999996
1073 -6.74783e+21 0.999999
1072 -6.75651e+21 1
1071 -6.76282e+21 1
1070 -6.76701e+21 0.999999
1069 -6.7748e+21 1
1068 -6.77991e+21 1
1067 -6.78355e+21 0.999998
1066 -6.79454e+21 1
1065 -6.80092e+21 1
1064 -6.80731e+21 1
1063 -6.81096e+21 0.999999
1062 -6.81699e+21 0.999999
1061 -6.82518e+21 1
1060 -6.83106e+21 1
1059 -6.83945e+21 1
1058 -6.84591e+21 1
1057 -6.85239e+21 1
1056 -6.84921e+21 0.999994
1055 -6.86534e+21 1
1054 -6.8719e+21 1
1053 -6.87231e+21 0.999997
1052 -6.88081e+21 0.999998
1051 -6.89151e+21 1
1050 -6.89807e+21 1
1049 -6.90368e+21 1
1048 -6.91124e+21 1
1047 -6.9166e+21 1
1046 -6.92445e+21 1
1045 -6.93108e+21 1
1044 -6.93772e+21 1
1043 -6.94437e+21 1
1042 -6.95103e+21 1
1041 -6.95711e+21 1
1040 -6.95552e+21 0.999994
1039 -6.9711e+21 1
1038 -6.97581e+21 1
1037 -6.98015e+21 0.999998
1036 -6.99128e+21 1
1035 -6.98964e+21 0.999995
1034 -7.00481e+21 1
1033 -7.0116e+21 1
1032 -7.01714e+21 1
1031 -7.0252e+21 1
1030 -7.03202e+21 1
1029 -7.03885e+21 1
1028 -7.0457e+21 1
1027 -7.05256e+21 1
1026 -7.05359e+21 0.999997
1025 -7.06402e+21 0.999999
1024 -7.068e+21 0.999997
1023 -7.08013e+21 1
1022 -7.08581e+21 1
1021 -7.08412e+21 0.999994
1020 -7.09967e+21 1
1019 -7.10793e+21 1
1018 -7.11491e+21 1
1017 -7.12191e+21 1
1016 -7.12892e+21 1
1015 -7.13594e+21 1
1014 -7.14298e+21 1
1013 -7.15003e+21 1
1012 -7.15709e+21 1
1011 -7.16417e+21 1
1010 -7.17127e+21 1
1009 -7.17837e+21 1
1008 -7.18312e+21 0.999999
1007 -7.19263e+21 1
1006 -7.19978e+21 1
1005 -7.20694e+21 1
1004 -7.20121e+21 0.999992
1003 -7.22131e+21 1
1002 -7.22724e+21 1
1001 -7.23574e+21 1
1000 -7.24139e+21 1
999 -7.24837e+21 1
998 -7.24783e+21 0.999994
997 -7.26477e+21 1
996 -7.27205e+21 1
995 -7.27656e+21 0.999999
994 -7.2867e+21 1
993 -7.29358e+21 1
992 -7.30139e+21 1
991 -7.30593e+21 0.999999
990 -7.3123e+21 0.999998
989 -7.32354e+21 1
988 -7.32977e+21 1
987 -7.33838e+21 1
986 -7.34582e+21 1
985 -7.35328e+21 1
984 -7.36075e+21 1
983 -7.36824e+21 1
982 -7.37574e+21 1
981 -7.38326e+21 1
980 -7.38608e+21 0.999998
979 -7.39834e+21 1
978 -7.40591e+21 1
977 -7.41286e+21 1
976 -7.42108e+21 1
975 -7.4287e+21 1
974 -7.43632e+21 1
973 -7.44396e+21 1
972 -7.45073e+21 1
971 -7.4593e+21 1
970 -7.46699e+21 1
969 -7.47469e+21 1
968 -7.46949e+21 0.999992
967 -7.48949e+21 1
966 -7.49791e+21 1
965 -7.50568e+21 1
964 -7.50907e+21 0.999998
963 -7.52126e+21 1
962 -7.52908e+21 1
961 -7.53692e+21 1
960 -7.54477e+21 1
959 -7.55264e+21 1
958 -7.56052e+21 1
957 -7.56842e+21 1
956 -7.57251e+21 0.999998
955 -7.58427e+21 1
954 -7.59222e+21 1
953 -7.60019e+21 1
952 -7.60817e+21 1
951 -7.61295e+21 0.999999
950 -7.62419e+21 1
949 -7.63222e+21 1
948 -7.6345e+21 0.999997
947 -7.64834e+21 1
946 -7.65642e+21 1
945 -7.66453e+21 1
944 -7.67005e+21 0.999999
943 -7.68078e+21 1
942 -7.68894e+21 1
941 -7.69711e+21 1
940 -7.7053e+21 1
939 -7.7135e+21 1
938 -7.72172e+21 1
937 -7.72997e+21 1
936 -7.73822e+21 1
935 -7.7465e+21 1
934 -7.75295e+21 1
933 -7.76311e+21 1
932 -7.77144e+21 1
931 -7.77978e+21 1
930 -7.78815e+21 1
929 -7.79653e+21 1
928 -7.80493e+21 1
927 -7.81335e+21 1
926 -7.82088e+21 1
925 -7.83025e+21 1
924 -7.83872e+21 1
923 -7.84721e+21 1
922 -7.85572e+21 1
921 -7.86425e+21 1
920 -7.8728e+21 1
919 -7.88137e+21 1
918 -7.88995e+21 1
917 -7.89856e+21 1
916 -7.90718e+21 1
915 -7.91582e+21 1
914 -7.92448e+21 1
913 -7.93316e+21 1
912 -7.94186e+21 1
911 -7.95058e+21 1
910 -7.95798e+21 1
909 -7.96807e+21 1
908 -7.97685e+21 1
907 -7.98564e+21 1
906 -7.99446e+21 1
905 -8.00329e+21 1
904 -8.01214e+21 1
903 -8.02102e+21 1
902 -8.02991e+21 1
901 -8.03882e+21 1
900 -8.04775e+21 1
899 -8.0567e+21 1
898 -8.06568e+21 1
897 -8.07467e+21 1
896 -8.08368e+21 1
895 -8.09271e+21 1
894 -8.10176e+21 1
893 -8.11084e+21 1
892 -8.11993e+21 1
891 -8.12904e+21 1
890 -8.13818e+21 1
889 -8.14733e+21 1
888 -8.15651e+21 1
887 -8.1657e+21 1
886 -8.17492e+21 1
885 -8.18416e+21 1
884 -8.19341e+21 1
883 -8.20269e+21 1
882 -8.21199e+21 1
881 -8.22131e+21 1
880 -8.23066e+21 1
879 -8.24002e+21 1
878 -8.24941e+21 1
877 -8.25881e+21 1
876 -8.26824e+21 1
875 -8.27769e+21 1
874 -8.28716e+21 1
873 -8.29665e+21 1
872 -8.30617e+21 1
871 -8.31241e+21 0.999999
870 -8.32526e+21 1
869 -8.33484e+21 1
868 -8.34444e+21 1
867 -8.35407e+21 1
866 -8.36372e+21 1
865 -8.37338e+21 1
864 -8.38308e+21 1
863 -8.39279e+21 1
862 -8.40253e+21 1
861 -8.41229e+21 1
860 -8.42207e+21 1
859 -8.43187e+21 1
858 -8.4417e+21 1
857 -8.45155e+21 1
856 -8.46142e+21 1
855 -8.47132e+21 1
854 -8.48124e+21 1
853 -8.49118e+21 1
852 -8.50115e+21 1
851 -8.51114e+21 1
850 -8.52115e+21 1
849 -8.53119e+21 1
848 -8.54125e+21 1
847 -8.55133e+21 1
846 -8.56144e+21 1
845 -8.57157e+21 1
844 -8.58173e+21 1
843 -8.59191e+21 1
842 -8.60211e+21 1
841 -8.61234e+21 1
840 -8.62259e+21 1
839 -8.63287e+21 1
838 -8.64317e+21 1
837 -8.6535e+21 1
836 -8.66385e+21 1
835 -8.67422e+21 1
834 -8.68463e+21 1
833 -8.69505e+21 1
832 -8.7055e+21 1
831 -8.71598e+21 1
830 -8.72648e+21 1
829 -8.73701e+21 1
828 -8.74756e+21 1
827 -8.75814e+21 1
826 -8.76874e+21 1
825 -8.77937e+21 1
824 -8.79002e+21 1
823 -8.8007e+21 1
822 -8.81141e+21 1
821 -8.82214e+21 1
820 -8.8329e+21 1
819 -8.84368e+21 1
818 -8.8545e+21 1
817 -8.86533e+21 1
816 -8.8762e+21 1
815 -8.88709e+21 1
814 -8.89801e+21 1
813 -8.90895e+21 1
812 -8.91992e+21 1
811 -8.93092e+21 1
810 -8.94195e+21 1
809 -8.953e+21 1
808 -8.96408e+21 1
807 -8.97519e+21 1
806 -8.98632e+21 1
805 -8.99749e+21 1
804 -9.00868e+21 1
803 -9.0199e+21 1
802 -9.03114e+21 1
801 -9.04242e+21 1
800 -9.05372e+21 1
799 -9.06505e+21 1
798 -9.07641e+21 1
797 -9.0878e+21 1
796 -9.09922e+21 1
795 -9.11066e+21 1
794 -9.12214e+21 1
793 -9.13364e+21 1
792 -9.14517e+21 1
791 -9.15674e+21 1
790 -9.16021e+21 0.999997
789 -9.17995e+21 1
788 -9.1916e+21 1
787 -9.20328e+21 1
786 -9.21498e+21 1
785 -9.22672e+21 1
784 -9.23849e+21 1
783 -9.25029e+21 1
782 -9.26212e+21 1
781 -9.27398e+21 1
780 -9.28587e+21 1
779 -9.29779e+21 1
778 -9.30974e+21 1
777 -9.32172e+21 1
776 -9.33373e+21 1
775 -9.34578e+21 1
774 -9.35785e+21 1
773 -9.36996e+21 1
772 -9.3821e+21 1
771 -9.39426e+21 1
770 -9.40646e+21 1
769 -9.4187e+21 1
768 -9.43096e+21 1
767 -9.44326e+21 1
766 -9.45558e+21 1
765 -9.46794e+21 1
764 -9.48034e+21 1
763 -9.49276e+21 1
762 -9.50522e+21 1
761 -9.51771e+21 1
760 -9.53023e+21 1
759 -9.54279e+21 1
758 -9.55538e+21 1
757 -9.568e+21 1
756 -9.58066e+21 1
755 -9.59335e+21 1
754 -9.60607e+21 1
753 -9.61883e+21 1
752 -9.63162e+21 1
751 -9.64444e+21 1
750 -9.6573e+21 1
749 -9.6702e+21 1
748 -9.68313e+21 1
747 -9.69609e+21 1
746 -9.70909e+21 1
745 -9.72212e+21 1
744 -9.73519e+21 1
743 -9.74829e+21 1
742 -9.76143e+21 1
741 -9.7746e+21 1
740 -9.78781e+21 1
739 -9.80105e+21 1
738 -9.81433e+21 1
737 -9.82765e+21 1
736 -9.841e+21 1
735 -9.85439e+21 1
734 -9.86782e+21 1
733 -9.88128e+21 1
732 -9.89478e+21 1
731 -9.90831e+21 1
730 -9.92189e+21 1
729 -9.9355e+21 1
728 -9.94915e+21 1
727 -9.96283e+21 1
726 -9.97655e+21 1
725 -9.99031e+21 1
724 -1.00041e+22 1
723 -1.00179e+22 1
722 -1.00318e+22 1
721 -1.00457e+22 1
720 -1.00597e+22 1
719 -1.00737e+22 1
718 -1.00877e+22 1
717 -1.01018e+22 1
716 -1.01159e+22 1
715 -1.013e+22 1
714 -1.01442e+22 1
713 -1.01585e+22 1
712 -1.01727e+22 1
711 -1.0187e+22 1
710 -1.02014e+22 1
709 -1.02158e+22 1
708 -1.02302e+22 1
707 -1.02447e+22 1
706 -1.02592e+22 1
705 -1.02737e+22 1
704 -1.02883e+22 1
703 -1.0303e+22 1
702 -1.03176e+22 1
701 -1.03324e+22 1
700 -1.03471e+22 1
699 -1.03619e+22 1
698 -1.03768e+22 1
697 -1.03916e+22 1
696 -1.04066e+22 1
695 -1.04216e+22 1
694 -1.04366e+22 1
693 -1.04516e+22 1
692 -1.04667e+22 1
691 -1.04819e+22 1
690 -1.04971e+22 1
689 -1.05123e+22 1
688 -1.05276e+22 1
687 -1.05429e+22 1
686 -1.05583e+22 1
685 -1.05737e+22 1
684 -1.05891e+22 1
683 -1.06047e+22 1
682 -1.06202e+22 1
681 -1.06358e+22 1
680 -1.06514e+22 1
679 -1.06671e+22 1
678 -1.06829e+22 1
677 -1.06986e+22 1
676 -1.07145e+22 1
675 -1.07303e+22 1
674 -1.07463e+22 1
673 -1.07622e+22 1
672 -1.07782e+22 1
671 -1.07943e+22 1
670 -1.08104e+22 1
669 -1.08266e+22 1
668 -1.08428e+22 1
667 -1.0859e+22 1
666 -1.08753e+22 1
665 -1.08917e+22 1
664 -1.09081e+22 1
663 -1.09246e+22 1
662 -1.09411e+22 1
661 -1.09576e+22 1
660 -1.09742e+22 1
659 -1.09909e+22 1
658 -1.10076e+22 1
657 -1.10243e+22 1
656 -1.10411e+22 1
655 -1.1058e+22 1
654 -1.10749e+22 1
653 -1.10918e+22 1
652 -1.11089e+22 1
651 -1.11259e+22 1
650 -1.1143e+22 1
649 -1.11602e+22 1
648 -1.11774e+22 1
647 -1.11947e+22 1
646 -1.1212e+22 1
645 -1.12294e+22 1
644 -1.12469e+22 1
643 -1.12644e+22 1
642 -1.12819e+22 1
641 -1.12995e+22 1
640 -1.13172e+22 1
639 -1.13349e+22 1
638 -1.13526e+22 1
637 -1.13705e+22 1
636 -1.13883e+22 1
635 -1.14063e+22 1
634 -1.14243e+22 1
633 -1.14423e+22 1
632 -1.14604e+22 1
631 -1.14786e+22 1
630 -1.14968e+22 1
629 -1.15151e+22 1
628 -1.15334e+22 1
627 -1.15518e+22 1
626 -1.15703e+22 1
625 -1.15888e+22 1
624 -1.16073e+22 1
623 -1.1626e+22 1
622 -1.16447e+22 1
621 -1.16634e+22 1
620 -1.16822e+22 1
619 -1.17011e+22 1
618 -1.172e+22 1
617 -1.1739e+22 1
616 -1.17581e+22 1
615 -1.17772e+22 1
614 -1.17964e+22 1
613 -1.18156e+22 1
612 -1.18349e+22 1
611 -1.18543e+22 1
610 -1.18737e+22 1
609 -1.18932e+22 1
608 -1.19128e+22 1
607 -1.19324e+22 1
606 -1.19521e+22 1
605 -1.19719e+22 1
604 -1.19917e+22 1
603 -1.20116e+22 1
602 -1.20315e+22 1
601 -1.20515e+22 1
600 -1.20716e+22 1
599 -1.20918e+22 1
598 -1.2112e+22 1
597 -1.21323e+22 1
596 -1.21526e+22 1
595 -1.21731e+22 1
594 -1.21936e+22 1
593 -1.22141e+22 1
592 -1.22348e+22 1
591 -1.22555e+22 1
590 -1.22762e+22 1
589 -1.22971e+22 1
588 -1.2318e+22 1
587 -1.2339e+22 1
586 -1.236e+22 1
585 -1.23812e+22 1
584 -1.24024e+22 1
583 -1.24236e+22 1
582 -1.2445e+22 1
581 -1.24664e+22 1
580 -1.24879e+22 1
579 -1.25095e+22 1
578 -1.25311e+22 1
577 -1.25528e+22 1
576 -1.25746e+22 1
575 -1.25965e+22 1
574 -1.26184e+22 1
573 -1.26404e+22 1
572 -1.26625e+22 1
571 -1.26847e+22 1
570 -1.2707e+22 1
569 -1.27293e+22 1
568 -1.27517e+22 1
567 -1.27742e+22 1
566 -1.27968e+22 1
565 -1.28194e+22 1
564 -1.28422e+22 1
563 -1.2865e+22 1
562 -1.28879e+22 1
561 -1.29108e+22 1
560 -1.29339e+22 1
559 -1.2957e+22 1
558 -1.29802e+22 1
557 -1.30036e+22 1
556 -1.30269e+22 1
555 -1.30504e+22 1
554 -1.3074e+22 1
553 -1.30976e+22 1
552 -1.31213e+22 1
551 -1.31452e+22 1
550 -1.31691e+22 1
549 -1.3193e+22 1
548 -1.32171e+22 1
547 -1.32413e+22 1
546 -1.32655e+22 1
545 -1.32899e+22 1
544 -1.33143e+22 1
543 -1.33388e+22 1
542 -1.33634e+22 1
541 -1.33881e+22 1
540 -1.34129e+22 1
539 -1.34378e+22 1
538 -1.34628e+22 1
537 -1.34879e+22 1
536 -1.3513e+22 1
535 -1.35383e+22 1
534 -1.35636e+22 1
533 -1.35891e+22 1
532 -1.36146e+22 1
531 -1.36403e+22 1
530 -1.3666e+22 1
529 -1.36918e+22 1
528 -1.37178e+22 1
527 -1.37438e+22 1
526 -1.37699e+22 1
525 -1.37961e+22 1
524 -1.38225e+22 1
523 -1.38489e+22 1
522 -1.38754e+22 1
521 -1.39021e+22 1
520 -1.39288e+22 1
519 -1.39556e+22 1
518 -1.39826e+22 1
517 -1.40096e+22 1
516 -1.40368e+22 1
515 -1.4064e+22 1
514 -1.40914e+22 1
513 -1.41189e+22 1
512 -1.41464e+22 1
511 -1.41741e+22 1
510 -1.42019e+22 1
509 -1.42298e+22 1
508 -1.42578e+22 1
507 -1.4286e+22 1
506 -1.43142e+22 1
505 -1.43425e+22 1
504 -1.4371e+22 1
503 -1.43996e+22 1
502 -1.44282e+22 1
501 -1.4457e+22 1
500 -1.4486e+22 1
499 -1.4515e+22 1
498 -1.45441e+22 1
497 -1.45734e+22 1
496 -1.46028e+22 1
495 -1.46323e+22 1
494 -1.46619e+22 1
493 -1.46916e+22 1
492 -1.47215e+22 1
491 -1.47515e+22 1
490 -1.47816e+22 1
489 -1.48118e+22 1
488 -1.48422e+22 1
487 -1.48726e+22 1
486 -1.49032e+22 1
485 -1.4934e+22 1
484 -1.49648e+22 1
483 -1.49958e+22 1
482 -1.50269e+22 1
481 -1.50582e+22 1
480 -1.50895e+22 1
479 -1.5121e+22 1
478 -1.51527e+22 1
477 -1.51844e+22 1
476 -1.52163e+22 1
475 -1.52484e+22 1
474 -1.52805e+22 1
473 -1.53128e+22 1
472 -1.53453e+22 1
471 -1.53779e+22 1
470 -1.54106e+22 1
469 -1.54434e+22 1
468 -1.54764e+22 1
467 -1.55096e+22 1
466 -1.55429e+22 1
465 -1.55763e+22 1
464 -1.56099e+22 1
463 -1.56436e+22 1
462 -1.56774e+22 1
461 -1.57114e+22 1
460 -1.57456e+22 1
459 -1.57799e+22 1
458 -1.58144e+22 1
457 -1.5849e+22 1
456 -1.58837e+22 1
455 -1.59186e+22 1
454 -1.59537e+22 1
453 -1.59889e+22 1
452 -1.60243e+22 1
451 -1.60598e+22 1
450 -1.60955e+22 1
449 -1.61314e+22 1
448 -1.61674e+22 1
447 -1.62035e+22 1
446 -1.62399e+22 1
445 -1.62764e+22 1
444 -1.6313e+22 1
443 -1.63498e+22 1
442 -1.63868e+22 1
441 -1.6424e+22 1
440 -1.64613e+22 1
439 -1.64988e+22 1
438 -1.65365e+22 1
437 -1.65743e+22 1
436 -1.66123e+22 1
435 -1.66505e+22 1
434 -1.66889e+22 1
433 -1.67274e+22 1
432 -1.67662e+22 1
431 -1.68051e+22 1
430 -1.68441e+22 1
429 -1.68834e+22 1
428 -1.69228e+22 1
427 -1.69625e+22 1
426 -1.70023e+22 1
425 -1.70423e+22 1
424 -1.70825e+22 1
423 -1.71229e+22 1
422 -1.71635e+22 1
421 -1.72042e+22 1
420 -1.72452e+22 1
419 -1.72863e+22 1
418 -1.73277e+22 1
417 -1.73693e+22 1
416 -1.7411e+22 1
415 -1.7453e+22 1
414 -1.74951e+22 1
413 -1.75375e+22 1
412 -1.758e+22 1
411 -1.76228e+22 1
410 -1.76658e+22 1
409 -1.7709e+22 1
408 -1.77524e+22 1
407 -1.7796e+22 1
406 -1.78398e+22 1
405 -1.78839e+22 1
404 -1.79282e+22 1
403 -1.79726e+22 1
402 -1.80174e+22 1
401 -1.80623e+22 1
400 -1.81074e+22 1
399 -1.81528e+22 1
398 -1.81984e+22 1
397 -1.82443e+22 1
396 -1.82903e+22 1
395 -1.83367e+22 1
394 -1.83832e+22 1
393 -1.843e+22 1
392 -1.8477e+22 1
391 -1.85242e+22 1
390 -1.85717e+22 1
389 -1.86195e+22 1
388 -1.86675e+22 1
387 -1.87157e+22 1
386 -1.87642e+22 1
385 -1.88129e+22 1
384 -1.88619e+22 1
383 -1.89112e+22 1
382 -1.89607e+22 1
381 -1.90104e+22 1
380 -1.90605e+22 1
379 -1.91108e+22 1
378 -1.91613e+22 1
377 -1.92121e+22 1
376 -1.92632e+22 1
375 -1.93146e+22 1
374 -1.93663e+22 1
373 -1.94182e+22 1
372 -1.94704e+22 1
371 -1.95229e+22 1
370 -1.95756e+22 1
369 -1.96287e+22 1
368 -1.9682e+22 1
367 -1.97356e+22 1
366 -1.97896e+22 1
365 -1.98438e+22 1
364 -1.98983e+22 1
363 -1.99531e+22 1
362 -2.00082e+22 1
361 -2.00637e+22 1
360 -2.01194e+22 1
359 -2.01754e+22 1
358 -2.02318e+22 1
357 -2.02885e+22 1
356 -2.03454e+22 1
355 -2.04028e+22 1
354 -2.04604e+22 1
353 -2.05184e+22 1
352 -2.05766e+22 1
351 -2.06353e+22 1
350 -2.06942e+22 1
349 -2.07535e+22 1
348 -2.08132e+22 1
347 -2.08731e+22 1
346 -2.09335e+22 1
345 -2.09941e+22 1
344 -2.10552e+22 1
343 -2.11166e+22 1
342 -2.11783e+22 1
341 -2.12404e+22 1
340 -2.13029e+22 1
339 -2.13657e+22 1
338 -2.14289e+22 1
337 -2.14925e+22 1
336 -2.15565e+22 1
335 -2.16208e+22 1
334 -2.16856e+22 1
333 -2.17507e+22 1
332 -2.18162e+22 1
331 -2.18821e+22 1
330 -2.19484e+22 1
329 -2.20151e+22 1
328 -2.20822e+22 1
327 -2.21498e+22 1
326 -2.22177e+22 1
325 -2.22861e+22 1
324 -2.23549e+22 1
323 -2.24241e+22 1
322 -2.24937e+22 1
321 -2.25638e+22 1
320 -2.26343e+22 1
319 -2.27053e+22 1
318 -2.27767e+22 1
317 -2.28485e+22 1
316 -2.29208e+22 1
315 -2.29936e+22 1
314 -2.30668e+22 1
313 -2.31405e+22 1
312 -2.32147e+22 1
311 -2.32893e+22 1
310 -2.33644e+22 1
309 -2.34401e+22 1
308 -2.35162e+22 1
307 -2.35928e+22 1
306 -2.36699e+22 1
305 -2.37475e+22 1
304 -2.38256e+22 1
303 -2.39042e+22 1
302 -2.39834e+22 1
301 -2.4063e+22 1
300 -2.41433e+22 1
299 -2.4224e+22 1
298 -2.43053e+22 1
297 -2.43871e+22 1
296 -2.44695e+22 1
295 -2.45525e+22 1
294 -2.4636e+22 1
293 -2.47201e+22 1
292 -2.48047e+22 1
291 -2.489e+22 1
290 -2.49758e+22 1
289 -2.50622e+22 1
288 -2.51492e+22 1
287 -2.52369e+22 1
286 -2.53251e+22 1
285 -2.5414e+22 1
284 -2.55034e+22 1
283 -2.55936e+22 1
282 -2.56843e+22 1
281 -2.57757e+22 1
280 -2.58678e+22 1
279 -2.59605e+22 1
278 -2.60539e+22 1
277 -2.61479e+22 1
276 -2.62427e+22 1
275 -2.63381e+22 1
274 -2.64342e+22 1
273 -2.65311e+22 1
272 -2.66286e+22 1
271 -2.67269e+22 1
270 -2.68258e+22 1
269 -2.69256e+22 1
268 -2.7026e+22 1
267 -2.71273e+22 1
266 -2.72292e+22 1
265 -2.7332e+22 1
264 -2.74355e+22 1
263 -2.75398e+22 1
262 -2.7645e+22 1
261 -2.77509e+22 1
260 -2.78576e+22 1
259 -2.79652e+22 1
258 -2.80736e+22 1
257 -2.81828e+22 1
256 -2.82929e+22 1
255 -2.84038e+22 1
254 -2.85157e+22 1
253 -2.86284e+22 1
252 -2.8742e+22 1
251 -2.88565e+22 1
250 -2.89719e+22 1
249 -2.90883e+22 1
248 -2.92056e+22 1
247 -2.93238e+22 1
246 -2.9443e+22 1
245 -2.95632e+22 1
244 -2.96843e+22 1
243 -2.98065e+22 1
242 -2.99297e+22 1
241 -3.00538e+22 1
240 -3.01791e+22 1
239 -3.03053e+22 1
238 -3.04327e+22 1
237 -3.05611e+22 1
236 -3.06906e+22 1
235 -3.08212e+22 1
234 -3.09529e+22 1
233 -3.10857e+22 1
232 -3.12197e+22 1
231 -3.13549e+22 1
230 -3.14912e+22 1
229 -3.16287e+22 1
228 -3.17674e+22 1
227 -3.19074e+22 1
226 -3.20486e+22 1
225 -3.2191e+22 1
224 -3.23347e+22 1
223 -3.24797e+22 1
222 -3.2626e+22 1
221 -3.27737e+22 1
220 -3.29226e+22 1
219 -3.3073e+22 1
218 -3.32247e+22 1
217 -3.33778e+22 1
216 -3.35323e+22 1
215 -3.36883e+22 1
214 -3.38457e+22 1
213 -3.40046e+22 1
212 -3.4165e+22 1
211 -3.43269e+22 1
210 -3.44904e+22 1
209 -3.46554e+22 1
208 -3.4822e+22 1
207 -3.49902e+22 1
206 -3.51601e+22 1
205 -3.53316e+22 1
204 -3.55048e+22 1
203 -3.56797e+22 1
202 -3.58563e+22 1
201 -3.60347e+22 1
200 -3.62149e+22 1
199 -3.63969e+22 1
198 -3.65807e+22 1
197 -3.67664e+22 1
196 -3.6954e+22 1
195 -3.71435e+22 1
194 -3.73349e+22 1
193 -3.75284e+22 1
192 -3.77238e+22 1
191 -3.79213e+22 1
190 -3.81209e+22 1
189 -3.83226e+22 1
188 -3.85265e+22 1
187 -3.87325e+22 1
186 -3.89407e+22 1
185 -3.91512e+22 1
184 -3.9364e+22 1
183 -3.95791e+22 1
182 -3.97966e+22 1
181 -4.00165e+22 1
180 -4.02388e+22 1
179 -4.04636e+22 1
178 -4.06909e+22 1
177 -4.09208e+22 1
176 -4.11533e+22 1
175 -4.13884e+22 1
174 -4.1625e+22 1
173 -4.18669e+22 1
172 -4.21103e+22 1
171 -4.23566e+22 1
170 -4.26058e+22 1
169 -4.28579e+22 1
168 -4.3113e+22 1
167 -4.33711e+22 1
166 -4.36324e+22 1
165 -4.38968e+22 1
164 -4.41645e+22 1
163 -4.44354e+22 1
162 -4.47097e+22 1
161 -4.49874e+22 1
160 -4.52686e+22 1
159 -4.55533e+22 1
158 -4.58416e+22 1
157 -4.61336e+22 1
156 -4.64293e+22 1
155 -4.67289e+22 1
154 -4.70323e+22 1
153 -4.73397e+22 1
152 -4.76512e+22 1
151 -4.79667e+22 1
150 -4.82865e+22 1
149 -4.86106e+22 1
148 -4.8939e+22 1
147 -4.9272e+22 1
146 -4.96094e+22 1
145 -4.99516e+22 1
144 -5.02985e+22 1
143 -5.06502e+22 1
142 -5.10069e+22 1
141 -5.13686e+22 1
140 -5.17356e+22 1
139 -5.21078e+22 1
138 -5.24853e+22 1
137 -5.28685e+22 1
136 -5.32572e+22 1
135 -5.36517e+22 1
134 -5.40521e+22 1
133 -5.44585e+22 1
132 -5.4871e+22 1
131 -5.52899e+22 1
130 -5.57152e+22 1
129 -5.61471e+22 1
128 -5.65858e+22 1
127 -5.70313e+22 1
126 -5.7484e+22 1
125 -5.79438e+22 1
124 -5.84111e+22 1
123 -5.8886e+22 1
122 -5.93687e+22 1
121 -5.98593e+22 1
120 -6.03581e+22 1
119 -6.08654e+22 1
118 -6.13812e+22 1
117 -6.19058e+22 1
116 -6.24395e+22 1
115 -6.29824e+22 1
114 -6.35349e+22 1
113 -6.40971e+22 1
112 -6.46694e+22 1
111 -6.52521e+22 1
110 -6.58453e+22 1
109 -6.64493e+22 1
108 -6.70646e+22 1
107 -6.76914e+22 1
106 -6.833e+22 1
105 -6.89807e+22 1
104 -6.9644e+22 1
103 -7.03202e+22 1
102 -7.10096e+22 1
101 -7.17127e+22 1
100 -7.24298e+22 1
99 -7.31614e+22 1
98 -7.39079e+22 1
97 -7.46699e+22 1
96 -7.54477e+22 1
95 -7.62419e+22 1
94 -7.7053e+22 1
93 -7.78815e+22 1
92 -7.8728e+22 1
91 -7.95932e+22 1
90 -8.04775e+22 1
89 -8.13818e+22 1
88 -8.23066e+22 1
87 -8.32526e+22 1
86 -8.42207e+22 1
85 -8.52115e+22 1
84 -8.62259e+22 1
83 -8.72648e+22 1
82 -8.8329e+22 1
81 -8.94195e+22 1
80 -9.05372e+22 1
79 -9.16833e+22 1
78 -9.28587e+22 1
77 -9.40646e+22 1
76 -9.53023e+22 1
75 -9.6573e+22 1
74 -9.78781e+22 1
73 -9.92189e+22 1
72 -1.00597e+23 1
71 -1.02014e+23 1
70 -1.03471e+23 1
69 -1.04971e+23 1
68 -1.06514e+23 1
67 -1.08104e+23 1
66 -1.09742e+23 1
65 -1.1143e+23 1
64 -1.13172e+23 1
63 -1.14968e+23 1
62 -1.16822e+23 1
61 -1.18737e+23 1
60 -1.20716e+23 1
59 -1.22762e+23 1
58 -1.24879e+23 1
57 -1.2707e+23 1
56 -1.29339e+23 1
55 -1.31691e+23 1
54 -1.34129e+23 1
53 -1.3666e+23 1
52 -1.39288e+23 1
51 -1.42019e+23 1
50 -1.4486e+23 1
49 -1.47816e+23 1
48 -1.50895e+23 1
47 -1.54106e+23 1
46 -1.57456e+23 1
45 -1.60955e+23 1
44 -1.64613e+23 1
43 -1.68441e+23 1
42 -1.72452e+23 1
41 -1.76658e+23 1
40 -1.81074e+23 1
39 -1.85717e+23 1
38 -1.90605e+23 1
37 -1.95756e+23 1
36 -2.01194e+23 1
35 -2.06942e+23 1
34 -2.13029e+23 1
33 -2.19484e+23 1
32 -2.26343e+23 1
31 -2.33644e+23 1
30 -2.41433e+23 1
29 -2.49758e+23 1
28 -2.58678e+23 1
27 -2.68258e+23 1
26 -2.78576e+23 1
25 -2.89719e+23 1
24 -3.01791e+23 1
23 -3.14912e+23 1
22 -3.29226e+23 1
21 -3.44904e+23 1
20 -3.62149e+23 1
19 -3.81209e+23 1
18 -4.02388e+23 1
17 -4.26058e+23 1
16 -4.52686e+23 1
15 -4.82865e+23 1
14 -5.17356e+23 1
13 -5.57152e+23 1
12 -6.03581e+23 1
11 -6.58453e+23 1
10 -7.24298e+23 1
9 -8.04775e+23 1
8 -9.05372e+23 1
7 -1.03471e+24 1
6 -1.20716e+24 1
5 -1.4486e+24 1
4 -1.81074e+24 1
3 -2.41433e+24 1
2 -3.62149e+24 1
1 -7.24298e+24 1
