600 3.46887e+19 0.163564
599 3.5652e+19 0.0813139
598 3.5959e+19 -0.044446
597 3.60015e+19 -0.25972
596 3.56342e+19 -0.10596
595 3.60172e+19 -0.180998
594 3.65348e+19 -0.117602
593 3.52869e+19 -0.041618
592 3.63714e+19 -0.101768
591 3.62346e+19 -0.222806
590 3.72659e+19 -0.143978
589 3.72364e+19 0.1059
588 3.62345e+19 -0.132186
587 3.78917e+19 -0.048816
586 3.66733e+19 -0.174574
585 3.79088e+19 -0.181302
584 3.74649e+19 0.010914
583 3.8988e+19 -0.172292
582 3.88074e+19 0.031698
581 3.72258e+19 -0.11519
580 3.80322e+19 -0.231152
579 4.00395e+19 -0.232244
578 3.90888e+19 0.03944
577 3.9779e+19 0.469548
576 4.08977e+19 -0.258564
575 3.91e+19 0.229538
574 4.0075e+19 0.035798
573 4.02448e+19 -0.218252
572 3.91576e+19 -0.158764
571 3.99853e+19 0.286912
570 4.0355e+19 0.207534
569 4.06421e+19 -0.158336
568 3.98034e+19 0.188984
567 4.12177e+19 -0.22459
566 4.12627e+19 0.116136
565 4.16352e+19 -0.255256
564 4.07824e+19 0.031692
563 4.16803e+19 -0.16293
562 4.18119e+19 -0.190088
561 4.25094e+19 -0.0633559
560 4.1946e+19 0.25679
559 4.29374e+19 -0.220982
558 4.19549e+19 0.018018
557 4.3504e+19 -0.0939159
556 4.2066e+19 0.358134
555 4.36082e+19 -0.041426
554 4.38762e+19 0.0994919
553 4.51677e+19 -0.311114
552 4.39416e+19 -0.161344
551 4.36319e+19 0.381348
550 4.52812e+19 -0.1135
549 4.53245e+19 -0.014864
548 4.53601e+19 0.0890319
547 4.47692e+19 0.282586
546 4.51488e+19 0.501295
545 4.62537e+19 -0.395056
544 4.607e+19 -0.160004
543 4.55728e+19 0.0807719
542 4.54008e+19 0.108732
541 4.70037e+19 0.335
540 4.63572e+19 -0.400438
539 4.85298e+19 -0.26932
538 4.63999e+19 -0.437472
537 4.71427e+19 0.226528
536 4.7858e+19 -0.126062
535 4.73175e+19 -0.0708739
534 4.77053e+19 0.024138
533 4.89028e+19 -0.166008
532 4.83626e+19 0.23323
531 4.91294e+19 0.214442
530 4.88036e+19 -0.310662
529 5.09287e+19 0.408016
528 4.97981e+19 0.144664
527 5.00984e+19 0.017302
526 4.98776e+19 0.112058
525 5.11629e+19 -0.0867959
524 5.08628e+19 0.024112
523 5.05943e+19 -0.0539659
522 5.01289e+19 -0.191722
521 5.20498e+19 -0.15176
520 5.16308e+19 -0.1681
519 5.21936e+19 -0.033464
518 5.29651e+19 0.339676
517 5.30452e+19 -0.036846
516 5.26225e+19 0.433688
515 5.31361e+19 0.22781
514 5.32652e+19 -0.01773
513 5.52732e+19 -0.0873699
512 5.45411e+19 0.285886
511 5.5665e+19 -0.017642
510 5.46273e+19 -0.271112
509 5.37857e+19 0.036534
508 5.46451e+19 -0.113624
507 5.59058e+19 -0.217382
506 5.61389e+19 -0.04701
505 5.65966e+19 -0.0762399
504 5.63858e+19 -0.241966
503 5.76065e+19 -0.317068
502 5.67102e+19 0.14491
501 5.61635e+19 0.153306
500 5.61369e+19 -0.234396
499 5.92887e+19 -0.046602
498 5.9469e+19 0.119572
497 5.85849e+19 -0.002596
496 6.00722e+19 -0.240452
495 5.99601e+19 0.030056
494 6.04949e+19 -0.025532
493 5.92293e+19 0.158594
492 5.93119e+19 0.039836
491 6.02466e+19 -0.567993
490 6.20992e+19 0.342216
489 6.06073e+19 0.003932
488 6.1255e+19 -0.190264
487 6.18177e+19 0.248364
486 6.22777e+19 -0.524785
485 6.3257e+19 -0.25217
484 6.51817e+19 -0.016444
483 6.60894e+19 -0.280794
482 6.59355e+19 0.270098
481 6.39546e+19 0.119138
480 6.39706e+19 0.0831119
479 6.46279e+19 0.027276
478 6.45851e+19 -0.125432
477 6.66955e+19 -0.318234
476 6.61755e+19 0.328302
475 6.91285e+19 0.240768
474 6.74036e+19 -0.0925239
473 6.8183e+19 -0.12719
472 6.78327e+19 -0.435196
471 6.92918e+19 0.104552
470 6.85608e+19 0.162574
469 7.01265e+19 0.045648
468 6.71785e+19 -0.247546
467 6.96591e+19 -0.375738
466 6.91397e+19 0.230136
465 7.09698e+19 0.186996
464 7.0983e+19 0.200462
463 7.27191e+19 -0.135542
462 7.36066e+19 -0.307918
461 7.42186e+19 -0.104818
460 7.37586e+19 -0.162576
459 7.5325e+19 0.292368
458 7.43407e+19 -0.367578
457 7.41989e+19 -0.108922
456 7.33028e+19 -0.369118
455 7.67343e+19 -0.107784
454 7.66509e+19 -0.117062
453 7.80295e+19 -0.365884
452 8.17287e+19 0.432458
451 7.82863e+19 0.199634
450 7.78575e+19 -0.103478
449 8.27219e+19 -0.180296
448 8.06393e+19 0.413786
447 7.95818e+19 -0.022618
446 8.30426e+19 0.033916
445 7.96515e+19 -0.337062
444 8.2955e+19 -0.148894
443 8.34868e+19 0.0911919
442 8.34521e+19 -0.0991099
441 8.29313e+19 0.042934
440 8.52011e+19 -0.38358
439 8.51046e+19 -0.0963119
438 8.73913e+19 0.162124
437 8.66813e+19 -0.021716
436 8.94915e+19 0.171948
435 9.00235e+19 0.0714419
434 8.63993e+19 0.016474
433 8.99782e+19 -0.657493
432 8.83117e+19 0.107458
431 8.73849e+19 0.211356
430 9.03728e+19 0.542245
429 9.23006e+19 -0.0715599
428 9.34327e+19 -0.278294
427 9.22227e+19 0.157214
426 9.07358e+19 0.679345
425 9.10527e+19 -0.033068
424 9.72817e+19 -0.231046
423 9.68747e+19 0.264004
422 9.41226e+19 0.535527
421 9.42164e+19 0.022376
420 9.63347e+19 0.0958019
419 9.68088e+19 -0.117442
418 9.93534e+19 -0.291788
417 9.64284e+19 -0.226686
416 9.97315e+19 0.386114
415 9.82287e+19 -0.182986
414 9.97487e+19 0.665473
413 1.02813e+20 -0.300786
412 1.01204e+20 -0.021666
411 1.06003e+20 0.107324
410 1.07241e+20 0.146734
409 1.07885e+20 0.0912939
408 1.11516e+20 -0.231168
407 1.05785e+20 -0.117574
406 1.07335e+20 0.192974
405 1.10981e+20 -0.392784
404 1.07806e+20 -0.248724
403 1.09813e+20 -0.236622
402 1.09863e+20 -0.0831399
401 1.16046e+20 -0.236166
400 1.117e+20 -0.305362
399 1.14347e+20 -0.467012
398 1.1343e+20 -0.0754759
397 1.18237e+20 0.208102
396 1.17156e+20 0.13192
395 1.19409e+20 0.183296
394 1.17191e+20 -0.461882
393 1.19404e+20 0.353466
392 1.21122e+20 -0.16339
391 1.23994e+20 0.0618079
390 1.22824e+20 0.0556859
389 1.21468e+20 -0.530899
388 1.23434e+20 0.036276
387 1.26873e+20 -0.529173
386 1.27631e+20 -0.0856199
385 1.27626e+20 0.292354
384 1.28224e+20 0.04812
383 1.29873e+20 0.026218
382 1.30822e+20 -0.122032
381 1.29799e+20 -0.356448
380 1.33269e+20 0.462596
379 1.35606e+20 0.30197
378 1.36708e+20 0.149906
377 1.33073e+20 -0.33471
376 1.40876e+20 0.726559
375 1.4141e+20 0.290498
374 1.40584e+20 -0.0710479
373 1.44434e+20 0.14363
372 1.40269e+20 -0.10338
371 1.43907e+20 0.121562
370 1.4511e+20 -0.304318
369 1.50574e+20 -0.645219
368 1.51176e+20 -0.408108
367 1.54663e+20 -0.245398
366 1.49685e+20 -0.606647
365 1.5291e+20 0.429304
364 1.51617e+20 -0.216952
363 1.52794e+20 -0.236808
362 1.58029e+20 0.00711999
361 1.63758e+20 -0.131926
360 1.58429e+20 0.350046
359 1.66807e+20 0.449124
358 1.6154e+20 0.232166
357 1.6652e+20 0.224382
356 1.64251e+20 0.145392
355 1.73599e+20 -0.398962
354 1.74476e+20 -0.00758999
353 1.79082e+20 0.241152
352 1.74514e+20 -0.184858
351 1.73898e+20 0.294034
350 1.76817e+20 0.11891
349 1.72658e+20 0.046404
348 1.85835e+20 0.361318
347 1.8274e+20 0.357252
346 1.90041e+20 0.41298
345 1.90763e+20 0.24935
344 1.86681e+20 -0.137238
343 1.91257e+20 0.00537199
342 1.95319e+20 0.0906759
341 1.91537e+20 -0.481582
340 2.07289e+20 -0.207764
339 1.97059e+20 -0.132418
338 1.99646e+20 -0.041054
337 2.07425e+20 -0.634223
336 2.00962e+20 0.25044
335 2.09851e+20 0.003072
334 2.12993e+20 0.739893
333 2.0696e+20 -0.247214
332 2.1497e+20 -0.595099
331 2.22784e+20 -0.615265
330 2.17299e+20 -0.421458
329 2.20962e+20 0.03339
328 2.14982e+20 0.455952
327 2.36611e+20 0.039616
326 2.35197e+20 0.730355
325 2.2984e+20 -0.410832
324 2.30325e+20 -0.323826
323 2.41071e+20 -0.623333
322 2.4409e+20 0.37318
321 2.46683e+20 0.207104
320 2.49872e+20 -0.427452
319 2.45894e+20 0.116418
318 2.51499e+20 0.177528
317 2.51889e+20 0.906953
316 2.51198e+20 -0.117762
315 2.65127e+20 -0.285876
314 2.60673e+20 0.895861
313 2.71344e+20 -0.181378
312 2.73634e+20 0.500541
311 2.74718e+20 0.0994439
310 2.86381e+20 0.356784
309 2.87147e+20 0.0525079
308 2.79743e+20 -0.254484
307 2.90709e+20 0.0511619
306 2.9311e+20 -0.100118
305 3.07519e+20 -0.0888879
304 3.05281e+20 0.873577
303 3.0018e+20 0.002346
302 3.04175e+20 -0.849269
301 3.03354e+20 0.039116
300 3.21722e+20 0.0793219
299 3.27556e+20 0.762527
298 3.26739e+20 0.201272
297 3.13466e+20 0.588527
296 3.25399e+20 0.38915
295 3.26081e+20 -0.563929
294 3.53373e+20 0.112396
293 3.45741e+20 0.0575459
292 3.52616e+20 -0.667861
291 3.68284e+20 0.755571
290 3.54813e+20 -0.954791
289 3.86653e+20 0.37626
288 3.78713e+20 -0.404896
287 3.79456e+20 1.70866
286 4.03736e+20 -0.305862
285 3.96702e+20 -0.327706
284 3.977e+20 0.506323
283 4.01434e+20 -0.446488
282 3.99905e+20 0.155304
281 4.24062e+20 -0.406228
280 4.36765e+20 0.578823
279 4.1915e+20 -0.351656
278 4.24733e+20 1.11827
277 4.52527e+20 0.28816
276 4.27449e+20 0.501213
275 4.57517e+20 0.0554279
274 4.75084e+20 0.839561
273 4.61253e+20 -0.290958
272 4.82634e+20 1.08109
271 5.14113e+20 -0.696971
270 5.03165e+20 -0.731005
269 5.24932e+20 -1.33101
268 5.39555e+20 1.06536
267 5.4112e+20 0.501695
266 5.36988e+20 -0.441696
265 5.5696e+20 0.277402
264 5.80588e+20 -1.00462
263 5.51813e+20 -0.0611699
262 5.85971e+20 -0.381566
261 5.76989e+20 0.43886
260 6.36041e+20 0.815115
259 6.22562e+20 0.32495
258 6.19658e+20 -0.576247
257 6.45631e+20 0.859011
256 6.53048e+20 0.14945
255 6.51133e+20 0.617021
254 6.45422e+20 -0.593313
253 6.99676e+20 0.779883
252 6.97118e+20 -0.121862
251 7.17339e+20 -0.513793
250 7.62928e+20 -1.15655
249 7.30477e+20 0.637387
248 7.19523e+20 -0.362658
247 8.25541e+20 -1.32409
246 8.10425e+20 -0.795365
245 8.4997e+20 -1.08908
244 8.3925e+20 0.230966
243 8.67755e+20 0.656149
242 9.18389e+20 -0.243848
241 9.19472e+20 -0.971029
240 9.33368e+20 0.954733
239 9.03602e+20 0.937531
238 9.64753e+20 -2.00419
237 1.01971e+21 -0.830371
236 1.03853e+21 0.925509
235 1.1257e+21 0.684989
234 1.08233e+21 -0.793861
233 1.11332e+21 0.317386
232 1.12004e+21 -0.708613
231 1.15699e+21 0.020506
230 1.21108e+21 0.185776
229 1.20981e+21 -0.3167
228 1.25079e+21 0.308946
227 1.38111e+21 -0.714785
226 1.29691e+21 0.523021
225 1.35988e+21 0.366346
224 1.36896e+21 1.84112
223 1.45351e+21 -1.42611
222 1.45195e+21 -0.306276
221 1.49804e+21 0.178608
220 1.61778e+21 -0.49327
219 1.64399e+21 -0.632705
218 1.60715e+21 -2.1626
217 1.76016e+21 1.55612
216 1.88854e+21 -0.251564
215 1.833e+21 -1.19813
214 1.86824e+21 -0.837163
213 1.99767e+21 1.47425
212 2.0519e+21 2.47954
211 2.27477e+21 0.549911
210 2.25559e+21 -1.88771
209 2.19455e+21 -3.19591
208 2.29106e+21 -1.89341
207 2.44889e+21 1.65779
206 2.62158e+21 -5.6565
205 2.70577e+21 -0.797511
204 2.57811e+21 2.01867
203 2.86822e+21 -1.18723
202 3.09449e+21 1.43334
201 3.11037e+21 -2.26517
200 3.33407e+21 -2.80463
199 3.32255e+21 -1.28775
198 3.79813e+21 -4.46988
197 3.6831e+21 1.80067
196 4.05281e+21 0.639249
195 3.9038e+21 5.6155
194 3.75078e+21 -8.3083
193 4.25429e+21 3.10276
192 4.65553e+21 2.61018
191 4.74169e+21 2.54782
190 5.16314e+21 4.50347
189 5.68878e+21 -3.70718
188 5.67699e+21 -7.79048
187 5.73057e+21 5.38007
186 6.34597e+21 2.55826
185 6.52454e+21 -4.38159
184 6.73769e+21 -11.9361
183 7.11457e+21 -6.33091
182 7.49131e+21 -3.04953
181 8.11945e+21 -5.30906
180 7.84978e+21 -5.33636
179 8.5607e+21 -0.48091
178 8.76488e+21 -10.7641
177 9.47542e+21 8.11256
176 1.01145e+22 9.53509
175 1.03244e+22 -2.65598
174 1.06062e+22 4.08909
173 1.05265e+22 17.9728
172 1.19542e+22 -2.11505
171 1.15643e+22 16.1264
170 1.25008e+22 12.2217
169 1.36874e+22 8.50272
168 1.33747e+22 -14.8524
167 1.22463e+22 -27.7688
166 1.56962e+22 -1.0725
165 1.52002e+22 16.8933
164 1.59936e+22 -16.8489
163 1.46417e+22 -29.6017
162 1.3769e+22 -39.5904
161 1.77788e+22 -16.4232
160 8.88059e+21 -60.9622
159 7.46834e+20 -81.5064
158 1.6987e+22 33.1716
157 7.42833e+21 69.1133
156 1.984e+22 20.7954
155 1.43076e+22 51.4475
154 2.18778e+22 -17.6063
153 9.40177e+21 68.3723
152 1.69343e+22 -48.7367
151 2.48012e+22 -3.03203
150 1.06256e+22 67.8033
149 6.84277e+21 77.0266
148 1.91455e+22 48.3605
147 3.83106e+20 -89.7083
146 2.48039e+20 -90.8133
145 7.33979e+21 -78.8027
144 3.67483e+21 -86.1189
143 1.97039e+20 -92.067
142 1.89083e+20 -92.4156
141 1.63373e+20 -92.8111
140 1.69996e+20 -92.9632
139 1.72606e+21 91.1523
138 1.41133e+20 93.7497
137 1.29263e+20 94.2298
136 1.13363e+20 94.2665
135 1.24798e+20 94.5017
134 1.18381e+20 94.7496
133 9.00797e+19 95.4138
132 8.51801e+19 95.4256
131 8.20718e+19 95.7361
130 7.46883e+19 95.9247
129 7.96965e+19 96.0644
128 7.33047e+19 96.2023
127 7.11414e+19 96.4328
126 6.78326e+19 96.6222
125 6.08229e+19 96.718
124 4.9224e+19 97.0446
123 5.28196e+19 97.0811
122 4.93299e+19 97.2078
121 4.29585e+19 97.4139
120 4.08151e+19 97.5326
119 4.165e+19 97.5794
118 3.86144e+19 97.7651
117 3.40923e+19 97.8872
116 4.0638e+19 97.9349
115 3.42084e+19 98.0545
114 3.30697e+19 98.1558
113 3.21366e+19 98.2254
112 3.10489e+19 98.3426
111 3.29354e+19 98.4006
110 2.66056e+19 98.53
109 2.53736e+19 98.6214
108 2.42974e+19 98.709
107 2.28422e+19 98.7532
106 1.90328e+19 98.8837
105 1.907e+19 98.9346
104 1.98527e+19 98.9945
103 1.72804e+19 99.0854
102 1.55106e+19 99.155
101 1.55664e+19 99.1718
100 1.56227e+19 99.222
99 1.49064e+19 99.247
98 1.23243e+19 99.3402
97 1.25802e+19 99.3596
96 1.2151e+19 99.3837
95 1.18333e+19 99.4338
94 1.01574e+19 99.504
93 9.64565e+18 99.5348
92 8.7887e+18 99.5575
91 8.44769e+18 99.603
90 8.14014e+18 99.6195
89 7.80656e+18 99.643
88 6.76794e+18 99.6893
87 7.27708e+18 99.6942
86 6.23243e+18 99.7315
85 6.53102e+18 99.7445
84 5.40812e+18 99.7782
83 5.51049e+18 99.7776
82 4.81427e+18 99.8018
81 4.6663e+18 99.8104
80 3.91075e+18 99.8446
79 3.78756e+18 99.8569
78 3.68095e+18 99.8649
77 3.41947e+18 99.8737
76 2.81117e+18 99.9005
75 2.41791e+18 99.9105
74 2.51559e+18 99.9108
73 1.96378e+18 99.9322
72 2.02319e+18 99.9362
71 1.97125e+18 99.9371
70 1.77729e+18 99.9451
69 1.85594e+18 99.9444
68 1.82156e+18 99.954
67 9.56932e+17 99.9712
66 1.15575e+18 99.9671
65 1.08736e+18 99.9709
64 1.1172e+18 99.9702
63 8.03793e+17 99.9793
62 6.33487e+17 99.9839
61 5.32774e+17 99.9868
60 6.45756e+17 99.9849
59 5.248e+17 99.9876
58 4.66132e+17 99.9891
57 2.54982e+17 99.9945
56 4.2237e+17 99.9913
55 2.91328e+17 99.9939
54 1.45441e+17 99.9971
53 1.35964e+17 99.9974
52 1.93472e+17 99.997
51 2.64801e+17 99.9957
50 4.78417e+16 99.9992
49 8.99495e+16 99.9985
48 6.661e+16 99.9989
47 6.84265e+16 99.999
46 5.20269e+15 99.9999
45 1.20169e+16 99.9998
44 5.4153e+16 99.9993
43 3.27412e+16 99.9996
42 1.4616e+16 99.9998
41 0 100
40 3.62147e+14 100
39 3.99922e+16 99.9996
38 0 100
37 0 100
36 0 100
35 0 100
34 0 100
33 0 100
32 0 100
31 0 100
30 0 100
29 0 100
28 0 100
27 0 100
26 0 100
25 0 100
24 0 100
23 0 100
22 0 100
21 0 100
20 0 100
19 0 100
18 0 100
17 0 100
16 0 100
15 0 100
14 0 100
13 0 100
12 0 100
11 0 100
10 0 100
9 0 100
8 0 100
7 0 100
6 0 100
5 0 100
4 0 100
3 0 100
2 0 100
1 0 100
