3000 5.49313e+24 -0.000515609
2999 1.98599e+24 0.000457047
2998 3.40297e+24 -0.000203814
2997 6.12662e+24 -0.000699975
2996 5.90804e+24 -0.000836387
2995 5.81909e+24 -0.000983784
2994 1.98096e+25 0.000512077
2993 3.89234e+24 -0.000237256
2992 2.1855e+25 0.00108089
2991 1.25711e+25 0.0017741
2990 8.42691e+24 0.00195157
2989 2.18511e+25 0.000917047
2988 1.11465e+25 0.000336917
2987 6.70379e+24 -0.000828174
2986 6.30767e+24 -0.000231738
2985 1.84058e+25 0.000794482
2984 6.92478e+24 0.00128662
2983 9.04077e+24 0.000368763
2982 3.83677e+24 0.000127664
2981 7.78864e+24 0.000347773
2980 1.27911e+25 0.000431287
2979 7.23708e+24 0.000568448
2978 1.74647e+25 5.66834e-05
2977 6.50782e+24 -0.000748355
2976 4.29132e+24 -0.000928495
2975 3.83372e+24 0.000344688
2974 4.71511e+24 0.000556301
2973 4.41861e+24 -0.000574562
2972 5.07375e+24 -0.000721831
2971 5.8126e+24 -0.00122614
2970 1.41464e+25 -6.28931e-05
2969 7.62071e+24 -0.0010319
2968 9.12519e+24 -0.00214381
2967 1.62306e+25 -0.00038996
2966 4.64119e+24 0.000243776
2965 1.2585e+25 0.000265748
2964 7.63126e+24 0.000430949
2963 4.57022e+24 -0.00037021
2962 4.3464e+24 -0.00100967
2961 4.71902e+24 -0.000369662
2960 5.65226e+24 -0.00039417
2959 6.63122e+24 -0.00171067
2958 8.01766e+24 -0.00126979
2957 4.34132e+24 -0.00172005
2956 1.62278e+25 -0.000557827
2955 5.77093e+24 -8.4239e-05
2954 3.5925e+24 -5.64324e-06
2953 4.04205e+24 0.000665381
2952 9.35048e+24 -0.000429962
2951 1.62665e+25 0.000562795
2950 5.77427e+24 -4.10466e-05
2949 8.43338e+24 0.000610038
2948 7.43661e+24 -0.000449263
2947 1.33382e+25 -0.000334044
2946 4.29114e+24 -0.00187474
2945 1.09694e+25 -8.08255e-05
2944 6.35599e+24 0.000198843
2943 1.51031e+25 -8.29803e-05
2942 1.4516e+25 0.000549673
2941 9.23464e+24 0.00033015
2940 6.40214e+24 0.000810617
2939 3.15452e+24 0.000557488
2938 1.93232e+25 0.00166249
2937 1.54964e+25 0.000383598
2936 2.22563e+25 0.000261191
2935 6.33675e+24 -0.000590333
2934 1.00437e+25 -0.000638301
2933 3.9691e+24 3.57258e-05
2932 3.32636e+25 -0.000482071
2931 1.77258e+25 -0.00125496
2930 1.01485e+25 2.88751e-05
2929 7.79728e+24 -0.0003539
2928 8.92584e+24 0.000633997
2927 7.51396e+24 -0.000137854
2926 2.75674e+24 0.000319653
2925 1.21789e+25 0.00012728
2924 5.16435e+24 0.000474993
2923 2.23286e+25 0.000805548
2922 2.11395e+25 0.00229616
2921 1.15541e+25 0.00113701
2920 4.81878e+24 0.000578622
2919 1.59671e+25 1.34635e-05
2918 6.36627e+24 0.00166422
2917 1.54121e+25 0.00153438
2916 3.7921e+24 -0.000330424
2915 3.03831e+24 -0.000522364
2914 3.79447e+24 -0.0005733
2913 1.66997e+25 -0.00056387
2912 1.26049e+25 0.000394617
2911 1.09417e+25 -0.00135995
2910 8.04904e+24 -0.00242894
2909 2.88081e+25 -0.00118366
2908 9.16817e+24 -0.00128248
2907 7.91507e+24 0.000358222
2906 7.50908e+24 0.00036013
2905 1.49571e+25 -0.00118492
2904 2.61431e+25 -0.000217633
2903 6.21911e+24 5.77106e-05
2902 4.86804e+24 0.000837048
2901 6.56024e+24 0.000663454
2900 1.78791e+25 0.0018404
2899 1.1111e+25 -0.000557486
2898 4.13313e+24 -0.00118607
2897 7.97531e+24 0.000344044
2896 9.00275e+24 0.00011594
2895 1.19378e+25 0.000653819
2894 8.33172e+24 -0.000350526
2893 9.45927e+24 0.00133024
2892 5.06001e+24 -0.000175116
2891 1.06876e+25 0.000321221
2890 8.32022e+24 0.000280459
2889 2.34391e+25 -0.000465294
2888 5.9422e+24 0.000350453
2887 6.4744e+24 -0.00052624
2886 1.14229e+25 -0.000632159
2885 1.77334e+25 -0.000177458
2884 1.43457e+25 0.000371055
2883 3.57735e+24 -0.000262468
2882 2.3779e+24 -0.000424043
2881 4.39013e+24 -0.000295025
2880 2.06992e+25 0.000100992
2879 8.52355e+24 0.000369044
2878 2.29877e+25 -0.000486794
2877 6.0493e+24 -0.00119165
2876 8.77882e+24 -0.000281267
2875 1.01304e+25 -0.00107352
2874 1.6159e+25 -0.00189885
2873 8.40413e+24 0.000935118
2872 2.75416e+25 0.00089581
2871 3.69059e+24 -0.000546525
2870 9.09593e+24 5.73746e-06
2869 4.17621e+24 -0.00125878
2868 3.82974e+24 -0.00136592
2867 1.32594e+25 -0.000415615
2866 1.3451e+25 -0.000520163
2865 2.51025e+25 -0.00180563
2864 6.16577e+24 -5.98734e-05
2863 2.02994e+25 0.00073858
2862 1.63706e+25 -0.001319
2861 5.50914e+24 0.00046246
2860 4.3637e+24 0.000286972
2859 3.42691e+24 -0.000400995
2858 2.2996e+25 5.80627e-05
2857 1.38722e+25 0.000372734
2856 1.89414e+25 -0.000239272
2855 1.81484e+25 0.00205782
2854 1.81325e+25 -0.000302949
2853 2.18393e+24 0.000762957
2852 6.53084e+24 -0.000570099
2851 2.42003e+24 -0.00107136
2850 3.87318e+24 -9.62746e-05
2849 1.54628e+25 0.000869536
2848 1.26463e+25 0.000618714
2847 5.64281e+24 -0.000198382
2846 4.58652e+24 0.000188041
2845 2.99646e+25 0.000238886
2844 9.01231e+24 -0.0014395
2843 3.84935e+24 -0.000253323
2842 1.36317e+25 -0.000907984
2841 3.89989e+25 -0.000759676
2840 1.35856e+25 -0.00142263
2839 9.42843e+24 -0.00056971
2838 6.98079e+24 0.000871162
2837 6.8188e+24 0.000419543
2836 1.27801e+25 -4.90513e-05
2835 3.86159e+25 -0.000684227
2834 1.00536e+25 0.00196794
2833 1.24519e+25 -0.000215947
2832 5.21898e+24 0.000617132
2831 1.27887e+25 -1.63228e-06
2830 2.61248e+25 -0.000121646
2829 3.50113e+24 0.000815285
2828 1.23041e+25 0.000617059
2827 8.73327e+24 0.000525873
2826 9.80264e+24 -0.000749235
2825 3.09337e+25 0.00155759
2824 2.12301e+25 0.00103762
2823 1.11755e+25 0.000465912
2822 7.05636e+24 -0.00022263
2821 2.30627e+25 -0.00109204
2820 6.02413e+24 -0.00061214
2819 3.51878e+24 0.000281288
2818 4.55783e+24 0.000147687
2817 1.43822e+25 0.000318035
2816 1.22701e+25 3.43591e-06
2815 6.26479e+24 0.000383581
2814 4.04355e+24 0.000598131
2813 8.64783e+24 0.00094546
2812 5.45111e+24 -0.000534424
2811 1.0404e+25 0.000927774
2810 5.81136e+24 0.00133213
2809 7.92983e+24 -0.000460604
2808 4.32134e+24 -0.000427082
2807 3.02402e+24 0.000166845
2806 4.59759e+24 0.00028073
2805 4.55839e+25 -0.000529077
2804 3.36237e+25 -0.00063115
2803 7.01684e+24 -0.000145294
2802 1.30958e+25 0.000736182
2801 4.02965e+24 0.00179324
2800 1.10336e+25 0.000427046
2799 1.84965e+25 0.000278636
2798 7.5078e+24 -0.000612479
2797 5.05083e+24 0.000384576
2796 4.85597e+25 -0.000689245
2795 9.45758e+24 -0.000509068
2794 1.69564e+25 0.000217915
2793 1.9845e+25 -0.00012458
2792 2.07197e+25 -0.00139772
2791 3.7453e+24 -0.00196519
2790 1.64816e+25 -0.00034633
2789 5.22089e+24 -0.000723805
2788 2.31224e+25 -0.000258564
2787 2.1542e+24 0.000675803
2786 1.15418e+25 0.000200034
2785 7.1802e+24 0.00159935
2784 2.6551e+25 6.8618e-05
2783 1.51017e+25 -0.00136221
2782 1.34483e+25 -0.00133906
2781 1.46026e+25 0.000859589
2780 1.19023e+25 0.000595797
2779 3.73167e+24 -0.000666256
2778 1.01799e+25 0.00120401
2777 8.21943e+24 0.000507132
2776 2.46566e+25 -0.000582125
2775 2.28688e+25 -0.00034049
2774 6.66973e+24 -0.00121386
2773 7.91219e+24 0.000163561
2772 8.21204e+24 0.00121691
2771 6.54248e+24 -6.32093e-05
2770 5.29079e+24 -0.000285604
2769 9.49748e+24 0.000485297
2768 7.26283e+24 -0.00186097
2767 5.99454e+24 -0.0014511
2766 6.98427e+24 0.000199904
2765 9.76569e+24 0.00010254
2764 1.57767e+25 -0.000767908
2763 9.30023e+24 -0.000719918
2762 4.07889e+24 0.000634388
2761 4.0893e+24 -6.7759e-05
2760 5.76598e+24 3.68739e-05
2759 6.54179e+24 0.00139762
2758 2.70796e+25 0.000602235
2757 1.73895e+25 0.000156633
2756 1.06737e+25 -0.000875733
2755 6.28316e+24 -3.61972e-05
2754 8.38031e+24 -8.51342e-05
2753 6.60074e+24 -0.000488958
2752 7.02929e+24 -0.000419511
2751 9.29041e+24 0.00111919
2750 6.44407e+24 -0.000259927
2749 8.88615e+24 -0.000998331
2748 1.05667e+25 -0.000470495
2747 4.25905e+24 0.000384583
2746 1.53603e+25 -1.76893e-05
2745 8.61549e+24 0.000704362
2744 1.22704e+25 0.000366331
2743 1.24209e+25 0.000976904
2742 4.62808e+24 0.00123746
2741 3.24549e+24 0.000792394
2740 4.80935e+24 9.0082e-05
2739 8.44767e+24 -0.000633275
2738 2.2572e+25 0.000888544
2737 1.63623e+25 0.000659515
2736 5.04696e+24 -0.000223644
2735 7.60343e+24 -0.000212445
2734 5.75285e+24 2.25374e-05
2733 7.99022e+24 -0.00152894
2732 1.70371e+25 -0.0018192
2731 6.80371e+24 -0.000131757
2730 4.79443e+24 0.00130599
2729 6.99484e+24 0.000838157
2728 6.57313e+24 0.00103956
2727 1.44198e+25 0.000601949
2726 2.04453e+25 0.000125314
2725 5.46933e+24 0.000159945
2724 9.28828e+24 0.000755163
2723 3.16012e+24 0.00106634
2722 2.14573e+25 0.000364657
2721 6.8863e+24 0.000553483
2720 8.76765e+24 -0.000677137
2719 1.92564e+25 0.000856174
2718 1.05337e+25 -0.00123469
2717 4.91009e+24 -0.00147436
2716 5.96098e+24 -0.00110223
2715 8.29694e+24 8.17438e-05
2714 8.00147e+24 -0.000790727
2713 1.09753e+25 -0.000119604
2712 8.39346e+24 1.23744e-05
2711 1.75374e+25 -0.00160886
2710 9.241e+24 -0.000503778
2709 3.7844e+24 0.000964004
2708 5.12777e+24 0.00135018
2707 6.2031e+24 0.000767797
2706 2.36524e+25 -4.55909e-05
2705 1.16417e+25 0.000603245
2704 7.14177e+24 -0.000191026
2703 1.75082e+25 -0.000803247
2702 6.31812e+24 -0.000531386
2701 8.81177e+24 -0.000187858
2700 7.29392e+24 0.000774204
2699 8.98225e+24 -0.000132516
2698 7.96379e+24 -0.00121115
2697 5.19631e+24 -0.000886408
2696 2.24411e+25 -0.000599924
2695 2.38616e+25 -0.000680957
2694 2.92602e+25 -0.000314931
2693 1.13642e+25 -0.000324076
2692 8.61866e+24 -0.00125244
2691 9.76176e+24 -0.000538727
2690 4.29329e+25 0.000396929
2689 1.79564e+25 0.000811402
2688 2.57732e+25 0.00171795
2687 4.11406e+24 0.000970166
2686 6.52829e+24 -2.57353e-05
2685 1.11786e+25 0.000639476
2684 1.4221e+25 0.000710652
2683 6.29698e+24 -0.00044823
2682 1.19225e+25 -0.000422666
2681 8.95297e+24 -0.00128514
2680 4.87999e+24 -0.000507761
2679 9.93058e+24 0.000751901
2678 5.51714e+24 0.000601448
2677 5.04336e+24 0.00125377
2676 4.00813e+24 0.000375071
2675 1.13902e+25 -0.000227816
2674 1.44076e+25 -0.000159742
2673 5.32615e+24 -0.00118137
2672 6.5577e+24 -0.00139467
2671 5.20587e+25 -0.00058235
2670 7.48548e+24 0.00131569
2669 4.10269e+24 0.000499
2668 1.34596e+25 0.000467598
2667 1.01546e+25 0.000611722
2666 8.50347e+24 0.00082213
2665 4.87245e+24 0.000247255
2664 1.69578e+25 0.000410615
2663 8.71605e+24 0.000975651
2662 7.51868e+24 -0.00119185
2661 3.8888e+25 -0.00150968
2660 2.17268e+25 0.000569592
2659 1.66006e+25 0.00165905
2658 8.36052e+24 0.00104061
2657 1.30339e+25 0.000220013
2656 6.9736e+24 -9.33283e-05
2655 4.8079e+24 -0.000648039
2654 1.30736e+25 -0.000917939
2653 2.49518e+25 -0.00063081
2652 1.01175e+25 0.000516431
2651 2.02433e+25 0.000724501
2650 9.97016e+24 0.00106942
2649 1.40007e+25 0.00120547
2648 1.65783e+25 -4.52602e-05
2647 2.09225e+25 0.000170533
2646 6.49731e+24 -0.000347486
2645 5.56343e+24 7.91542e-05
2644 4.90016e+24 0.000623588
2643 6.3767e+24 0.000272301
2642 2.01785e+25 3.4116e-05
2641 2.10973e+25 -0.000190117
2640 2.48668e+25 0.000774613
2639 4.95625e+24 -0.000149861
2638 5.35303e+24 0.000183694
2637 1.14478e+25 -0.000624925
2636 9.76734e+24 0.000798567
2635 3.65644e+25 -6.92064e-05
2634 3.15122e+24 -0.000903717
2633 1.20115e+25 -0.000592641
2632 9.03461e+24 0.000646503
2631 5.07709e+24 -0.00010106
2630 1.40938e+25 0.000180294
2629 7.3906e+24 0.00112074
2628 2.04979e+25 0.000372482
2627 2.15541e+25 -0.000634729
2626 4.93686e+24 0.00110225
2625 1.45931e+25 0.000309719
2624 2.2872e+25 -0.000991822
2623 8.7081e+24 0.00105876
2622 2.42195e+25 0.000243469
2621 6.61579e+24 -0.000479346
2620 1.08855e+25 -9.89309e-05
2619 3.74297e+24 -0.00153265
2618 1.05948e+25 -0.00104638
2617 5.50952e+24 -0.000415084
2616 1.30492e+25 -0.000668042
2615 1.16015e+25 -0.00063042
2614 4.99865e+24 -0.000254346
2613 3.32644e+24 0.00034411
2612 5.5167e+24 0.00019635
2611 7.32534e+24 0.000460737
2610 1.8315e+25 0.00082985
2609 3.4636e+25 0.00139682
2608 6.68815e+24 0.000918405
2607 6.5119e+24 0.000345404
2606 4.31874e+24 0.00146797
2605 1.17935e+25 0.0003115
2604 2.31922e+24 -0.000131681
2603 4.0647e+24 -0.000304826
2602 5.81291e+24 0.000279186
2601 2.00541e+25 0.00101307
2600 1.69441e+25 0.000796895
2599 6.83395e+24 -1.12203e-05
2598 8.25235e+24 1.20331e-05
2597 6.84892e+24 -0.000366928
2596 4.69951e+24 -0.000591065
2595 1.02538e+25 -0.00102759
2594 1.71573e+25 9.57735e-05
2593 2.8804e+25 0.00119988
2592 2.22396e+25 0.001358
2591 2.1533e+25 -0.00158915
2590 1.19689e+25 -0.00192595
2589 7.10946e+24 -0.001318
2588 8.78258e+24 -0.000300939
2587 2.37908e+25 0.000755001
2586 4.66758e+25 -0.000406688
2585 1.3389e+25 -0.000533958
2584 7.39597e+24 0.000782162
2583 3.31864e+25 -0.00141148
2582 3.5181e+24 -0.0023749
2581 3.49682e+24 -0.00105419
2580 1.58351e+25 -0.000202757
2579 9.44972e+24 -0.00136779
2578 5.05329e+24 -0.000360078
2577 2.23097e+25 0.00022509
2576 1.14251e+25 0.000733081
2575 9.89543e+24 0.000597167
2574 4.74038e+24 0.0014969
2573 2.08326e+25 0.000644673
2572 3.87572e+24 9.43283e-05
2571 1.74766e+25 0.000220874
2570 2.41995e+25 0.00101213
2569 1.00928e+25 0.00191071
2568 4.78344e+24 0.000506652
2567 5.06616e+24 0.000539321
2566 1.66948e+25 0.00140496
2565 8.41808e+24 0.00202997
2564 1.68878e+25 -0.00053322
2563 8.52497e+24 -0.00141331
2562 9.97236e+24 0.000278156
2561 1.31703e+25 0.0010415
2560 2.70152e+25 0.0012232
2559 5.67217e+24 -0.0013638
2558 2.2736e+25 0.000683809
2557 2.26932e+25 0.00024585
2556 7.7339e+24 0.000458619
2555 1.45967e+25 -0.00183034
2554 1.96513e+24 -0.000834525
2553 3.21217e+25 0.00107797
2552 8.7577e+24 0.00205977
2551 1.19613e+25 0.0019756
2550 6.11751e+24 -0.000523883
2549 2.89252e+25 0.000402411
2548 6.3039e+24 0.000347575
2547 1.42275e+25 0.000630459
2546 2.70335e+24 -0.000473192
2545 6.47541e+24 -0.0002034
2544 1.33811e+25 -0.000679398
2543 1.95551e+25 -0.000464506
2542 2.25281e+25 0.000952249
2541 5.84334e+24 0.000999119
2540 6.54339e+24 0.000278578
2539 7.94306e+24 -0.000390819
2538 9.60635e+24 -0.000138333
2537 1.52471e+25 0.00163725
2536 1.46019e+25 0.00169649
2535 9.84507e+24 0.00048568
2534 7.84656e+24 0.00243043
2533 1.32799e+25 0.000441904
2532 1.16164e+25 0.000704056
2531 7.13179e+24 0.000196728
2530 1.03722e+25 -0.000221026
2529 7.15716e+24 -0.000661204
2528 7.28075e+24 -0.000152437
2527 4.4045e+25 -0.000265329
2526 2.1757e+25 -0.000278259
2525 1.21327e+25 -0.000888346
2524 1.21499e+25 -0.00137314
2523 5.05226e+24 0.000124147
2522 5.853e+24 -0.00117443
2521 1.03355e+25 -0.00115894
2520 1.92173e+25 -0.00100284
2519 6.64637e+24 -0.000678751
2518 1.05124e+25 -0.000953878
2517 6.67907e+24 -0.00034275
2516 6.9358e+24 -0.000895284
2515 6.08367e+24 4.3139e-06
2514 1.8309e+25 -0.00078574
2513 2.0922e+25 -0.00123786
2512 1.5291e+25 -0.00172807
2511 1.03672e+25 -0.00167991
2510 1.14045e+25 0.000604899
2509 9.00838e+24 0.000492172
2508 9.2958e+24 0.000313244
2507 1.65532e+25 -0.00037935
2506 2.41349e+25 0.000506172
2505 4.13881e+24 0.000675549
2504 3.56856e+24 -0.00025805
2503 1.84863e+25 0.000427818
2502 2.05505e+25 -0.000928185
2501 2.47776e+25 0.00196259
2500 2.3572e+25 0.000208342
2499 1.06967e+25 -3.20821e-05
2498 4.53305e+24 0.000827976
2497 1.41309e+25 0.000650286
2496 1.07304e+25 -0.000379072
2495 1.4388e+25 -0.000923541
2494 4.71179e+24 -0.000649062
2493 9.15448e+24 -0.000300519
2492 1.49489e+25 -0.000937315
2491 2.83637e+24 0.000602045
2490 2.71509e+25 -0.000708925
2489 1.15153e+25 -0.000941385
2488 2.35932e+25 -0.00231441
2487 2.5827e+25 -0.000296777
2486 9.20157e+24 0.000902589
2485 3.81015e+24 0.00192406
2484 3.47722e+25 0.00141948
2483 6.30985e+24 4.62116e-06
2482 8.68207e+24 0.000318562
2481 1.22893e+25 0.00100807
2480 2.94332e+25 0.000976711
2479 1.44574e+25 0.000200394
2478 1.06266e+25 -0.000323432
2477 1.57686e+25 -0.000736694
2476 3.17328e+25 -0.000726285
2475 1.67767e+25 0.000861171
2474 1.64652e+25 0.00163325
2473 5.53903e+24 -0.000434259
2472 1.48167e+25 -0.000274121
2471 6.06488e+24 0.000696982
2470 1.02311e+25 0.000467302
2469 3.21088e+24 0.000289268
2468 6.58496e+24 -0.00014319
2467 3.9692e+24 -0.00123735
2466 1.14013e+25 -0.00146018
2465 6.03126e+24 -6.23724e-05
2464 1.26261e+25 0.000550051
2463 2.41792e+25 0.000915423
2462 3.88668e+25 3.5914e-05
2461 2.17403e+25 1.62964e-05
2460 1.65954e+25 -0.000731983
2459 1.34954e+25 -0.000866265
2458 4.62349e+24 -0.000641727
2457 9.42148e+24 0.000238483
2456 2.69548e+25 0.00030801
2455 2.50847e+25 0.000429625
2454 5.78705e+24 0.00161095
2453 2.92671e+25 0.000601954
2452 7.80843e+24 0.00129121
2451 8.82485e+24 0.00234417
2450 3.48507e+25 0.00127653
2449 1.5385e+25 -0.00109599
2448 2.76422e+24 -0.000213501
2447 7.29713e+24 0.000386148
2446 1.00797e+25 0.000145904
2445 1.33909e+25 0.000535098
2444 2.47556e+25 0.000306439
2443 6.27498e+24 9.83998e-05
2442 1.8379e+25 -3.45393e-05
2441 8.27137e+24 -0.000316129
2440 1.5185e+25 0.000627797
2439 1.61359e+25 -0.000404769
2438 6.13063e+24 0.00112251
2437 3.60438e+25 -4.6764e-05
2436 3.53086e+25 -0.00111616
2435 1.75798e+25 0.000345815
2434 1.06983e+25 -0.00102479
2433 1.83969e+25 -0.000645289
2432 2.91332e+25 3.41283e-05
2431 5.42517e+24 -0.000599816
2430 1.81519e+25 -0.000756298
2429 5.14186e+24 -0.000339879
2428 2.40489e+25 0.000251639
2427 4.68543e+24 0.00192173
2426 6.43452e+24 0.00164233
2425 1.28499e+25 0.00150732
2424 7.8667e+24 0.000163688
2423 1.64124e+25 2.55555e-05
2422 1.12387e+25 0.000671699
2421 9.40805e+24 -0.0009816
2420 9.58905e+24 -2.09241e-05
2419 3.18822e+24 -0.000198636
2418 3.46241e+24 0.000696428
2417 9.71298e+24 0.000652351
2416 5.97475e+24 0.00104448
2415 9.23278e+24 0.000724532
2414 1.41128e+25 0.00101998
2413 1.43897e+25 0.000223478
2412 1.57428e+25 0.000402342
2411 1.05176e+25 -0.000144079
2410 1.21646e+25 0.000316949
2409 3.03e+25 0.00134142
2408 4.60835e+24 -0.000795737
2407 9.45679e+24 0.000401005
2406 1.38079e+25 -5.51257e-05
2405 1.05176e+25 0.000531889
2404 8.87631e+24 5.9166e-05
2403 2.41817e+25 -0.00203564
2402 1.59639e+25 -0.00213417
2401 1.59207e+25 -0.000587464
2400 5.49009e+24 -0.000375684
2399 6.92075e+24 -1.55946e-05
2398 5.51425e+24 -0.000360538
2397 1.46596e+25 0.00036267
2396 8.56936e+24 0.000469352
2395 1.45084e+25 0.00034452
2394 1.74635e+25 -0.000683666
2393 1.85561e+25 0.000137166
2392 2.94675e+25 0.00114427
2391 9.8168e+24 0.00210228
2390 1.79625e+25 0.000266187
2389 7.26211e+24 -0.000453525
2388 1.92036e+25 6.73458e-05
2387 1.55015e+25 -4.77684e-05
2386 7.97133e+24 -3.68232e-05
2385 8.62549e+24 0.00189843
2384 9.34827e+24 0.000879534
2383 1.56697e+25 -0.000225041
2382 1.98204e+25 -0.000101255
2381 9.69271e+24 6.89492e-05
2380 8.88052e+24 0.000325371
2379 3.99672e+25 -0.000608928
2378 1.4588e+25 2.17707e-05
2377 4.96095e+24 -0.000891957
2376 1.06116e+25 -0.00074915
2375 1.43052e+25 0.00117052
2374 9.47264e+24 -2.43778e-05
2373 6.75518e+24 0.000545737
2372 3.07796e+25 0.000450382
2371 4.67155e+24 -0.00186845
2370 1.4345e+25 -0.000236767
2369 5.10592e+24 -0.000896322
2368 5.78849e+24 -0.00120634
2367 2.51014e+25 -0.000662637
2366 1.01534e+25 0.000833284
2365 6.82863e+24 0.000798193
2364 7.58783e+24 -0.00051978
2363 2.71087e+25 1.41368e-05
2362 1.97207e+25 0.00103478
2361 1.11086e+25 -0.00166672
2360 2.33875e+25 0.000280555
2359 1.24036e+25 0.000673166
2358 2.08908e+25 0.000456585
2357 5.85792e+24 0.00163315
2356 8.40028e+24 0.000844824
2355 1.16357e+25 3.80484e-05
2354 2.2104e+25 -0.000395166
2353 4.83703e+24 -0.00086406
2352 1.68693e+25 -0.00186208
2351 1.00085e+25 0.000121912
2350 1.80595e+25 -0.00123465
2349 1.00275e+25 0.000943076
2348 4.1312e+24 0.000900217
2347 1.83963e+25 8.08239e-05
2346 2.26328e+25 0.000489438
2345 3.92503e+25 -0.000375881
2344 9.13524e+24 0.00197066
2343 2.10846e+25 0.00211402
2342 5.07889e+24 0.00188745
2341 1.00721e+25 0.00145169
2340 3.97284e+25 -0.000551211
2339 8.18464e+24 -0.000997389
2338 7.05554e+24 -4.65799e-05
2337 8.82181e+24 0.000429648
2336 1.35438e+25 -0.00128206
2335 1.06263e+25 -0.00145861
2334 1.65962e+25 -0.000117101
2333 4.05987e+24 0.000466912
2332 9.37459e+24 0.000750013
2331 3.1198e+24 0.000946425
2330 1.47286e+25 0.000873421
2329 1.51254e+25 -0.000245197
2328 4.69856e+24 -0.000832694
2327 1.51122e+25 0.000146462
2326 2.25488e+25 -0.00109074
2325 2.72008e+25 -0.00124282
2324 2.63222e+25 0.00120679
2323 1.72805e+25 -3.26448e-05
2322 5.76721e+24 -0.000253448
2321 1.99599e+25 0.000927331
2320 3.32075e+25 0.00122534
2319 1.19792e+25 -0.000535918
2318 1.29757e+25 -2.00475e-05
2317 1.04403e+25 -0.000289688
2316 1.86546e+25 7.858e-05
2315 3.4913e+25 0.000419138
2314 1.74098e+25 0.00168058
2313 3.01758e+24 0.00137465
2312 2.71385e+25 0.000296833
2311 6.90108e+24 -0.00131035
2310 2.27209e+25 -0.00121554
2309 1.10311e+25 -0.00149119
2308 6.50633e+24 0.000473773
2307 2.06991e+25 0.00142692
2306 1.51072e+25 -0.001094
2305 1.396e+25 -0.00106433
2304 1.67221e+25 0.000732326
2303 1.33408e+25 0.000147044
2302 3.90621e+24 -0.00068596
2301 4.06584e+24 -0.00152013
2300 5.09966e+25 0.000614398
2299 1.39232e+25 0.000686003
2298 1.29054e+25 0.000460723
2297 1.234e+25 0.000529932
2296 4.54853e+24 -0.000180928
2295 7.16818e+24 -0.000328839
2294 2.58492e+25 0.000853681
2293 1.43027e+25 0.000599758
2292 7.1176e+24 0.00127742
2291 5.37885e+24 0.00274075
2290 5.7421e+24 0.000999878
2289 1.16049e+25 -0.000300166
2288 6.65148e+24 -0.00149927
2287 2.98013e+25 -0.000517864
2286 2.17454e+25 0.00079192
2285 9.51107e+25 -0.000771336
2284 2.33917e+25 -0.000697184
2283 8.93679e+24 -0.00166215
2282 8.64471e+24 -0.00130548
2281 4.44462e+24 -0.00172598
2280 2.77562e+25 -0.00178762
2279 5.84058e+24 -9.66984e-05
2278 2.42529e+25 0.000187554
2277 5.61624e+24 0.000830082
2276 2.52685e+24 0.00112703
2275 1.40541e+25 0.000325345
2274 8.49515e+24 0.000316109
2273 4.09843e+24 -0.000419541
2272 4.32204e+24 -0.00242806
2271 6.33206e+24 -0.00192716
2270 1.21993e+25 -0.000736344
2269 1.1473e+25 0.00051244
2268 1.18337e+25 0.00098968
2267 5.31395e+24 0.00183002
2266 8.71978e+24 0.0012486
2265 1.41119e+25 0.000255031
2264 2.30482e+25 0.000890189
2263 1.34673e+25 0.000651744
2262 6.00245e+24 0.00112397
2261 2.09815e+25 0.000486037
2260 2.77245e+25 -6.823e-05
2259 9.49258e+24 0.00033039
2258 5.10121e+24 -0.000806475
2257 6.9478e+24 -0.000505521
2256 5.52809e+24 9.79737e-05
2255 4.99701e+25 -0.00272164
2254 4.76162e+25 -0.000804628
2253 7.44315e+24 0.000911376
2252 8.02812e+24 0.000212219
2251 9.37987e+24 0.000868936
2250 6.19595e+24 0.0014089
2249 1.06799e+25 0.000266098
2248 1.56372e+25 -0.00054546
2247 6.43535e+24 -0.00018248
2246 3.15427e+25 0.00083797
2245 1.10368e+25 0.00077612
2244 2.06402e+25 -5.86783e-05
2243 1.84662e+25 0.000151564
2242 4.33238e+24 0.000404509
2241 8.15564e+24 0.000670827
2240 6.30538e+24 -0.000692844
2239 4.81987e+24 4.36437e-05
2238 7.36254e+24 0.000859382
2237 6.36283e+24 0.000525742
2236 4.41077e+24 -0.000153974
2235 1.51746e+25 0.000369278
2234 1.70561e+25 -0.00116673
2233 1.60274e+25 -0.00128184
2232 6.576e+24 -0.00060883
2231 1.25922e+25 0.00122522
2230 1.20284e+25 0.000788103
2229 3.96015e+25 -0.00128904
2228 2.60822e+25 -0.000423228
2227 4.37276e+24 -0.00108948
2226 7.12929e+24 -0.00114096
2225 2.45003e+25 -0.000782879
2224 1.43867e+25 -0.000918204
2223 1.00124e+25 -0.00166146
2222 1.63507e+25 -0.000279047
2221 5.20139e+24 0.000373433
2220 1.6871e+25 0.000271309
2219 1.1441e+25 -0.00052342
2218 1.27025e+25 0.00020421
2217 7.98263e+24 0.000576783
2216 2.4023e+25 -0.00051731
2215 8.2649e+24 -0.00111828
2214 1.32738e+25 0.000540586
2213 9.69914e+24 -0.000228536
2212 7.81667e+24 -0.000954121
2211 2.50506e+25 -0.000701311
2210 1.49094e+25 -0.00105215
2209 1.28631e+25 0.000249724
2208 8.2168e+24 -0.00204801
2207 1.4797e+25 -0.000838277
2206 8.31766e+24 -0.000431237
2205 9.70012e+24 -0.000483368
2204 8.91452e+24 -0.000431203
2203 1.73379e+25 -0.000956669
2202 1.0693e+25 -0.000459134
2201 5.67745e+24 0.00114931
2200 8.71889e+24 0.00124483
2199 1.66415e+25 0.000305999
2198 8.38511e+24 -0.000863326
2197 1.16785e+25 0.000738259
2196 2.64996e+25 -0.000550849
2195 6.33272e+24 -0.00130952
2194 9.60587e+24 9.03269e-05
2193 5.60497e+24 8.60242e-05
2192 7.74103e+24 0.000351001
2191 1.67657e+25 -0.000739346
2190 4.60235e+25 -0.00146976
2189 1.89034e+25 -0.000738049
2188 6.523e+24 -1.44377e-05
2187 6.37709e+24 0.000953029
2186 1.93439e+25 0.000223207
2185 1.26247e+25 -2.24397e-05
2184 1.96807e+25 -0.000383457
2183 4.514e+25 -9.30116e-05
2182 2.55208e+25 0.00161249
2181 1.02633e+25 -0.000259357
2180 1.34386e+25 -0.000973727
2179 9.7791e+24 -0.000918859
2178 8.54949e+24 -0.00060279
2177 7.41066e+24 -0.00104374
2176 3.40138e+25 -0.000196319
2175 2.92753e+25 7.89344e-06
2174 9.23244e+24 0.000618971
2173 3.84097e+24 -0.00022761
2172 7.80243e+24 -0.00131826
2171 7.81145e+24 -0.00195593
2170 2.29015e+25 0.000739262
2169 1.63062e+25 0.00166554
2168 1.38809e+25 -0.000493543
2167 2.62096e+25 -0.00110727
2166 1.81456e+25 -0.000450018
2165 3.53777e+25 -0.0011091
2164 2.12875e+25 -0.00204794
2163 2.7013e+25 -0.000986053
2162 1.84606e+25 -0.00082167
2161 1.28485e+25 0.00103228
2160 1.39721e+25 -0.000376473
2159 7.24805e+24 0.000443759
2158 5.20773e+24 0.000117208
2157 5.67818e+24 -0.000525219
2156 8.43074e+24 -0.000257759
2155 2.49678e+25 -0.000959463
2154 3.49791e+25 0.00128707
2153 3.9223e+25 -0.000316669
2152 1.24717e+25 -0.00108531
2151 3.19202e+25 -0.000731334
2150 2.0227e+25 0.000508895
2149 5.127e+24 0.00034794
2148 7.07209e+24 -0.00019188
2147 8.52026e+24 5.46953e-05
2146 3.68781e+25 7.56845e-05
2145 1.5896e+25 0.000455088
2144 1.83379e+25 0.000308668
2143 1.72726e+25 0.0012694
2142 2.55149e+25 0.000684622
2141 9.76065e+24 0.000815547
2140 2.43284e+25 -0.000378315
2139 1.523e+25 -0.00142169
2138 2.14899e+25 -0.000302496
2137 2.56564e+25 0.00131867
2136 2.57848e+25 0.000861894
2135 1.48892e+25 0.00017124
2134 2.31127e+25 0.00151694
2133 5.66056e+24 0.000314251
2132 5.28963e+24 -9.38101e-05
2131 1.22785e+25 0.000376282
2130 3.44007e+25 -0.000846991
2129 1.02197e+25 -9.24059e-05
2128 5.66106e+24 0.00020538
2127 2.13278e+25 -2.32545e-05
2126 2.28808e+25 -0.00154806
2125 1.99141e+25 -0.00232988
2124 1.39961e+25 1.06728e-05
2123 5.5692e+24 0.00027391
2122 2.92221e+25 0.000563754
2121 1.0378e+25 -0.000260357
2120 4.0155e+24 -0.000317641
2119 3.56836e+24 0.000306747
2118 1.78733e+25 -0.00142078
2117 2.55824e+25 -0.000404691
2116 8.2594e+24 -0.00061599
2115 1.41167e+25 0.00149264
2114 4.09586e+25 0.000411003
2113 4.51731e+24 0.000814451
2112 1.90586e+25 0.00131986
2111 1.89132e+25 -6.58779e-05
2110 3.08742e+25 0.000156115
2109 7.25776e+24 0.00114841
2108 8.17895e+24 -0.000296688
2107 1.57916e+25 -7.30959e-05
2106 2.9554e+25 -0.000131029
2105 3.13348e+25 -0.00125168
2104 7.16248e+24 0.000351454
2103 6.12071e+24 -0.000266309
2102 3.84133e+24 -0.000500899
2101 2.37755e+25 -0.00030776
2100 7.81537e+24 0.00169521
2099 9.70625e+24 0.000474875
2098 2.69047e+25 0.000397749
2097 2.08669e+25 -0.000244807
2096 5.18568e+24 -0.000107888
2095 1.44639e+25 0.000788119
2094 2.83257e+25 -0.000362344
2093 1.15258e+25 -0.0018397
2092 1.98469e+25 -0.0024673
2091 9.57101e+24 1.42391e-05
2090 1.8784e+25 0.00021312
2089 1.12991e+25 -0.00104597
2088 5.66614e+24 -0.00138766
2087 9.88671e+24 -0.00126448
2086 1.54497e+25 -0.000786461
2085 9.08077e+24 -4.39775e-05
2084 3.30092e+25 -0.00110585
2083 2.16548e+25 0.00163885
2082 6.13234e+24 0.00104344
2081 9.37467e+24 0.00202281
2080 7.99259e+24 0.00146419
2079 3.7267e+24 0.00135946
2078 1.65829e+25 0.000224287
2077 1.35398e+25 0.00160743
2076 6.47832e+24 9.20457e-05
2075 8.80691e+24 0.00020822
2074 1.16452e+25 -0.000537566
2073 2.44017e+24 -0.000635103
2072 7.25815e+24 -0.000452004
2071 1.21056e+25 -0.000865904
2070 1.16224e+25 -0.000790017
2069 2.00012e+25 -0.000695181
2068 2.18974e+25 0.000513813
2067 2.65183e+25 -0.00131703
2066 1.91297e+25 -0.000589677
2065 7.76724e+24 0.000937091
2064 3.32187e+25 -0.000239198
2063 1.1053e+25 -0.00141007
2062 2.34497e+25 -0.00144883
2061 4.17614e+24 -0.000340067
2060 6.10828e+24 -0.000299984
2059 1.36701e+25 -0.000713597
2058 7.99489e+24 0.000436304
2057 3.0298e+25 0.000571506
2056 1.82585e+25 3.07963e-05
2055 5.77512e+24 -0.00109904
2054 1.90753e+25 0.00099336
2053 6.6262e+25 2.51168e-06
2052 3.19192e+25 0.000794486
2051 2.722e+25 -0.000265862
2050 2.32811e+25 -0.000924564
2049 1.43703e+25 -0.00108188
2048 1.13301e+25 -0.000787372
2047 1.41865e+25 -0.000235909
2046 2.58901e+25 0.00165749
2045 2.22668e+25 -0.000271234
2044 2.00099e+25 -0.00129569
2043 1.02603e+25 -0.000591453
2042 6.68195e+24 0.000120819
2041 5.03217e+24 5.41308e-05
2040 2.53817e+25 -0.00109983
2039 1.13216e+25 -0.000484779
2038 8.40693e+24 -0.000183907
2037 9.05899e+24 0.000303208
2036 1.01024e+25 -0.000781844
2035 3.37591e+25 0.000234177
2034 1.12663e+25 0.00200509
2033 1.29918e+25 0.00117908
2032 1.84303e+25 -0.0011118
2031 7.69735e+24 -0.00056501
2030 1.21952e+25 0.000718217
2029 2.73414e+24 0.000167329
2028 4.51721e+24 0.00044141
2027 1.95707e+25 -0.00153837
2026 1.90366e+25 -0.00100512
2025 1.92915e+25 0.000895904
2024 1.34017e+25 0.00112737
2023 6.78321e+24 0.000348175
2022 4.18386e+25 0.000157742
2021 1.96928e+25 0.000451671
2020 5.37761e+25 0.00142242
2019 2.02069e+25 -0.00155121
2018 8.95657e+24 -0.000612506
2017 1.11899e+25 0.000559782
2016 6.63213e+24 -0.000440589
2015 1.40833e+25 0.000680246
2014 6.85103e+24 -0.000171911
2013 1.88374e+25 0.000210016
2012 2.61535e+25 0.000504192
2011 4.12497e+25 0.00104218
2010 1.5923e+25 0.00192057
2009 1.29973e+25 0.00142712
2008 8.88604e+24 0.000202405
2007 1.40021e+25 -0.00067344
2006 1.7073e+25 0.0007922
2005 1.22567e+25 -0.00044167
2004 1.63422e+25 -0.00129001
2003 8.34853e+24 -0.000333938
2002 3.24382e+25 -0.000793279
2001 5.47333e+24 -0.000309518
2000 1.06939e+25 -0.000265957
1999 5.95177e+24 0.00018549
1998 1.66214e+25 0.00136841
1997 2.10513e+25 0.000611216
1996 1.48298e+25 0.00130763
1995 1.12195e+25 0.000594822
1994 1.37281e+25 0.00179907
1993 8.21142e+24 0.00116306
1992 9.79613e+24 0.00123482
1991 1.42387e+25 -0.000988318
1990 1.29723e+25 -0.000259509
1989 2.59912e+24 0.000209489
1988 1.07182e+25 -0.000619403
1987 6.28155e+24 -0.000381177
1986 3.74265e+25 0.0011267
1985 1.68411e+25 -0.000163853
1984 1.61246e+25 0.00132957
1983 9.27609e+24 0.00103803
1982 2.39078e+25 0.000458896
1981 6.34213e+24 -0.00064568
1980 1.83413e+25 -0.000404929
1979 9.7741e+24 0.000634443
1978 4.60649e+24 -0.000233419
1977 2.4825e+25 -0.000356937
1976 5.65529e+24 -0.00127571
1975 1.82852e+25 -0.0011992
1974 1.10858e+25 0.00107369
1973 8.5309e+24 0.0016771
1972 1.60782e+25 0.00186104
1971 1.75754e+25 0.000714588
1970 3.84235e+25 -0.00023943
1969 7.88678e+24 0.00013087
1968 4.53431e+24 -0.000723485
1967 2.03329e+25 -7.64003e-05
1966 3.34742e+24 0.000313316
1965 6.67965e+24 0.000973963
1964 1.74233e+25 0.000985137
1963 1.07178e+25 2.91198e-05
1962 1.48737e+25 -0.000641198
1961 1.51332e+25 -7.42408e-05
1960 1.10728e+25 -0.000666172
1959 6.81525e+24 0.000557045
1958 1.37934e+25 0.000930571
1957 1.22533e+25 0.00055729
1956 1.70813e+25 -0.000538071
1955 6.28377e+24 0.00044771
1954 1.53085e+25 9.09424e-07
1953 9.87695e+24 0.00114146
1952 1.92317e+25 0.00122907
1951 2.51084e+25 0.00179745
1950 6.83551e+24 0.001096
1949 4.32034e+24 -1.75796e-05
1948 4.00415e+24 -0.000152516
1947 1.83828e+25 -0.00047139
1946 2.55261e+25 -0.000717288
1945 1.25537e+25 -0.000526322
1944 1.26645e+25 -0.00052663
1943 7.44865e+24 -0.00116128
1942 8.90209e+24 0.000488125
1941 3.11159e+25 0.000258941
1940 2.15894e+25 -0.00067044
1939 3.94967e+25 -0.000704747
1938 2.74854e+25 -0.00222685
1937 1.52608e+25 -0.000942227
1936 1.66854e+25 -0.00162837
1935 2.39388e+25 -0.00223097
1934 2.46196e+25 -0.00118184
1933 1.36704e+25 0.000701676
1932 7.98072e+24 -0.000177185
1931 5.99753e+24 0.000477567
1930 5.72714e+25 -0.000332899
1929 3.42254e+24 -0.00163919
1928 1.67123e+25 -0.000480341
1927 1.07646e+25 -0.00103496
1926 1.11898e+25 -0.000619849
1925 1.16687e+25 -0.000834067
1924 1.84704e+25 0.000490892
1923 1.37045e+25 5.89149e-05
1922 1.22897e+25 -0.000137692
1921 2.44012e+25 -4.7475e-06
1920 9.96809e+24 0.000977301
1919 7.05775e+24 0.000378067
1918 8.89484e+24 -8.12828e-05
1917 1.1577e+25 0.000430895
1916 1.96646e+25 0.000543439
1915 1.1793e+25 0.0020925
1914 4.66036e+25 -0.000802932
1913 7.55824e+24 -0.00112731
1912 2.13466e+25 -2.88088e-05
1911 7.60184e+24 0.00122878
1910 1.67174e+25 -0.000311036
1909 2.53494e+25 -0.000343852
1908 2.11704e+25 -0.000300535
1907 1.78169e+25 0.000967871
1906 4.08141e+25 -4.20948e-05
1905 5.75584e+24 0.000911865
1904 4.29261e+24 5.34478e-05
1903 9.88248e+24 0.000848086
1902 1.27605e+25 0.000251136
1901 3.01213e+25 -0.000292222
1900 1.30281e+25 -2.52254e-05
1899 5.76745e+24 -0.000699883
1898 2.98342e+25 0.000407912
1897 1.58316e+25 0.000565645
1896 1.56182e+25 0.0001065
1895 3.09737e+25 0.000297657
1894 3.05159e+24 0.00165967
1893 1.68275e+25 0.00171833
1892 1.5532e+25 0.000409402
1891 6.3144e+24 -0.000156912
1890 1.61539e+25 0.000462384
1889 9.73554e+24 0.000599533
1888 4.77688e+24 0.000395663
1887 7.97176e+24 0.00109271
1886 6.33545e+24 9.79e-05
1885 2.20625e+25 0.000523439
1884 4.00249e+25 -1.69651e-05
1883 1.91547e+25 1.10676e-06
1882 4.21018e+24 -0.000145464
1881 3.27651e+25 0.000332895
1880 4.28142e+25 0.00039303
1879 4.50739e+25 0.0010191
1878 9.25286e+24 0.00142117
1877 4.41975e+24 0.000358088
1876 1.55869e+25 0.000897331
1875 1.15792e+25 0.000226175
1874 1.49113e+25 0.000996549
1873 2.7889e+25 0.000286618
1872 6.95351e+24 -0.000774113
1871 1.30562e+25 -0.000648581
1870 5.56805e+24 -3.47636e-06
1869 6.86399e+24 -3.47625e-05
1868 4.68893e+25 -0.000531882
1867 2.93139e+25 -0.00229657
1866 8.94669e+24 -0.00153046
1865 8.056e+24 -0.000867623
1864 1.06144e+25 -0.00053597
1863 1.18415e+25 -0.000750346
1862 3.76107e+24 -0.000555156
1861 1.27308e+25 -0.000853535
1860 1.53641e+25 0.000463955
1859 8.7025e+24 -0.000228844
1858 1.14933e+25 0.000658453
1857 6.10795e+25 -0.000518619
1856 1.1379e+25 -0.00131315
1855 1.00599e+25 -0.000403694
1854 8.94762e+24 -6.09304e-05
1853 2.58919e+25 -0.000213609
1852 3.22147e+25 -0.000346001
1851 2.28858e+24 0.00133007
1850 3.16562e+25 -7.3238e-08
1849 9.81778e+24 -0.000700602
1848 1.06748e+26 -0.000697802
1847 1.16379e+25 0.000732771
1846 4.03693e+25 -0.000273001
1845 2.15618e+25 6.85297e-05
1844 1.98249e+25 0.000222714
1843 1.70156e+25 0.000456031
1842 2.13003e+25 0.00106508
1841 3.42671e+25 0.00170681
1840 8.84159e+24 -6.19123e-05
1839 7.02995e+24 0.000496961
1838 1.10099e+25 0.00126466
1837 9.315e+24 0.000529662
1836 1.56788e+25 -0.000452624
1835 1.0912e+25 0.000313956
1834 1.68074e+25 0.000121821
1833 6.56073e+24 -6.912e-06
1832 7.6997e+24 0.000466545
1831 3.57098e+25 -0.000664082
1830 1.1788e+25 -0.000945743
1829 2.39791e+25 -0.000333229
1828 7.81212e+25 0.000599393
1827 4.3669e+24 -0.000613887
1826 1.10232e+25 -0.00083307
1825 6.80971e+24 0.000376268
1824 5.69638e+25 -0.000306037
1823 2.05883e+25 -0.000474218
1822 2.65092e+25 -0.000887345
1821 7.82291e+24 0.000359309
1820 5.83957e+24 0.00086214
1819 1.18761e+25 0.000899495
1818 8.35238e+24 0.00184298
1817 2.84005e+25 0.00094885
1816 1.5154e+25 9.5421e-05
1815 1.06208e+25 -0.000278737
1814 1.19479e+25 0.00115666
1813 3.37272e+25 0.000660552
1812 1.11213e+25 0.00234934
1811 8.73782e+24 0.00200682
1810 4.09216e+24 0.00213019
1809 4.42146e+25 0.000598918
1808 2.66177e+25 -0.00210703
1807 1.16502e+25 -0.0015909
1806 1.14402e+25 -3.74783e-05
1805 2.81392e+25 0.00087322
1804 4.34341e+25 -0.000731456
1803 4.50849e+25 0.000327982
1802 6.19661e+24 -0.00020771
1801 5.82164e+24 -0.000330896
1800 2.50713e+25 -0.000895742
1799 1.9301e+25 -0.000644579
1798 1.23914e+25 0.000256473
1797 1.64103e+25 0.00140323
1796 4.08563e+25 0.00062559
1795 1.34556e+25 -2.60914e-05
1794 2.57988e+24 0.00044535
1793 9.20318e+24 -0.000229242
1792 1.56474e+25 -0.000619089
1791 6.32564e+24 -0.000200155
1790 1.48918e+25 0.000218937
1789 8.81483e+24 -0.00029217
1788 1.41532e+25 -0.000672577
1787 1.22431e+25 -0.000218614
1786 3.2101e+25 0.000445137
1785 7.02031e+24 0.000885267
1784 3.77779e+25 0.000218595
1783 7.456e+24 -0.000926585
1782 1.63079e+25 -0.00039328
1781 1.67508e+25 0.000270662
1780 2.03864e+25 0.000968849
1779 5.39785e+25 -0.00127451
1778 1.40011e+25 0.000485631
1777 3.47129e+25 -0.000111857
1776 1.45538e+25 -0.000503633
1775 1.78866e+25 -0.00070988
1774 1.19231e+25 -0.000674604
1773 9.01697e+24 -0.00155001
1772 1.75318e+25 -0.00146628
1771 1.5221e+25 -0.00160676
1770 1.02125e+25 -0.000274957
1769 2.59767e+25 0.00021084
1768 2.63763e+25 4.74261e-05
1767 3.32033e+24 0.000919947
1766 3.8184e+24 -0.000366757
1765 2.53452e+25 0.000288249
1764 2.32443e+25 0.000205422
1763 8.76814e+24 -0.000620635
1762 9.30157e+24 -0.00121539
1761 2.65905e+25 -0.00127871
1760 1.13358e+25 -0.0017084
1759 1.4267e+25 -1.20757e-05
1758 1.30777e+25 0.000144002
1757 2.31522e+25 -0.000195705
1756 7.24377e+24 -0.00135857
1755 6.80441e+24 0.000388558
1754 5.8857e+24 0.000574248
1753 1.99612e+25 -0.000101312
1752 4.35702e+25 0.000425149
1751 2.95391e+25 0.0018203
1750 5.59844e+24 0.000233733
1749 1.01937e+25 0.00137266
1748 4.82705e+25 0.000949554
1747 1.2328e+25 -0.00109719
1746 8.99984e+24 -0.000736841
1745 1.76011e+25 -0.0011283
1744 2.38845e+25 -0.00112157
1743 7.36434e+24 -0.000291339
1742 1.47499e+25 -6.68824e-05
1741 2.07986e+25 0.00107389
1740 1.11927e+25 -4.08666e-05
1739 4.58201e+24 -0.000763316
1738 4.20372e+25 -0.00180506
1737 1.7372e+25 -0.00185962
1736 9.9062e+24 -0.000800161
1735 8.16017e+24 0.0011344
1734 2.64951e+25 0.000332958
1733 1.09716e+25 -6.11271e-05
1732 1.02932e+25 0.000542213
1731 1.38811e+25 0.00163063
1730 2.48259e+25 -0.0014649
1729 2.11895e+25 0.00103453
1728 8.69114e+24 -0.000372066
1727 1.57265e+25 -0.000293857
1726 9.32763e+24 -0.00101225
1725 1.61134e+25 -0.00027124
1724 1.02589e+25 0.000915945
1723 4.57971e+25 0.00028335
1722 7.53023e+24 -0.00145267
1721 2.00805e+25 -0.000844942
1720 8.38654e+24 -5.91675e-05
1719 6.98488e+25 -0.00191642
1718 7.06597e+24 -0.000506553
1717 2.94883e+25 -0.000201913
1716 2.75572e+25 -0.000112598
1715 5.45022e+24 0.000797623
1714 5.50257e+24 0.00122227
1713 1.94122e+25 -0.000326235
1712 1.13639e+25 0.000756309
1711 1.84067e+25 -0.000476991
1710 9.73678e+24 0.000143595
1709 1.18939e+25 0.000541691
1708 1.22794e+25 0.000541523
1707 9.69217e+24 -5.56994e-05
1706 1.52533e+25 0.000942143
1705 4.53553e+24 0.000858043
1704 4.95246e+24 0.000193299
1703 9.11063e+24 -0.000509005
1702 4.6026e+24 -0.00079142
1701 1.71797e+25 0.000203679
1700 1.77269e+25 6.76876e-05
1699 4.67262e+25 -0.000817362
1698 2.09805e+25 -0.00171138
1697 1.33045e+25 -0.000828901
1696 1.48984e+25 -0.000345289
1695 7.42762e+24 0.000299182
1694 7.06423e+24 0.000439938
1693 1.32216e+25 -0.00113639
1692 1.03191e+25 0.000735488
1691 1.55545e+25 0.00136246
1690 1.27405e+25 0.000293744
1689 1.55097e+25 0.00120398
1688 1.42903e+25 0.000733785
1687 2.84179e+25 0.000574812
1686 3.16189e+25 -0.000724306
1685 6.10559e+25 0.0014491
1684 2.0892e+25 0.00151769
1683 7.80941e+24 0.00130599
1682 1.43836e+25 0.00127552
1681 3.16863e+25 0.0013338
1680 4.1518e+24 -0.000461215
1679 7.24796e+24 -0.000939544
1678 2.94729e+25 -0.000890436
1677 2.27061e+25 -0.000360283
1676 1.13137e+25 3.8046e-05
1675 1.41296e+25 -0.000820302
1674 1.615e+25 2.87618e-05
1673 1.98888e+25 -5.79745e-05
1672 5.32562e+25 0.00102939
1671 1.92484e+25 0.000832516
1670 1.8857e+25 -0.00039816
1669 2.71254e+25 0.00107035
1668 6.26546e+24 0.000400463
1667 2.75971e+25 -0.000631867
1666 2.69173e+25 -0.000394339
1665 7.66321e+24 -0.00174013
1664 9.33341e+25 -0.000759571
1663 4.57151e+24 -0.000844285
1662 1.32829e+25 3.84529e-05
1661 1.38793e+25 -0.0012204
1660 2.49396e+25 -0.000471908
1659 1.8105e+25 0.000163162
1658 1.09545e+25 -0.000695493
1657 1.55114e+25 -0.000843609
1656 1.24757e+25 -0.00132087
1655 1.19973e+25 -0.00125112
1654 5.21556e+25 -0.000667695
1653 4.99315e+24 7.65392e-07
1652 2.87826e+24 -0.000784203
1651 1.07499e+25 -0.000676389
1650 2.76686e+25 0.000178697
1649 1.33845e+25 -0.000196718
1648 8.27886e+24 0.00116118
1647 9.14195e+24 0.000922844
1646 3.10847e+25 -0.000491627
1645 2.2233e+25 0.000381315
1644 1.50562e+25 0.000329168
1643 9.54685e+24 0.000108782
1642 4.01668e+25 -0.000273665
1641 4.79305e+24 0.00041039
1640 9.68253e+24 -0.000376245
1639 7.64669e+24 -0.00054038
1638 1.19562e+25 0.00018279
1637 7.62466e+24 0.000947836
1636 5.18064e+24 0.00136534
1635 1.45217e+25 0.00127677
1634 1.27833e+25 -8.01534e-05
1633 1.57899e+25 0.00193135
1632 1.77155e+25 0.00182774
1631 8.97884e+24 -9.64659e-05
1630 1.59022e+25 3.22317e-05
1629 1.56522e+25 -0.000235714
1628 9.03734e+24 0.00058259
1627 2.33969e+25 -0.0014058
1626 1.94851e+25 -0.000287029
1625 9.18565e+24 -0.000619629
1624 2.8219e+25 -0.00152797
1623 7.82752e+25 -0.00139035
1622 2.57278e+25 0.00071721
1621 5.15886e+25 -0.000825872
1620 2.82631e+25 -0.00114665
1619 1.1161e+25 -0.000398168
1618 7.97958e+24 4.806e-05
1617 2.24181e+25 -9.5025e-05
1616 1.27765e+25 0.000934926
1615 3.59729e+25 -9.62126e-05
1614 9.7798e+24 -0.00160968
1613 1.04839e+26 -8.36331e-05
1612 1.95459e+25 0.00198394
1611 1.59832e+25 0.00172051
1610 2.83477e+25 0.000584225
1609 7.81833e+24 -0.00125504
1608 1.9005e+25 -0.000191982
1607 8.72981e+24 -3.77597e-05
1606 4.64104e+25 0.00185773
1605 3.59613e+25 -0.00105344
1604 2.73885e+25 -0.000583194
1603 3.47789e+25 -0.000828526
1602 8.01456e+24 -0.000782775
1601 1.62417e+25 1.88472e-05
1600 1.51976e+25 -0.00088126
1599 1.59229e+25 -0.000625173
1598 4.85933e+25 -0.000933429
1597 2.40789e+25 0.00049697
1596 6.7423e+24 0.000721011
1595 1.92424e+25 0.0011301
1594 3.55708e+25 -0.000221501
1593 7.21549e+24 -0.00163137
1592 9.10553e+24 -0.000718576
1591 1.07178e+25 -0.000528313
1590 1.47669e+25 -0.00133247
1589 5.6509e+25 -0.00141225
1588 3.02209e+25 -0.00101098
1587 1.63063e+25 -0.00173711
1586 7.10515e+24 -0.000978212
1585 7.95944e+24 -0.00134959
1584 4.09703e+25 -0.000679754
1583 6.4497e+24 0.000623395
1582 1.36807e+25 0.000744648
1581 8.62718e+24 0.000134728
1580 3.93978e+24 -0.00105243
1579 1.25987e+25 -0.00234326
1578 3.34157e+25 -0.00165622
1577 7.9315e+24 -0.000899988
1576 1.5331e+25 -0.00170352
1575 1.02335e+26 0.000831275
1574 5.70826e+25 0.000714835
1573 3.49936e+25 -0.000856466
1572 2.71165e+25 0.00096526
1571 1.70273e+25 -0.000333562
1570 3.07909e+25 -0.00160387
1569 5.98891e+25 -0.000474251
1568 1.88281e+25 0.000466837
1567 1.11067e+25 0.000706583
1566 2.61135e+25 0.0012781
1565 6.34818e+24 -0.000152399
1564 9.29742e+24 -0.000186712
1563 1.56664e+25 0.000265187
1562 1.4643e+25 2.95925e-05
1561 1.16187e+25 0.000103869
1560 9.35363e+24 0.000211667
1559 9.38688e+24 -0.000358555
1558 1.22295e+25 -0.000158043
1557 6.95924e+24 -0.000822476
1556 7.25956e+24 -0.000747486
1555 2.08438e+25 -0.000528455
1554 1.37844e+25 -0.00114948
1553 2.16232e+25 -0.00150236
1552 1.38724e+25 0.000639341
1551 4.10197e+25 0.00111432
1550 8.48723e+24 -0.00123581
1549 2.86163e+25 -0.000358235
1548 7.7673e+24 3.20956e-05
1547 2.01039e+25 -0.000732426
1546 8.03708e+24 -0.00120847
1545 7.99845e+24 -0.00035932
1544 3.8329e+24 -0.000177404
1543 3.013e+25 -0.000448121
1542 6.20839e+25 0.000127776
1541 4.59278e+25 0.000281681
1540 2.0217e+25 0.000515828
1539 4.83219e+25 -0.000882152
1538 1.56421e+25 -0.000762176
1537 4.5206e+25 -0.00112873
1536 1.83888e+25 -0.000203259
1535 1.56876e+25 0.000486105
1534 1.4977e+25 -0.000242566
1533 3.59587e+25 -0.00047654
1532 6.99046e+24 0.000750456
1531 2.03498e+25 0.000452781
1530 1.75758e+25 -0.000602048
1529 1.06096e+25 0.000810387
1528 1.60256e+25 0.000543825
1527 1.18524e+25 -0.000733784
1526 4.08686e+25 -0.000723925
1525 5.25778e+25 -0.00027703
1524 3.53783e+25 -0.000739544
1523 2.38279e+25 -0.000294399
1522 1.91465e+25 0.000562525
1521 6.32117e+24 0.000218813
1520 3.16321e+25 0.000826468
1519 7.29047e+25 0.000806342
1518 2.07866e+25 0.00171044
1517 1.75676e+25 0.000959975
1516 1.59319e+25 0.000790568
1515 1.36235e+25 0.000319439
1514 1.52008e+25 0.00015576
1513 1.32585e+25 -0.000267972
1512 1.57598e+25 0.000469107
1511 1.6643e+25 0.000355078
1510 4.18037e+25 -0.000469172
1509 4.0762e+24 -0.000107174
1508 9.03622e+24 -0.00109071
1507 3.28283e+25 -0.00110342
1506 7.96806e+24 -0.000738172
1505 1.41107e+25 0.000381745
1504 1.45888e+25 0.000279841
1503 6.31662e+24 -0.000720491
1502 2.36503e+25 -0.0011819
1501 1.88797e+25 0.00117545
1500 1.05647e+25 0.000807196
1499 9.81085e+24 0.00188542
1498 8.63368e+24 0.000827904
1497 1.72818e+25 0.00129375
1496 8.38087e+24 0.00115808
1495 9.40782e+24 0.000696558
1494 1.68222e+25 0.000110216
1493 1.60351e+25 -0.000155592
1492 8.57986e+24 0.000231333
1491 1.89317e+25 -0.000433086
1490 2.04641e+25 4.35632e-05
1489 2.85292e+25 0.00100496
1488 4.8344e+25 0.000599415
1487 6.99564e+24 0.000902301
1486 3.18791e+25 -0.00116691
1485 4.27392e+25 -0.000865833
1484 1.66261e+25 0.00102639
1483 1.78309e+25 3.3694e-06
1482 8.0036e+25 -0.000463361
1481 1.73745e+25 -0.000571288
1480 1.80733e+25 0.00153055
1479 3.32158e+25 0.00161371
1478 2.13324e+25 0.00135843
1477 1.45958e+25 0.00113159
1476 2.04884e+25 0.000755496
1475 8.6925e+24 0.00252131
1474 2.18568e+25 5.51354e-05
1473 1.11204e+25 8.22888e-05
1472 1.82304e+25 0.000718973
1471 7.91828e+24 0.000274858
1470 2.4584e+25 0.000118333
1469 2.55553e+25 0.000884656
1468 2.54982e+25 0.00118638
1467 9.69581e+25 0.000284252
1466 2.57547e+25 -0.00117083
1465 1.94775e+25 -0.00138736
1464 8.11433e+24 -0.001222
1463 2.26662e+25 -0.000404241
1462 1.36299e+25 -0.000745972
1461 1.26144e+25 -0.000909128
1460 3.75518e+25 -0.000135692
1459 2.8698e+25 -0.000100919
1458 3.82178e+25 0.000385276
1457 7.14921e+25 3.51453e-05
1456 6.96742e+25 -0.000923801
1455 1.70201e+25 0.00184049
1454 6.77492e+24 0.000776946
1453 2.18096e+25 -0.000210586
1452 2.48814e+25 0.00079235
1451 2.70134e+25 0.00025706
1450 5.88032e+24 0.000350814
1449 1.7782e+25 -4.05406e-05
1448 1.82906e+25 0.000795298
1447 1.16777e+25 0.00169488
1446 2.70455e+25 0.00178849
1445 2.39171e+25 -0.000121891
1444 1.41458e+25 -0.000349373
1443 3.51666e+25 0.00116804
1442 2.77888e+25 0.000155079
1441 1.44018e+25 -0.00139519
1440 1.12108e+25 -0.00123207
1439 1.37308e+25 -0.000590477
1438 1.51605e+25 -0.000305941
1437 1.02652e+25 0.000176115
1436 1.15335e+25 0.00161875
1435 4.0933e+25 -5.18799e-05
1434 5.72775e+24 -0.000551355
1433 7.92787e+24 -0.000276423
1432 1.35741e+25 -0.000340909
1431 3.43166e+24 8.63785e-05
1430 9.80077e+24 0.000394862
1429 4.08016e+25 -0.00152886
1428 3.49258e+25 -0.000566777
1427 1.59412e+25 -0.000364724
1426 1.16122e+25 0.000270395
1425 1.10198e+25 -0.000629828
1424 6.8371e+25 -0.000214316
1423 3.99418e+25 0.00147096
1422 1.31459e+25 -0.000213227
1421 1.72372e+25 -0.000157136
1420 9.75168e+24 -0.000489813
1419 2.06817e+25 0.000460314
1418 2.04734e+25 -0.000522607
1417 4.91766e+25 -0.000333576
1416 1.20755e+25 0.000924598
1415 2.78465e+25 -2.25154e-05
1414 2.25803e+25 -0.000625816
1413 5.44039e+24 9.01774e-05
1412 1.60662e+25 -4.26677e-05
1411 7.91625e+24 -0.000219217
1410 3.49689e+25 0.000676558
1409 3.73179e+25 0.000191852
1408 1.42517e+25 0.000634991
1407 1.36929e+25 0.00175043
1406 3.82699e+25 0.000712781
1405 2.56664e+25 -9.73618e-05
1404 1.90011e+25 0.000577179
1403 1.35613e+25 0.00177926
1402 1.54976e+25 0.000650877
1401 1.48761e+25 -0.00042328
1400 2.33661e+25 -8.04746e-05
1399 2.54227e+25 0.0013839
1398 2.00156e+25 0.00110707
1397 1.60021e+25 -0.000259169
1396 2.91798e+25 0.000996466
1395 3.91894e+25 -0.00085716
1394 7.35807e+24 -0.00149078
1393 5.73648e+25 0.0001923
1392 7.46299e+24 0.00108728
1391 7.45966e+24 0.000602495
1390 2.42075e+25 0.000334748
1389 1.30712e+25 3.61087e-05
1388 3.30419e+24 -0.000503681
1387 1.42255e+25 -0.000577529
1386 6.81112e+24 0.000219295
1385 1.60294e+25 -0.000267961
1384 3.55771e+25 0.000450459
1383 5.18091e+24 0.000383523
1382 4.30002e+25 0.0004739
1381 9.59889e+24 0.00244483
1380 8.38452e+25 0.0010605
1379 1.40618e+25 -0.00140211
1378 5.42015e+24 -0.000690686
1377 2.9885e+25 -5.67918e-05
1376 1.94049e+25 0.00126501
1375 4.76141e+25 0.00127209
1374 2.15965e+25 -0.0013147
1373 2.85949e+25 -0.00219559
1372 8.92008e+24 -0.00126258
1371 8.93816e+24 0.000201517
1370 1.67824e+25 -0.000148278
1369 1.47697e+25 0.000285701
1368 1.55854e+25 -0.00107451
1367 4.84832e+25 0.000241833
1366 5.57255e+24 0.000412788
1365 2.20422e+25 0.000763425
1364 5.81807e+25 0.00193345
1363 1.09218e+25 -0.00111529
1362 4.37717e+24 -0.00066795
1361 4.81146e+24 4.05127e-05
1360 4.04062e+25 -0.000389496
1359 5.08768e+24 0.000492926
1358 1.45083e+25 0.000127594
1357 1.42814e+25 0.0011582
1356 3.69909e+25 -0.00020378
1355 4.18822e+25 -0.000714965
1354 1.59612e+25 0.00153525
1353 7.02413e+25 0.0006404
1352 1.75952e+25 0.000227985
1351 1.20663e+25 -0.0013404
1350 2.4668e+25 -0.000460941
1349 1.76259e+25 0.00120262
1348 3.02448e+25 -0.000806433
1347 1.10424e+25 -0.000327642
1346 2.03066e+25 -0.000414541
1345 1.41738e+25 0.000452258
1344 3.48474e+25 8.67043e-06
1343 1.53505e+25 0.000328575
1342 1.61005e+25 0.00152601
1341 9.94751e+24 0.000722539
1340 9.42818e+24 0.000942824
1339 2.97532e+25 4.89701e-05
1338 1.11457e+25 -0.00039664
1337 2.1029e+25 -0.000617868
1336 2.6944e+25 0.000707317
1335 1.98933e+25 -0.000324524
1334 1.36708e+25 0.00202896
1333 4.00041e+25 0.000918993
1332 6.46167e+25 0.000679584
1331 3.30082e+24 -0.000205601
1330 1.10116e+25 -0.000836072
1329 2.07047e+25 -7.19807e-05
1328 3.93644e+25 0.000772282
1327 6.52899e+24 0.000160792
1326 2.60468e+25 -0.000442693
1325 8.57872e+24 -0.000796759
1324 3.00694e+25 -0.000411795
1323 1.55803e+25 0.000499729
1322 3.06534e+25 -1.68365e-05
1321 2.66276e+25 0.000979696
1320 9.53897e+24 -0.000589445
1319 9.99976e+24 -0.000873872
1318 1.77407e+25 -0.000394981
1317 2.55313e+25 -0.000143359
1316 9.19976e+24 -1.64265e-05
1315 1.65985e+25 0.000507646
1314 1.21777e+25 0.000700849
1313 5.21738e+24 0.00116311
1312 1.88617e+25 0.000359986
1311 6.53469e+24 -0.00105275
1310 1.52318e+25 0.000111019
1309 1.04536e+25 -0.000263493
1308 9.3224e+24 -0.000370056
1307 1.19771e+25 -0.00140039
1306 5.27606e+25 0.00073662
1305 3.07603e+25 -0.000451792
1304 2.77871e+25 -0.00141112
1303 9.06936e+24 -0.000574425
1302 1.70406e+25 -0.000249323
1301 5.74125e+25 -0.00118536
1300 1.6382e+25 0.00165648
1299 1.62716e+25 0.000529651
1298 1.0108e+25 0.00021901
1297 1.52707e+25 0.000549814
1296 2.19197e+25 0.00082038
1295 1.80821e+25 0.000490628
1294 8.44463e+24 -1.51139e-05
1293 5.49958e+24 0.000454558
1292 2.04255e+25 0.000783964
1291 1.71141e+25 -0.000255495
1290 3.49477e+25 -0.00195356
1289 2.99167e+25 -0.00198383
1288 4.1473e+25 -0.00143726
1287 1.56738e+25 -0.000433438
1286 1.5265e+25 -0.000987541
1285 9.9855e+24 -0.00032133
1284 1.07515e+25 -0.00093131
1283 6.89689e+24 -0.00102481
1282 4.10548e+25 0.00050075
1281 1.03742e+25 0.000240318
1280 4.41605e+25 0.000909116
1279 8.96513e+24 0.000507031
1278 1.57482e+25 0.000396947
1277 7.75575e+24 0.000659021
1276 7.59461e+24 0.00108027
1275 9.62075e+24 0.000262076
1274 1.66553e+25 0.000889026
1273 3.6386e+25 0.00114113
1272 9.22688e+24 0.000468671
1271 2.12578e+25 0.0010097
1270 1.22548e+25 0.00208721
1269 1.66426e+25 0.00147967
1268 7.06274e+25 -0.000455753
1267 9.37279e+24 -0.00100563
1266 1.03551e+25 0.000297727
1265 4.78495e+24 0.000823571
1264 3.47316e+25 0.000197607
1263 1.78129e+25 -0.00168318
1262 1.78853e+25 -0.00171089
1261 3.04275e+25 -0.00101999
1260 1.70301e+25 -0.00106232
1259 6.39253e+25 -0.00134823
1258 2.10223e+25 -0.00140925
1257 4.64883e+25 0.000297644
1256 1.6824e+25 0.000372974
1255 9.61541e+24 0.000833176
1254 1.61865e+25 -0.00108692
1253 1.75033e+25 -0.000129999
1252 5.18353e+25 0.000757464
1251 4.71728e+25 0.000324022
1250 2.08703e+25 0.000192472
1249 4.99674e+24 0.00030043
1248 1.46746e+25 0.000404256
1247 1.80616e+25 8.09399e-05
1246 1.71898e+25 -0.000581396
1245 1.48154e+25 2.73e-05
1244 1.14362e+25 -0.00105483
1243 1.06011e+25 -0.000167631
1242 4.59594e+25 0.00199017
1241 1.25871e+25 0.00017942
1240 4.20725e+25 -0.000586937
1239 1.27236e+25 -0.000768577
1238 1.30909e+25 4.25361e-05
1237 1.63172e+25 -0.00113337
1236 9.19558e+24 -0.000588835
1235 3.88102e+25 0.000448283
1234 3.27457e+25 0.000964832
1233 1.32074e+25 -0.000265822
1232 1.34037e+25 -0.00109045
1231 2.77218e+25 0.000385561
1230 4.55851e+25 0.000617908
1229 1.47525e+25 -0.00012255
1228 1.57912e+25 0.000114891
1227 4.6512e+25 0.000390406
1226 5.49641e+25 0.000905081
1225 1.4395e+25 -0.000364658
1224 1.20276e+25 -0.000228823
1223 1.20972e+25 -0.000167365
1222 3.28323e+25 0.000536077
1221 9.27994e+24 -0.000275011
1220 7.88188e+24 0.000136541
1219 7.5063e+24 0.00131379
1218 1.67342e+25 0.000213074
1217 1.22309e+25 1.84673e-05
1216 1.25342e+25 -0.00032061
1215 1.37863e+25 -7.15499e-05
1214 1.32303e+25 2.76198e-05
1213 1.66211e+25 -0.00110508
1212 7.96967e+24 -0.000479751
1211 8.27262e+24 -0.000476552
1210 3.03518e+25 0.000235816
1209 1.36312e+25 -0.0013891
1208 6.39079e+25 -0.0013146
1207 7.39379e+24 0.000448703
1206 1.43868e+25 0.000137212
1205 2.08042e+25 -0.000493238
1204 3.72051e+25 0.000953434
1203 1.67244e+25 -0.000283676
1202 1.73559e+25 -0.000820948
1201 2.64818e+25 -2.55681e-05
1200 2.05701e+25 0.00170765
1199 5.42711e+25 -2.73896e-05
1198 1.87009e+25 -6.5011e-07
1197 4.48696e+25 0.000381275
1196 2.68578e+25 0.000800191
1195 1.01305e+25 0.000699353
1194 4.70585e+25 0.00103868
1193 9.14579e+25 0.000805333
1192 1.65498e+25 -0.00208985
1191 4.33831e+25 -0.00143001
1190 1.66906e+25 -0.000602602
1189 1.27344e+25 -5.35835e-05
1188 2.95399e+25 8.1481e-05
1187 3.049e+25 -0.000430107
1186 3.52489e+25 -0.00160865
1185 4.35212e+25 -0.000714445
1184 9.46415e+25 -3.15882e-05
1183 1.80708e+25 0.00130472
1182 9.93232e+25 0.00040012
1181 5.11496e+25 -0.0012025
1180 6.58433e+24 -0.000426789
1179 8.69427e+24 0.000198918
1178 1.2147e+25 -0.000255414
1177 3.11774e+25 0.00115172
1176 3.71161e+25 0.00162528
1175 2.13371e+25 0.000666681
1174 1.6638e+26 -0.00108247
1173 2.01593e+25 -0.00261084
1172 2.6429e+25 -0.000953938
1171 1.66318e+25 0.00178987
1170 1.33917e+25 0.00188335
1169 6.79766e+25 -0.000351921
1168 1.37937e+25 -0.000621828
1167 4.45714e+25 -0.000577696
1166 1.45389e+25 0.000175669
1165 1.7386e+25 0.000699064
1164 2.4861e+25 0.00132113
1163 9.2566e+24 0.00151035
1162 1.4205e+25 0.00195677
1161 2.40288e+25 0.000383117
1160 1.19855e+25 0.000128975
1159 9.1301e+24 0.000570832
1158 1.13866e+25 0.000146871
1157 1.30874e+25 -0.00138005
1156 4.83219e+25 -0.000873721
1155 4.26747e+25 -0.00210829
1154 3.57619e+25 -0.00177815
1153 3.46309e+25 -0.0017592
1152 7.28936e+24 -0.000102572
1151 2.51161e+25 0.000605376
1150 2.10892e+25 0.00014313
1149 1.16155e+25 -0.00126767
1148 1.45213e+25 -0.000390772
1147 2.62315e+25 -0.000568973
1146 1.79878e+25 -0.00117325
1145 2.10254e+25 -0.00168282
1144 8.87693e+25 -0.00142443
1143 3.52168e+25 -6.31988e-06
1142 7.53902e+24 -0.000153974
1141 2.73447e+25 0.000606257
1140 6.43988e+25 -0.00152796
1139 5.85165e+24 -0.000256291
1138 8.11455e+25 -0.000753234
1137 1.83242e+25 0.000859884
1136 4.45979e+25 -0.000615552
1135 1.80757e+25 -0.00144431
1134 1.71952e+25 -0.000250011
1133 1.25949e+25 0.000872888
1132 1.30568e+25 0.00111818
1131 1.71652e+25 0.00039676
1130 1.64551e+25 7.78665e-05
1129 3.24136e+25 -0.00184603
1128 6.73104e+25 -0.00049301
1127 3.28521e+25 -0.000368759
1126 1.70595e+25 -0.000982624
1125 3.58158e+25 0.000735494
1124 1.38264e+25 0.00191375
1123 6.7474e+24 0.00169391
1122 2.44562e+25 0.000411755
1121 1.24815e+25 -0.000326959
1120 3.56698e+25 -0.00085691
1119 1.61784e+25 0.000659662
1118 4.60614e+24 3.5685e-05
1117 1.50351e+25 0.000702961
1116 1.95931e+25 5.47591e-05
1115 1.35171e+25 -0.00022575
1114 2.51054e+25 -0.00124303
1113 3.83319e+25 -0.00100661
1112 2.39475e+25 -0.000273658
1111 1.63228e+25 -0.000205856
1110 5.05966e+24 -0.000801685
1109 8.28232e+24 -0.00164871
1108 1.47951e+25 -9.09488e-05
1107 6.40873e+24 -0.00137668
1106 2.22733e+25 -0.000393516
1105 6.55023e+24 5.00166e-05
1104 2.43469e+25 -0.000265424
1103 6.52463e+25 -0.000907373
1102 1.46693e+25 -0.000922034
1101 6.812e+24 -0.00143613
1100 1.84915e+25 -0.000319948
1099 5.55956e+24 -0.000125504
1098 1.36743e+25 0.000283025
1097 3.00341e+25 0.000513219
1096 1.85487e+25 0.000824793
1095 7.59879e+24 0.00051899
1094 1.35764e+25 0.000311383
1093 3.19491e+25 -0.000702862
1092 4.36792e+25 -0.000140723
1091 1.99294e+25 0.00119302
1090 1.48066e+25 0.000164783
1089 1.69361e+25 4.18978e-06
1088 3.32682e+25 -0.000911575
1087 5.46397e+25 0.000850757
1086 9.971e+24 0.00171863
1085 1.56252e+25 0.000810794
1084 1.2813e+25 9.09825e-05
1083 1.51397e+25 0.000287194
1082 8.23732e+24 6.14699e-05
1081 2.04509e+25 -0.00104411
1080 4.80974e+25 0.000689028
1079 3.74051e+25 4.21645e-05
1078 1.3983e+25 0.000609971
1077 1.33473e+25 0.000501738
1076 2.41901e+25 0.000516014
1075 1.87725e+25 0.0017474
1074 4.08363e+25 8.22559e-05
1073 1.52784e+25 -0.00031492
1072 3.7267e+25 -0.000559821
1071 2.84704e+25 -0.00195671
1070 3.83016e+25 -0.00255652
1069 1.19421e+26 -0.00151052
1068 5.04009e+25 -0.000588259
1067 2.4559e+25 -0.000404024
1066 4.5771e+25 0.000785564
1065 1.76117e+25 0.00157902
1064 2.76925e+25 0.00061594
1063 1.50627e+25 0.000522463
1062 1.46853e+25 0.00146714
1061 1.03197e+25 0.000839915
1060 2.33424e+25 0.00100167
1059 3.84059e+25 0.000903274
1058 1.02652e+26 -0.000607787
1057 2.23728e+25 -0.00108599
1056 2.35436e+25 -0.00215954
1055 2.03397e+25 -0.00316929
1054 3.63194e+25 -0.00103656
1053 4.3701e+25 -0.000629208
1052 1.66156e+25 0.000310161
1051 2.93619e+25 0.00176171
1050 9.12785e+25 0.000902073
1049 3.49363e+25 -0.00101848
1048 9.25191e+24 -0.000366169
1047 3.34144e+25 -0.000932043
1046 2.03099e+25 -0.000726495
1045 2.25043e+25 0.000669261
1044 2.10664e+25 0.000394778
1043 1.57342e+25 0.00211906
1042 4.15722e+25 0.000397637
1041 3.10682e+25 0.00246137
1040 1.60902e+26 0.00132509
1039 1.44675e+25 -0.000156439
1038 1.61321e+25 -0.000532311
1037 1.00586e+25 -0.00110735
1036 2.16506e+25 -0.000496661
1035 2.99712e+25 -0.000473715
1034 1.37819e+25 0.000294388
1033 2.71492e+25 -0.00133019
1032 3.99157e+25 -0.000216026
1031 1.12438e+25 0.000957867
1030 5.94302e+25 0.000444335
1029 6.26431e+25 0.000988937
1028 1.27077e+25 0.00107155
1027 1.1934e+25 -0.00177886
1026 1.10403e+25 -0.00156686
1025 1.61894e+26 -0.000607969
1024 6.88985e+25 -0.000344392
1023 1.31276e+25 0.000754559
1022 1.58731e+25 -0.000564677
1021 2.12329e+25 -0.00028809
1020 5.9755e+24 -0.000818303
1019 2.50422e+25 -0.000376034
1018 9.75809e+24 -0.000161468
1017 7.21613e+25 0.000238339
1016 2.61337e+25 0.000381813
1015 8.29762e+25 0.00160026
1014 8.95021e+24 0.00149847
1013 1.99305e+25 0.00110566
1012 3.37009e+25 -0.000528584
1011 2.20543e+25 0.000198275
1010 1.35865e+25 -0.00072835
1009 6.11578e+25 -0.000979369
1008 1.68758e+26 -0.000954435
1007 1.23137e+25 -0.000275575
1006 4.70766e+25 -0.00066412
1005 2.93926e+25 -0.00167858
1004 3.46829e+25 -0.000637994
1003 1.31371e+25 -0.00060909
1002 5.44112e+24 -0.000308096
1001 9.20931e+25 -0.000124444
1000 9.45561e+24 3.25288e-05
999 5.13329e+25 -0.000880042
998 2.94683e+25 0.00062212
997 1.36737e+25 -0.000708563
996 1.87246e+25 9.18732e-05
995 2.4481e+25 0.000537155
994 4.09572e+25 -0.00085283
993 3.03632e+25 -0.000249564
992 6.61989e+25 0.000262819
991 9.34323e+25 0.000666526
990 1.59437e+25 -0.000389611
989 1.55064e+25 -0.0003633
988 5.3449e+25 -7.33574e-05
987 1.3022e+25 0.000132465
986 2.63792e+25 -7.46187e-05
985 2.83524e+25 0.000914657
984 4.62438e+25 0.00142279
983 2.45147e+25 0.000631274
982 1.98733e+25 -0.00128227
981 1.90248e+25 -4.26447e-05
980 3.25894e+25 -0.000947199
979 5.60115e+25 -0.0022122
978 4.42603e+25 -0.00135283
977 6.72196e+25 -0.000100522
976 1.03506e+25 0.00141298
975 3.20127e+25 -0.000707304
974 4.43687e+25 -0.000384063
973 2.29261e+25 0.000405622
972 1.98812e+25 0.00189176
971 1.42277e+25 0.00274562
970 3.70033e+25 0.00122383
969 1.56287e+25 0.000740646
968 1.78087e+25 -0.00019003
967 1.52338e+25 -7.4685e-05
966 4.44614e+25 -0.000177699
965 2.87886e+25 -0.00228549
964 9.52214e+25 9.99688e-06
963 1.23532e+25 0.00111609
962 5.96715e+25 -0.001045
961 1.21063e+25 -0.00149772
960 1.20492e+25 -0.00175916
959 3.27974e+25 -0.00045052
958 3.80994e+25 -0.00133605
957 4.99541e+25 -0.00116964
956 9.50902e+24 0.000173817
955 1.90768e+25 0.00150633
954 2.72851e+25 0.000463161
953 3.26513e+25 0.000624825
952 6.10116e+25 -0.000980874
951 4.55386e+25 -0.000665294
950 4.16018e+25 0.000355515
949 2.69591e+25 0.00185748
948 7.97929e+25 0.00167167
947 3.31242e+25 -0.000456402
946 1.55297e+25 -0.00135135
945 1.58204e+25 -0.000657079
944 2.0688e+25 -7.17106e-05
943 3.82952e+25 0.00113011
942 8.77569e+25 -0.000107711
941 8.51838e+24 -0.00115488
940 2.60555e+25 -0.00145291
939 1.26194e+25 0.000257358
938 4.09421e+25 0.00106996
937 2.15033e+25 0.000281457
936 9.61629e+24 -0.000181725
935 2.0749e+25 -0.000193822
934 1.05602e+25 0.000439637
933 6.54888e+25 -0.000275197
932 1.77867e+25 -0.00313538
931 5.30813e+25 -0.0010339
930 2.18944e+25 -0.00103948
929 4.62161e+25 -0.000949302
928 1.96751e+25 -0.000352998
927 3.37787e+25 -0.000407827
926 2.51522e+25 -8.27713e-05
925 1.90296e+25 -0.0015444
924 1.92008e+25 -0.000863754
923 6.55797e+25 0.00101984
922 1.9012e+25 -9.11284e-05
921 1.75198e+25 7.40305e-05
920 4.11836e+25 -0.000341279
919 2.16596e+25 -0.000410018
918 5.31389e+25 -0.000909015
917 4.74432e+25 -0.00133159
916 2.91291e+25 -0.00190633
915 1.40245e+25 -0.000818609
914 1.52644e+25 0.000577286
913 1.13682e+25 -0.000378877
912 2.4534e+25 0.000784933
911 1.22873e+25 2.05849e-05
910 3.47702e+25 -0.00139779
909 7.4144e+25 -0.00178875
908 6.18734e+25 -0.000116323
907 2.53969e+25 -0.000481533
906 1.30648e+25 -0.000544114
905 3.27919e+25 0.00179258
904 1.83019e+25 0.00293268
903 1.33213e+25 0.0024058
902 1.18325e+26 -0.000722375
901 1.45196e+25 -0.00175707
900 3.65233e+25 -0.00193041
899 3.5459e+25 0.000642529
898 7.78095e+25 8.78409e-05
897 2.88794e+25 -0.00132821
896 4.6867e+25 0.000147869
895 3.26393e+25 0.00124866
894 1.43728e+25 0.00140733
893 1.84789e+25 0.000318824
892 1.89281e+25 -0.00164151
891 1.24837e+25 -0.00132368
890 1.18009e+25 -0.00179959
889 3.24837e+25 -0.00240346
888 1.68645e+26 -0.000333364
887 1.4689e+25 0.000674073
886 4.15672e+25 -0.00103282
885 1.15624e+25 -0.000376612
884 4.58201e+25 0.000373224
883 1.20302e+25 0.000332788
882 2.88772e+25 -3.2096e-05
881 3.84251e+25 -0.000430916
880 3.39852e+25 -8.51459e-05
879 3.81756e+25 -4.16178e-05
878 1.7361e+25 -0.000857568
877 2.16253e+25 -0.000617865
876 4.43629e+25 0.000101599
875 3.04838e+25 -0.000370158
874 2.56049e+25 -0.000783339
873 4.06352e+25 3.44004e-05
872 2.02847e+25 0.000141803
871 4.19167e+25 -0.000585056
870 7.01968e+24 -0.00105131
869 2.21967e+25 -0.0010093
868 1.04702e+25 -5.70522e-05
867 4.5796e+25 0.00178604
866 1.6239e+25 0.000914498
865 3.03983e+25 0.00141468
864 3.16369e+25 0.00124431
863 1.96089e+25 0.000125401
862 1.97747e+25 0.00089168
861 2.0421e+25 0.000291324
860 1.49793e+25 0.00172004
859 1.49936e+25 0.00123376
858 6.17354e+25 0.000554159
857 1.01381e+26 0.00122829
856 2.44241e+25 -0.000193485
855 1.19319e+26 0.000552235
854 1.0722e+26 1.05162e-05
853 1.78069e+25 -0.000124667
852 6.79813e+25 -0.00149034
851 7.36469e+25 -0.000772163
850 7.77426e+24 -5.96603e-05
849 6.46618e+25 0.000822353
848 1.64045e+25 -0.000160442
847 1.73484e+25 0.00127664
846 1.36551e+25 0.00105986
845 5.97099e+25 -0.00036886
844 5.3823e+25 -0.000861641
843 3.57489e+25 0.00137638
842 8.62104e+25 0.00129622
841 2.22364e+25 0.000590005
840 1.07382e+25 7.34399e-05
839 3.48861e+25 0.000458453
838 1.83489e+25 -0.00179644
837 1.27249e+26 0.00052322
836 1.08558e+26 0.000151164
835 2.89524e+25 -0.000348282
834 2.75989e+25 -0.000817797
833 4.01813e+25 0.00026059
832 5.46188e+25 -5.81129e-05
831 5.0239e+25 9.59391e-05
830 2.95712e+25 0.000341557
829 2.04762e+25 0.00104031
828 2.74787e+25 0.00107671
827 1.52721e+25 0.000706117
826 3.65409e+25 -0.00125938
825 1.83077e+25 -0.00152955
824 6.43431e+25 -0.000549641
823 1.81507e+25 0.000353569
822 2.28666e+25 0.00105203
821 1.41605e+25 0.000823322
820 5.78031e+25 0.000977194
819 3.86866e+25 0.000773424
818 5.66817e+25 0.000529086
817 2.2751e+25 0.000343301
816 3.50316e+25 -0.00173623
815 4.98858e+25 -0.00201813
814 2.29997e+26 0.000309958
813 1.69274e+25 0.002015
812 1.23812e+26 0.00053316
811 4.91082e+25 0.00109711
810 6.79901e+25 0.000210686
809 2.45368e+25 0.00156174
808 8.01134e+25 -0.000142324
807 1.14902e+26 -0.00116739
806 2.22726e+25 -0.000952254
805 1.70764e+25 -0.000581312
804 4.20228e+25 0.00058391
803 1.83179e+25 0.000275286
802 1.39304e+25 0.00105487
801 4.84443e+25 0.00146415
800 1.26796e+25 0.00056187
799 3.19105e+25 0.000358017
798 1.18082e+25 -0.000644773
797 4.53142e+25 0.000471132
796 1.75795e+25 0.000607513
795 3.85933e+25 0.0012536
794 2.63354e+25 0.000970919
793 7.06453e+25 0.00185921
792 3.06788e+25 0.000635306
791 6.49367e+25 -0.00107872
790 1.67228e+25 -0.00141618
789 1.86902e+25 -0.000724665
788 2.95353e+25 0.000618557
787 5.6047e+24 0.000342067
786 3.23633e+25 1.81104e-05
785 8.74517e+24 -0.000451602
784 1.35212e+25 -0.00068318
783 1.65027e+25 -0.000589433
782 3.1877e+25 -0.00220733
781 3.71319e+25 -0.00177013
780 4.30801e+25 0.000972698
779 2.43912e+25 -0.000457597
778 1.58198e+25 -0.00073081
777 7.18301e+25 -0.000366424
776 1.27766e+26 -0.000104432
775 2.43071e+25 0.000857335
774 1.73605e+25 -0.000324308
773 1.23635e+25 -0.000251524
772 2.7113e+25 -0.000831305
771 2.92151e+25 -0.000185119
770 6.69033e+25 -0.000318438
769 2.67431e+25 -0.00155059
768 8.81296e+25 -0.00161936
767 7.3157e+25 -0.00131599
766 1.0103e+26 0.00014028
765 2.22016e+25 0.000152186
764 1.92417e+25 0.000720521
763 6.77794e+25 -1.07922e-05
762 2.70465e+25 -0.000744813
761 2.55674e+25 0.000420356
760 2.82917e+25 0.000259877
759 5.94873e+25 -0.000555452
758 3.1645e+25 0.00109258
757 1.48918e+26 -2.03875e-05
756 2.12007e+25 0.00154361
755 1.89321e+25 0.000441766
754 8.4168e+25 -0.00163885
753 4.01414e+25 -0.00121345
752 2.75596e+25 -0.00064718
751 2.10791e+25 0.000452589
750 1.16899e+25 -0.000191116
749 6.26543e+25 0.00134482
748 1.5207e+25 0.00315522
747 8.47001e+25 0.00199596
746 1.76905e+25 0.000780244
745 4.32592e+25 -0.000151924
744 3.54456e+25 0.000557005
743 1.35073e+25 0.000945455
742 1.75687e+25 0.00115237
741 3.20486e+25 0.000143749
740 1.93075e+25 -0.000455602
739 8.41331e+25 -0.00236176
738 1.58274e+26 -0.000497882
737 5.59975e+25 -0.000132669
736 3.94982e+25 0.000783773
735 2.79596e+25 -0.000138244
734 3.90843e+25 -0.000481491
733 2.29501e+25 -0.00178725
732 5.02385e+25 -0.000441981
731 3.2623e+25 0.000252616
730 3.37829e+25 0.000618192
729 4.9653e+25 0.000344532
728 3.31117e+25 0.000486144
727 2.74486e+25 0.00122081
726 5.8956e+25 -0.000814743
725 2.6478e+25 0.000243053
724 7.35343e+25 -1.07712e-05
723 1.11997e+25 -0.000973059
722 2.29507e+25 0.000595733
721 6.84229e+24 0.000528366
720 1.28545e+25 0.000379077
719 3.67935e+25 0.00118175
718 7.05175e+25 0.000187758
717 3.19763e+25 -0.000186078
716 9.66017e+25 0.000794336
715 6.89293e+25 0.000883106
714 1.90348e+25 -0.000678946
713 6.84306e+25 -0.000656647
712 4.01806e+25 0.00118963
711 4.64617e+25 0.000279398
710 9.70658e+24 0.000836396
709 2.74894e+25 0.000494011
708 1.13645e+25 0.000253236
707 4.28869e+25 0.000772243
706 2.98684e+25 0.00164008
705 1.4756e+25 0.00083991
704 4.62575e+25 0.0011892
703 4.51327e+25 -2.03903e-05
702 6.74539e+25 0.00109868
701 3.69243e+25 0.00159847
700 7.09831e+25 0.000945117
699 4.47316e+25 0.000389222
698 6.33302e+25 -0.00022254
697 5.48105e+25 -0.00163429
696 1.28804e+26 -0.000704174
695 2.73266e+25 0.00129994
694 5.09316e+25 -7.09009e-05
693 2.23983e+26 0.00105095
692 1.55834e+25 0.000687336
691 2.20351e+25 0.000426753
690 1.77905e+25 -0.000394865
689 1.68687e+26 0.000956428
688 1.45946e+25 0.00277013
687 4.17725e+25 0.00243275
686 5.30564e+25 0.00225659
685 5.3921e+25 0.00181538
684 1.62861e+25 0.000761147
683 1.62575e+25 0.00154909
682 5.32666e+25 0.00076843
681 7.51694e+25 -0.000234021
680 1.88588e+25 0.000734198
679 5.78083e+25 -0.000740897
678 2.47213e+25 0.00051449
677 3.17559e+25 0.000645905
676 3.25027e+25 3.82119e-05
675 5.68083e+25 -0.00109471
674 4.53325e+25 -2.14819e-05
673 2.69863e+25 -0.00242215
672 1.43976e+25 -0.00173445
671 6.44378e+25 -0.000731169
670 6.76412e+25 -8.62719e-05
669 4.48757e+25 0.00201859
668 9.04834e+25 -0.000562984
667 3.18076e+25 -0.00193316
666 4.76825e+25 -0.00248344
665 5.36323e+25 -0.000505475
664 1.98403e+25 0.000954506
663 3.0485e+25 -0.000146021
662 2.31606e+25 7.93197e-05
661 1.65899e+25 -2.46107e-05
660 6.36789e+25 0.0011677
659 8.46553e+25 -0.00101053
658 1.29111e+25 -0.000354054
657 1.88362e+25 -0.000721621
656 6.83157e+25 -0.000311979
655 1.82219e+25 0.000699845
654 4.48175e+25 -0.00162238
653 2.11701e+25 -0.0011094
652 1.51594e+25 -0.00164691
651 2.28124e+25 -0.000382518
650 2.03215e+25 -0.00103709
649 4.05822e+25 -0.00118407
648 1.30989e+26 0.000318299
647 1.01146e+25 0.000795333
646 3.50943e+25 0.000911153
645 6.04437e+25 -0.00188162
644 1.13692e+26 -1.17428e-05
643 2.39335e+25 0.000773918
642 1.58645e+25 6.12926e-05
641 6.91931e+25 -0.00196555
640 3.50293e+25 -0.0010631
639 1.25622e+26 0.000226392
638 1.90108e+26 0.000526296
637 7.48488e+25 9.49357e-05
636 2.34698e+25 0.0024587
635 4.07747e+25 0.00235077
634 6.67598e+25 0.00140277
633 1.51574e+26 0.000631046
632 2.93949e+25 -0.000655114
631 1.28779e+25 -0.000539111
630 3.74123e+25 -0.000703562
629 6.14596e+25 2.31758e-06
628 1.33843e+25 -0.000800885
627 6.8175e+25 -0.00162644
626 4.14456e+25 0.000336919
625 4.41625e+25 0.000448936
624 2.57453e+25 0.00038694
623 3.48307e+25 0.00154066
622 6.90584e+25 0.000851878
621 2.67586e+25 -0.000959732
620 7.03118e+25 -0.000325005
619 4.3701e+25 -0.00140809
618 6.28273e+25 -0.000930027
617 3.79819e+25 0.00136524
616 3.41779e+25 0.0017552
615 4.91639e+25 0.00173399
614 1.51046e+26 0.000105365
613 9.92216e+25 -0.00148323
612 1.8245e+25 0.000213566
611 5.88959e+25 -0.000879503
610 2.24402e+25 -0.00148933
609 2.02103e+25 -0.00185611
608 9.0144e+25 6.90252e-05
607 2.799e+25 0.000831869
606 9.64204e+25 0.00241573
605 1.57406e+26 0.00285989
604 2.10295e+25 0.000466714
603 2.48319e+25 -5.53507e-06
602 1.06649e+25 -9.82124e-05
601 1.62156e+25 -0.00108883
600 6.89251e+25 -0.00258681
599 3.69031e+25 -0.00125962
598 2.63994e+25 -0.00197419
597 1.21364e+26 -0.00149004
596 3.55487e+25 -0.00156307
595 5.36363e+25 -0.000705201
594 4.29433e+25 -0.000314303
593 1.73963e+25 -0.00140688
592 3.76084e+25 -0.0013228
591 7.85312e+25 -0.00110579
590 5.32499e+25 1.03396e-05
589 1.48828e+26 -0.000475479
588 1.81456e+25 -0.000227352
587 1.23567e+25 -0.000837977
586 9.18727e+25 -0.000539282
585 3.0123e+25 0.000475326
584 1.54818e+25 0.00161882
583 1.37263e+26 -0.000319128
582 2.75206e+25 0.000894032
581 2.17362e+25 0.000515487
580 4.819e+25 0.000649216
579 3.28417e+25 0.000119269
578 3.83868e+25 0.00128252
577 5.67247e+25 0.00180244
576 1.2339e+26 0.00178893
575 3.96129e+25 0.00117701
574 1.88725e+25 0.00153708
573 2.00489e+25 0.000517664
572 2.11829e+26 0.00177995
571 8.88944e+25 0.00183527
570 1.24664e+26 0.00126012
569 1.4446e+25 0.00354012
568 4.99038e+25 0.0032684
567 3.90212e+25 0.00347254
566 2.43182e+26 0.00116428
565 1.07053e+26 -0.000401518
564 4.24511e+25 0.00096506
563 3.49785e+25 0.00184819
562 1.25236e+26 0.000957239
561 1.30847e+26 0.000107723
560 4.84334e+25 0.000964814
559 8.85845e+25 0.000163053
558 2.14241e+25 0.000355931
557 4.49102e+25 0.00155555
556 1.9394e+25 0.00146658
555 2.36462e+25 0.00117563
554 2.43425e+25 0.000506853
553 4.18828e+25 0.00184128
552 4.79409e+25 0.00148117
551 4.74836e+25 0.000896479
550 4.97484e+25 0.00117254
549 2.44756e+25 0.00124313
548 1.66324e+25 0.00156084
547 2.19939e+25 0.00129241
546 4.48241e+25 0.002872
545 1.85246e+26 0.00359698
544 3.94962e+25 0.000980561
543 2.78558e+25 -0.000754659
542 2.10984e+25 -0.00136116
541 4.66379e+25 -0.00145766
540 3.03281e+25 -0.000954321
539 6.63194e+25 -0.000262784
538 1.85202e+25 0.000606371
537 5.00766e+25 0.00085301
536 8.4507e+25 0.00106105
535 1.32726e+26 0.00181777
534 2.05977e+26 0.00155898
533 6.88736e+25 0.00148996
532 4.03917e+25 0.00180617
531 1.59779e+25 0.00338681
530 1.76518e+25 0.00232804
529 4.4315e+25 0.000654773
528 4.96389e+25 -0.000515957
527 4.20369e+25 9.40867e-05
526 2.11508e+25 -0.000494718
525 1.03149e+26 -0.00140755
524 6.07253e+25 -0.00334451
523 4.4171e+26 -0.00089872
522 5.05112e+25 0.000826193
521 9.83067e+24 0.000180356
520 1.26187e+26 -0.00129377
519 1.12993e+26 0.00036919
518 5.68001e+25 -0.000153929
517 1.88116e+25 -0.000207283
516 6.89039e+25 0.000632003
515 1.9244e+26 -0.000995067
514 1.02179e+26 0.00051568
513 2.28886e+25 -0.000671761
512 2.3093e+25 -0.00134915
511 1.28108e+25 -0.000104003
510 6.73035e+25 -9.27869e-05
509 3.27836e+25 0.000164527
508 9.56137e+25 0.000778632
507 4.98921e+25 0.000365386
506 6.08462e+25 0.000479959
505 7.55579e+25 -0.000925699
504 2.6562e+25 -0.00196104
503 7.56171e+25 -0.000854452
502 1.05298e+26 -0.000538504
501 7.23362e+25 -0.00125241
500 1.29047e+25 -0.000112929
499 4.82033e+25 -5.2508e-05
498 1.69944e+26 -0.000352167
497 7.35726e+25 0.00154222
496 4.40808e+25 0.00101171
495 2.91558e+25 -0.000498707
494 4.918e+25 0.00046595
493 1.84095e+26 -0.00074793
492 1.92776e+26 0.000268894
491 3.11278e+25 0.000997292
490 3.06858e+25 0.00130862
489 3.46529e+25 -1.36321e-05
488 1.53283e+26 0.0015592
487 1.18091e+26 0.00109456
486 1.26908e+26 -0.000965173
485 1.02333e+26 -0.00208987
484 1.20433e+25 0.000174518
483 2.54243e+25 0.000999099
482 2.07978e+25 0.000516905
481 6.42338e+25 0.000429609
480 5.36571e+25 0.000542067
479 5.26176e+25 -0.000181484
478 5.1859e+25 2.64493e-06
477 5.96452e+25 0.00257232
476 2.13704e+26 0.000787432
475 4.96931e+25 -0.000782536
474 2.30263e+25 -0.000265311
473 8.28474e+25 0.000690069
472 6.13783e+25 0.000626926
471 1.18175e+25 -0.000845976
470 7.30489e+25 3.25973e-05
469 3.3263e+25 -0.000710944
468 7.60195e+25 -5.41914e-05
467 2.86894e+25 0.000282551
466 4.8767e+25 -0.000138434
465 3.17265e+25 -0.000242713
464 3.24221e+25 0.000896966
463 9.28701e+25 0.00028246
462 3.11675e+25 0.000350722
461 1.60946e+25 0.000492648
460 2.64301e+25 0.00116474
459 4.07544e+25 0.0016427
458 7.46057e+25 0.00246746
457 8.74887e+25 0.00153391
456 1.30612e+26 -0.00122883
455 1.78018e+26 -0.00189582
454 4.30756e+25 -0.000285757
453 5.54144e+25 0.00149162
452 4.86255e+25 0.000893767
451 1.35242e+26 -0.000328271
450 1.40569e+25 0.00164047
449 3.51905e+25 0.00228814
448 1.51382e+26 0.000544993
447 3.97399e+25 -0.0007829
446 2.77147e+25 -0.00107673
445 4.02759e+25 -0.00208286
444 4.73633e+25 -0.00118215
443 1.52291e+26 0.000454456
442 9.20999e+25 7.37113e-05
441 3.69902e+25 -0.000409135
440 6.13416e+25 -0.000676208
439 2.90025e+25 -0.000583751
438 1.54751e+26 -0.0018626
437 5.43825e+25 -0.00131844
436 9.82098e+25 -0.00187485
435 4.29121e+25 -0.00169231
434 4.49207e+25 -0.000759611
433 2.22595e+25 -0.000312981
432 9.34454e+25 0.00122681
431 6.71275e+25 0.00197349
430 2.19599e+25 0.00262705
429 7.95609e+25 0.00430314
428 5.10325e+25 0.00242601
427 7.6364e+25 0.00125428
426 1.31447e+26 0.00206732
425 9.44332e+25 0.000205246
424 3.69599e+25 0.00160206
423 4.68569e+25 0.00119603
422 5.59163e+25 0.000143314
421 6.1406e+25 0.00121685
420 1.87346e+25 0.00111387
419 5.05402e+25 0.000890446
418 2.04225e+25 -0.000431706
417 6.72783e+25 -0.000868723
416 1.84122e+25 -0.000643353
415 6.2581e+25 -0.000831538
414 7.01571e+25 0.000108207
413 3.95346e+25 0.000230783
412 2.99634e+25 0.000272486
411 5.57349e+25 0.001522
410 2.22552e+26 0.00088664
409 3.13533e+25 0.00139684
408 4.37604e+25 0.000566033
407 6.25087e+25 -0.000478715
406 4.85977e+25 -1.3544e-05
405 2.13313e+25 0.000580243
404 2.30676e+25 0.000710274
403 9.3604e+25 0.00106364
402 3.13351e+25 -0.000731117
401 4.08149e+25 0.000774001
400 5.15447e+25 0.000709952
399 4.36308e+25 -0.000486806
398 1.3774e+26 -0.00118872
397 3.79776e+25 -0.00194359
396 1.21726e+25 -0.00211469
395 1.7428e+25 -0.00222417
394 1.25036e+26 -0.000961383
393 7.57961e+25 0.000426002
392 7.78723e+25 -0.00165095
391 2.51577e+26 -0.000133685
390 5.33481e+25 0.00133393
389 2.29729e+26 0.00125219
388 3.67169e+25 0.000381962
387 5.23176e+25 0.000756763
386 7.71005e+25 0.000462343
385 2.10169e+26 0.000459214
384 3.57138e+25 -0.00125167
383 1.16088e+26 -0.000430415
382 1.91955e+26 0.00182974
381 1.26355e+26 0.00154397
380 5.25637e+25 0.00163604
379 4.73829e+25 -3.77125e-05
378 2.56849e+25 0.000654977
377 7.19682e+25 0.00112527
376 3.9536e+25 0.00242432
375 1.6771e+25 0.00225184
374 1.20983e+26 0.00307448
373 2.77904e+25 0.00297683
372 1.08287e+26 0.00236977
371 2.15038e+25 0.00109881
370 1.58901e+26 0.000594418
369 1.76789e+26 -0.00147286
368 3.80381e+26 0.00120458
367 8.15464e+25 0.00287498
366 1.08695e+26 0.000343627
365 2.0335e+26 0.0016852
364 1.93742e+26 0.00414221
363 2.96574e+26 0.00441898
362 2.7654e+25 0.00285491
361 1.24742e+26 0.00150888
360 2.54654e+25 0.000675372
359 4.43821e+25 -0.000202431
358 3.65762e+25 0.00029686
357 7.56966e+25 0.00145767
356 1.46117e+26 0.00161945
355 4.51892e+25 0.000499298
354 5.15945e+25 0.000874111
353 1.05672e+26 0.000553077
352 5.42102e+25 -0.000225607
351 9.64303e+25 0.000120512
350 1.49057e+26 -0.00160239
349 5.36873e+25 -0.00387403
348 4.16292e+25 -0.00361097
347 5.18751e+25 -0.00304243
346 7.63896e+25 -0.00206921
345 6.65843e+25 -0.000708807
344 1.32211e+25 -0.00205782
343 1.37733e+26 -0.00344084
342 1.41419e+26 -0.00275214
341 3.14597e+25 -0.000402545
340 3.09496e+25 -0.0001729
339 1.79647e+26 -0.00110335
338 5.14914e+25 -0.0013504
337 4.41705e+25 -0.000482612
336 8.12797e+25 -0.00090469
335 1.00719e+26 -0.0014957
334 5.9783e+25 -0.000421142
333 5.24749e+25 0.000410792
332 5.3256e+25 0.000965828
331 5.1717e+25 0.000335193
330 7.73768e+25 -0.000675793
329 3.62068e+25 -0.00191897
328 4.43893e+25 -0.0024434
327 1.06346e+26 -0.00181483
326 3.10572e+26 -0.00034693
325 3.67835e+25 0.000198997
324 1.3889e+26 -0.000107727
323 3.89615e+25 0.000746766
322 2.02413e+25 0.000412501
321 1.08197e+26 0.000718134
320 8.44859e+25 0.00123367
319 8.22228e+25 0.000767892
318 1.30444e+26 0.000691049
317 9.09973e+25 1.24788e-05
316 2.87335e+26 -0.000234692
315 6.49105e+25 0.00223799
314 2.24321e+25 0.00207895
313 9.5312e+25 0.00231752
312 1.42945e+26 3.67756e-05
311 6.80026e+25 2.11681e-05
310 3.33208e+26 0.0014381
309 4.77693e+25 0.00275686
308 1.43467e+26 0.00187187
307 7.38134e+25 0.000269468
306 1.43053e+26 0.000155834
305 1.40378e+26 0.000877213
304 8.24721e+25 -0.00127205
303 1.81433e+26 -0.00242417
302 3.02903e+25 -0.00201764
301 3.8391e+25 -0.00122377
300 8.04703e+25 0.000307741
299 2.4536e+26 0.00259951
298 4.04245e+25 0.00295105
297 5.07668e+25 0.00250443
296 1.2607e+26 0.00221794
295 1.15313e+26 0.000550931
294 6.07926e+25 0.000983516
293 1.00965e+26 0.00148507
292 2.83489e+25 0.00256437
291 5.46974e+25 0.00148414
290 3.47356e+25 0.00150556
289 1.04743e+26 0.00111016
288 4.02663e+25 0.000218258
287 1.18951e+26 -0.000243571
286 2.65923e+25 0.000350078
285 3.08481e+25 2.58969e-05
284 9.48566e+25 0.00038213
283 6.16001e+25 8.27007e-05
282 6.76499e+25 -0.000561365
281 3.93355e+25 -8.19623e-05
280 1.00665e+26 0.00018141
279 2.43988e+25 0.000126379
278 7.1078e+25 -0.00032452
277 2.89782e+25 -0.000806157
276 6.4765e+25 -0.00117384
275 1.25117e+26 -0.000806249
274 5.26749e+25 0.000366055
273 8.1758e+25 0.000817759
272 1.52423e+26 -0.00126731
271 1.81356e+26 -0.00239609
270 6.34443e+25 -0.00139156
269 9.85224e+25 -0.000437615
268 4.82087e+25 0.000209508
267 7.58452e+25 0.000771853
266 1.66788e+26 -0.00078638
265 1.14002e+26 -0.000813219
264 3.75218e+25 -0.00129835
263 7.60092e+25 -0.00256387
262 7.74865e+25 -0.00343533
261 5.47514e+25 -0.0031334
260 3.53006e+25 -0.00262128
259 3.55362e+26 -0.00348264
258 5.07643e+25 -0.00503599
257 1.95847e+25 -0.00365412
256 5.68937e+25 -0.00399449
255 2.55165e+25 -0.00347726
254 4.28711e+25 -0.00303717
253 3.42234e+25 -0.00248747
252 9.39232e+25 -0.00392871
251 1.31551e+26 -0.00397841
250 9.58518e+25 -0.00169152
249 5.18571e+25 -0.00178825
248 3.06953e+25 -0.00130997
247 8.11779e+25 -0.00257638
246 2.74735e+25 -0.00142929
245 1.22888e+26 -5.77123e-05
244 6.32916e+25 0.00125672
243 8.7258e+25 0.000804536
242 1.70764e+26 0.00119332
241 5.22306e+25 0.000657759
240 1.07416e+26 0.000709459
239 8.83163e+25 0.000430957
238 3.91873e+25 0.00149642
237 6.71906e+25 0.000435527
236 3.11256e+26 0.000126838
235 1.8917e+26 0.0028871
234 7.51134e+25 0.00158228
233 3.90547e+25 0.00288068
232 1.56087e+26 0.00343418
231 3.65774e+25 0.00329194
230 3.14486e+25 0.00303416
229 6.30099e+25 0.003503
228 5.11887e+25 0.00496981
227 9.72184e+25 0.00407951
226 1.88541e+25 0.003834
225 1.36181e+26 0.00374342
224 3.89487e+25 0.00281558
223 3.8756e+26 0.000784615
222 1.04778e+26 0.000508076
221 2.2728e+26 -0.000507786
220 7.59678e+25 -0.00235249
219 6.32171e+25 -0.00265149
218 2.93513e+26 -0.00381445
217 8.52751e+25 -0.00475129
216 2.54495e+25 -0.0046618
215 1.03322e+26 -0.00245663
214 1.37348e+26 -0.00223143
213 5.78497e+25 -0.000563642
212 1.08547e+26 -0.000722279
211 1.5806e+26 -0.000114228
210 3.76496e+26 -0.000323985
209 2.59244e+25 -0.000969174
208 1.64632e+26 -0.00011952
207 3.17555e+25 0.00155944
206 2.04422e+26 0.000103159
205 4.92773e+25 -0.00103981
204 1.35792e+26 -0.00141868
203 2.24253e+25 -0.00311431
202 7.93116e+25 -0.00419311
201 3.07736e+26 -0.00377865
200 1.05702e+26 -0.00351337
199 1.76713e+25 -0.00493593
198 4.19201e+25 -0.00497631
197 4.53673e+26 -0.00641901
196 5.09854e+25 -0.0068936
195 2.49747e+26 -0.00532428
194 2.99491e+25 -0.00463951
193 2.49835e+25 -0.00495715
192 5.28812e+25 -0.00551313
191 5.56404e+25 -0.00557197
190 3.04203e+25 -0.0038061
189 1.4788e+26 -0.00347017
188 6.90579e+25 -0.00341352
187 7.87966e+25 -0.0034854
186 2.58826e+25 -0.00263477
185 1.53242e+25 -0.00322345
184 1.67721e+26 -0.00473283
183 1.83468e+25 -0.00473648
182 1.00265e+26 -0.00547772
181 1.50452e+26 -0.00493486
180 2.86701e+26 -0.00286386
179 8.64905e+25 -0.00188891
178 9.05018e+25 -0.00330247
177 1.29547e+26 -0.00283527
176 2.71144e+25 -0.00172469
175 3.92707e+25 -0.00228841
174 4.07805e+25 -0.00251942
173 2.87017e+26 -0.00015693
172 1.95543e+25 0.000927127
171 5.21546e+25 0.00114894
170 7.36951e+25 0.00177459
169 1.57249e+26 0.00144041
168 6.76345e+25 0.00177846
167 1.95877e+26 0.00176079
166 3.52183e+25 0.00249814
165 1.03139e+26 0.00294049
164 2.45189e+26 0.00410658
163 6.44595e+25 0.00509133
162 2.08446e+26 0.00618722
161 7.30314e+25 0.00692118
160 5.26332e+25 0.00771056
159 1.39924e+26 0.0066517
158 2.52955e+25 0.00617696
157 3.48791e+25 0.00636965
156 7.21744e+25 0.00719709
155 1.99604e+25 0.00636941
154 4.9337e+25 0.00607641
153 6.06306e+25 0.00678532
152 4.02337e+25 0.00685657
151 4.13274e+25 0.00662971
150 1.34711e+25 0.00729367
149 2.4701e+25 0.00747297
148 3.33663e+25 0.00763611
147 1.36508e+25 0.00781432
146 1.71213e+25 0.00808418
145 3.16527e+25 0.00866298
144 7.37675e+25 0.00784924
143 9.28717e+25 0.00810312
142 3.03082e+25 0.007515
141 2.04694e+25 0.00648427
140 3.83875e+25 0.00679925
139 5.3527e+25 0.00781303
138 7.86499e+25 0.00662365
137 2.61166e+25 0.00689522
136 3.88001e+25 0.00651841
135 1.29601e+26 0.00701218
134 7.0179e+25 0.0076632
133 1.24652e+26 0.00785289
132 2.51722e+25 0.00844233
131 2.23269e+25 0.00813064
130 7.14897e+25 0.00785773
129 1.37366e+26 0.0077652
128 7.99456e+25 0.00864124
127 1.64912e+25 0.00919942
126 9.42399e+25 0.00865483
125 3.03351e+25 0.00859047
124 5.92459e+25 0.00929276
123 1.26149e+26 0.00872932
122 7.83783e+25 0.00831789
121 1.03833e+25 0.00942823
120 2.76134e+25 0.00940187
119 1.74456e+25 0.00934472
118 1.66916e+26 0.00990624
117 1.42e+25 0.0105448
116 2.66418e+25 0.0104771
115 4.14429e+25 0.0111584
114 2.99703e+24 0.0107369
113 3.44591e+25 0.0108695
112 1.17761e+25 0.0112768
111 2.4389e+25 0.0114147
110 1.7116e+25 0.0110375
109 2.24456e+25 0.0105607
108 5.36841e+25 0.010841
107 1.6294e+25 0.0104319
106 3.24631e+25 0.0108181
105 5.02889e+24 0.0106495
104 2.62686e+25 0.0108289
103 6.73102e+24 0.0110741
102 3.34082e+25 0.0104585
101 2.54402e+25 0.00987926
100 1.27214e+25 0.00960651
99 8.40036e+24 0.00953568
98 6.21136e+25 0.00915589
97 2.99578e+25 0.00924268
96 9.53584e+24 0.00967647
95 4.1343e+25 0.00944946
94 2.69932e+25 0.00924727
93 5.94506e+24 0.00913598
92 1.15317e+25 0.00902075
91 1.33551e+25 0.00903154
90 3.78901e+25 0.0085033
89 1.79243e+25 0.00766959
88 3.38996e+25 0.00705868
87 4.48319e+25 0.00641237
86 1.684e+25 0.00574509
85 5.46557e+25 0.00589623
84 9.19606e+24 0.00614612
83 3.80408e+25 0.00653986
82 3.5078e+25 0.00663403
81 5.63693e+24 0.006306
80 6.28521e+24 0.00631845
79 1.96366e+25 0.00628326
78 2.11801e+25 0.00672186
77 8.72064e+24 0.00677985
76 9.18001e+24 0.00674611
75 1.36881e+25 0.00657351
74 5.25782e+24 0.00667734
73 1.18489e+25 0.00682807
72 1.05678e+26 0.00635707
71 1.13266e+25 0.00573974
70 2.65658e+25 0.0056724
69 2.04061e+25 0.00522432
68 1.06921e+25 0.00501985
67 1.2323e+25 0.00527607
66 7.11157e+24 0.00530552
65 4.64478e+24 0.00555445
64 6.75918e+25 0.00577543
63 6.78621e+24 0.00582021
62 1.22777e+25 0.00566612
61 9.50976e+24 0.00581965
60 1.02778e+25 0.00585249
59 2.65251e+25 0.00598466
58 5.42935e+24 0.00631525
57 1.02402e+25 0.00628468
56 2.47881e+25 0.00634773
55 3.39257e+25 0.00608272
54 2.16019e+25 0.00606484
53 2.76868e+24 0.006203
52 4.99772e+25 0.00625283
51 2.03905e+25 0.00619095
50 1.61853e+25 0.00623376
49 1.10093e+25 0.00625752
48 8.95538e+25 0.00662224
47 2.91141e+25 0.00709214
46 1.14878e+25 0.00706847
45 3.78758e+25 0.00756353
44 5.98368e+25 0.00808717
43 2.40311e+25 0.00808645
42 2.83165e+25 0.00792107
41 3.85343e+25 0.00831258
40 2.56634e+25 0.00857587
39 1.4651e+25 0.00875164
38 8.03546e+24 0.0089023
37 7.98171e+25 0.00847353
36 1.51746e+25 0.00813076
35 3.85711e+25 0.00817395
34 1.09152e+25 0.008239
33 2.20292e+25 0.00795913
32 5.71156e+25 0.00823939
31 6.68136e+25 0.00809873
30 2.48166e+25 0.00773143
29 6.5018e+25 0.00776711
28 1.78766e+25 0.007495
27 2.62216e+25 0.00756667
26 2.736e+25 0.00760791
25 1.12757e+26 0.00775475
24 7.87489e+24 0.00819573
23 3.28272e+25 0.00811558
22 1.27347e+25 0.0082505
21 1.37156e+25 0.00803132
20 2.86068e+25 0.00825037
19 7.89501e+24 0.00853255
18 7.29739e+25 0.00841227
17 7.33991e+25 0.00871908
16 3.15083e+25 0.00868229
15 1.55291e+26 0.00899302
14 1.71949e+25 0.00917074
13 8.29632e+25 0.00919159
12 2.97023e+25 0.0093091
11 8.51949e+25 0.00920738
10 2.54971e+26 0.0096336
9 2.05076e+25 0.00982795
8 1.34205e+25 0.00999965
7 5.9087e+26 0.0105664
6 1.92693e+26 0.0111319
5 4.327e+25 0.0112499
4 1.33224e+26 0.0113598
3 3.5817e+26 0.0115961
2 1.6925e+26 0.0120012
1 3.46409e+26 0.0118959
