3000 1.92963e+23 0.0023946
2999 2.74283e+23 0.00345911
2998 2.58222e+23 0.0045425
2997 2.61319e+23 0.00152275
2996 2.33548e+23 0.00439586
2995 2.74451e+23 0.00264658
2994 2.39889e+23 0.00291233
2993 2.53832e+23 0.00190387
2992 2.85255e+23 0.000438528
2991 2.70024e+23 0.000541963
2990 2.99777e+23 0.00273984
2989 3.10129e+23 0.00256155
2988 2.82601e+23 0.00295517
2987 2.7199e+23 0.0051463
2986 2.56778e+23 0.00436077
2985 2.64812e+23 0.00227102
2984 2.46702e+23 0.00505251
2983 2.55878e+23 0.00196597
2982 2.4237e+23 0.00266454
2981 2.90649e+23 0.00384349
2980 2.9738e+23 0.000529641
2979 2.89146e+23 0.00178301
2978 2.69487e+23 0.000515863
2977 2.62379e+23 0.00348911
2976 2.89713e+23 0.00108286
2975 2.91914e+23 0.00255284
2974 2.55035e+23 0.000944307
2973 2.48448e+23 0.000932525
2972 3.01156e+23 0.0020261
2971 2.88091e+23 0.00277684
2970 2.98743e+23 0.00294795
2969 2.6374e+23 0.00156666
2968 2.4388e+23 0.00171193
2967 2.74367e+23 0.00234334
2966 2.72319e+23 0.00124529
2965 2.55314e+23 0.00375089
2964 2.37528e+23 0.0020269
2963 2.88927e+23 0.0015391
2962 2.61733e+23 0.00331067
2961 3.05844e+23 0.00500794
2960 2.19626e+23 0.00372829
2959 2.59557e+23 0.00284492
2958 2.45575e+23 0.00268916
2957 2.76615e+23 0.00480915
2956 2.54065e+23 0.00413937
2955 2.50203e+23 0.00243277
2954 2.76686e+23 0.0030007
2953 2.82343e+23 0.00308313
2952 3.13534e+23 0.00383539
2951 2.96413e+23 0.000706006
2950 2.95832e+23 0.00369181
2949 2.45435e+23 0.00122188
2948 2.22682e+23 0.000670301
2947 2.62162e+23 0.00311039
2946 2.62875e+23 0.00357252
2945 2.33974e+23 0.00191346
2944 3.04864e+23 0.00375286
2943 2.68323e+23 0.00288099
2942 2.85186e+23 0.00460718
2941 2.53276e+23 0.00317215
2940 2.67517e+23 0.00221712
2939 2.98953e+23 0.00232771
2938 2.21407e+23 0.00263391
2937 2.48779e+23 0.000758234
2936 2.63866e+23 0.00153037
2935 2.70524e+23 0.00401837
2934 2.77032e+23 0.0015502
2933 2.51593e+23 0.00326702
2932 2.58517e+23 0.000942084
2931 2.29036e+23 0.00366383
2930 3.3613e+23 0.000711943
2929 2.90261e+23 0.0021765
2928 2.83235e+23 0.00366242
2927 2.78138e+23 0.0029335
2926 2.63587e+23 0.00356451
2925 2.47194e+23 0.00169086
2924 2.92438e+23 0.000525795
2923 3.26823e+23 0.00334933
2922 2.53203e+23 0.00247089
2921 2.41965e+23 0.00287756
2920 2.80031e+23 0.0024684
2919 2.9594e+23 0.00346126
2918 2.92839e+23 0.00416904
2917 3.13027e+23 0.00554825
2916 3.10231e+23 0.00449962
2915 2.98642e+23 0.00250095
2914 2.65644e+23 0.00303778
2913 2.46697e+23 0.00285595
2912 2.62339e+23 0.00265447
2911 2.73907e+23 0.00295832
2910 2.44121e+23 0.00390624
2909 2.41489e+23 0.00306754
2908 2.87986e+23 0.00304087
2907 2.60589e+23 0.00515351
2906 2.71406e+23 0.00193051
2905 2.62223e+23 0.00335305
2904 2.56713e+23 0.00386725
2903 2.63348e+23 0.0039028
2902 2.86462e+23 0.00296002
2901 2.41919e+23 0.00302999
2900 2.87843e+23 0.00367198
2899 3.12605e+23 0.00103283
2898 2.52656e+23 0.00349281
2897 3.15637e+23 0.00434102
2896 2.35592e+23 0.00290793
2895 2.50944e+23 0.0043404
2894 2.73096e+23 0.00176551
2893 2.31386e+23 0.00268384
2892 2.51834e+23 0.00523397
2891 2.49112e+23 0.00190092
2890 2.54946e+23 0.00416645
2889 2.90999e+23 0.0015375
2888 3.10286e+23 0.0016721
2887 2.6378e+23 0.00197858
2886 2.61148e+23 0.00488998
2885 2.91443e+23 0.00267174
2884 2.5962e+23 0.00342389
2883 2.78986e+23 0.000946259
2882 3.28233e+23 0.00196174
2881 2.50848e+23 0.00159694
2880 3.315e+23 0.0033782
2879 2.69581e+23 0.00490682
2878 3.12188e+23 0.00411725
2877 2.80842e+23 0.00165009
2876 2.37581e+23 0.00175435
2875 2.86064e+23 0.00432572
2874 2.69837e+23 0.00276495
2873 3.19036e+23 0.00134142
2872 3.15832e+23 0.0037697
2871 2.88861e+23 0.00388225
2870 2.60103e+23 0.00275204
2869 3.21936e+23 0.00413354
2868 2.60868e+23 0.00346189
2867 2.60336e+23 0.00189405
2866 2.30416e+23 0.00153224
2865 2.77297e+23 0.00399829
2864 3.07834e+23 0.0031971
2863 3.22818e+23 0.00428675
2862 3.09286e+23 0.00417573
2861 2.37607e+23 0.00454784
2860 2.75437e+23 0.00313493
2859 3.11485e+23 0.00228128
2858 2.91927e+23 0.00317922
2857 2.86313e+23 0.00255463
2856 2.594e+23 0.002878
2855 2.83428e+23 0.00331923
2854 2.95395e+23 0.00486097
2853 2.57642e+23 0.00204982
2852 2.8178e+23 0.00309653
2851 2.93995e+23 0.0025491
2850 2.60593e+23 0.00446417
2849 2.83207e+23 0.00254928
2848 3.00986e+23 0.00401487
2847 2.82488e+23 0.00310661
2846 3.33797e+23 0.00297611
2845 2.30565e+23 0.00164854
2844 2.91751e+23 0.00246505
2843 2.60933e+23 0.00356343
2842 2.9017e+23 0.00164372
2841 2.62198e+23 0.00177277
2840 2.71729e+23 0.00380889
2839 2.78904e+23 0.00186244
2838 2.65308e+23 0.00481986
2837 2.65493e+23 0.00458906
2836 3.55486e+23 0.00446396
2835 3.00266e+23 0.00248756
2834 2.97231e+23 0.00120266
2833 3.05535e+23 0.00375383
2832 2.89399e+23 0.00189879
2831 2.68803e+23 0.00209063
2830 2.55754e+23 0.00381209
2829 3.26218e+23 0.00223642
2828 2.69716e+23 0.00258992
2827 2.61416e+23 0.0040317
2826 2.57554e+23 0.00277608
2825 2.50522e+23 0.00235767
2824 3.36019e+23 0.00260952
2823 2.81461e+23 0.00340295
2822 3.02473e+23 0.00351371
2821 2.6083e+23 0.000914133
2820 3.23068e+23 0.0041199
2819 2.60894e+23 0.00347011
2818 3.07084e+23 0.00117827
2817 3.29067e+23 0.00313069
2816 2.80424e+23 0.00351669
2815 3.10548e+23 0.00326109
2814 2.14201e+23 0.0025452
2813 2.36828e+23 0.00247905
2812 3.219e+23 0.00336941
2811 2.86054e+23 0.00245144
2810 2.5347e+23 0.00263401
2809 2.81077e+23 0.00290742
2808 2.26358e+23 0.00137299
2807 3.12061e+23 0.00239667
2806 2.45979e+23 0.00272602
2805 2.38487e+23 0.00359079
2804 3.1062e+23 0.00259771
2803 2.72111e+23 0.00328605
2802 2.6194e+23 0.00164457
2801 2.56141e+23 0.00217806
2800 3.38899e+23 0.00222292
2799 2.85503e+23 0.00323948
2798 2.95078e+23 0.00383666
2797 2.33354e+23 0.00385673
2796 2.59555e+23 0.00402915
2795 3.18574e+23 0.00277795
2794 3.37856e+23 0.00413628
2793 2.96188e+23 0.00198356
2792 2.71112e+23 0.00293083
2791 2.91644e+23 7.986e-07
2790 2.95344e+23 0.00235741
2789 2.93368e+23 0.00396584
2788 2.60361e+23 0.00370107
2787 2.96681e+23 0.00318886
2786 2.75167e+23 0.000106249
2785 2.83007e+23 0.00252633
2784 3.0427e+23 0.00166062
2783 3.23781e+23 0.00185964
2782 2.87148e+23 0.00400707
2781 2.80809e+23 0.00273632
2780 2.74363e+23 0.00257427
2779 3.51996e+23 0.00308806
2778 2.31753e+23 0.00237571
2777 2.33801e+23 0.0040176
2776 2.23036e+23 0.00220055
2775 2.67298e+23 0.00119247
2774 3.04208e+23 0.00459892
2773 2.86982e+23 0.00230313
2772 3.05491e+23 0.00264873
2771 3.04118e+23 0.00311074
2770 2.34188e+23 0.00276541
2769 2.70829e+23 0.00406335
2768 2.86259e+23 0.00234814
2767 2.66795e+23 0.00443098
2766 2.76714e+23 0.00294002
2765 2.79697e+23 0.00161585
2764 3.04819e+23 0.00142379
2763 2.28193e+23 0.00442202
2762 2.73014e+23 0.00200978
2761 2.31993e+23 0.00470472
2760 3.169e+23 0.00399708
2759 2.77453e+23 0.00373991
2758 2.98636e+23 0.00329115
2757 2.82943e+23 0.00192384
2756 3.13204e+23 0.00186642
2755 2.33798e+23 0.00361408
2754 2.76977e+23 0.00204931
2753 3.25911e+23 0.00282595
2752 2.54835e+23 0.00433289
2751 2.6124e+23 0.00158935
2750 2.80499e+23 0.00186125
2749 2.92943e+23 0.00329342
2748 2.44229e+23 0.00241536
2747 2.77156e+23 0.00314068
2746 2.72882e+23 0.00375272
2745 2.94054e+23 0.00239876
2744 2.80885e+23 0.00165764
2743 2.60057e+23 0.00265433
2742 3.40771e+23 0.00284049
2741 2.64855e+23 0.00391248
2740 3.48485e+23 0.00239691
2739 2.80353e+23 0.0015922
2738 3.55597e+23 0.00106731
2737 2.68865e+23 0.00245929
2736 2.93132e+23 0.00318501
2735 2.9256e+23 0.00271224
2734 2.69893e+23 0.00380864
2733 3.0431e+23 0.00409657
2732 2.58184e+23 0.00367548
2731 2.8592e+23 0.00307399
2730 2.87158e+23 0.00276465
2729 3.49514e+23 0.00331006
2728 3.09091e+23 0.00411177
2727 3.13547e+23 0.00140372
2726 2.41968e+23 0.00196131
2725 2.72882e+23 0.00255478
2724 3.57558e+23 0.00336824
2723 2.53882e+23 0.00605052
2722 3.17461e+23 0.00242463
2721 2.82596e+23 0.00337834
2720 3.23249e+23 0.00286712
2719 2.77823e+23 0.00392047
2718 2.71392e+23 0.00247266
2717 2.94242e+23 0.00297533
2716 2.98278e+23 0.0022608
2715 2.90365e+23 0.00277601
2714 3.0736e+23 0.00400437
2713 3.3759e+23 0.00236963
2712 3.59319e+23 0.00363544
2711 2.70221e+23 0.00144366
2710 2.68116e+23 0.00552932
2709 2.73447e+23 0.00196052
2708 2.64196e+23 0.00133905
2707 2.89895e+23 0.00497534
2706 2.68312e+23 0.00192501
2705 2.97503e+23 0.00340051
2704 2.5948e+23 0.0023173
2703 3.00196e+23 0.00199581
2702 2.67012e+23 0.00321424
2701 3.56075e+23 0.00320933
2700 2.9064e+23 0.000839336
2699 2.70144e+23 0.00330414
2698 3.07828e+23 0.00315154
2697 2.50679e+23 0.00530414
2696 3.00388e+23 0.000863604
2695 2.78033e+23 0.00398316
2694 3.03261e+23 0.00325716
2693 3.07124e+23 0.00322696
2692 2.52111e+23 0.00319305
2691 2.77246e+23 0.00259639
2690 2.84135e+23 0.00040196
2689 3.09646e+23 0.00444069
2688 3.29151e+23 0.00411145
2687 2.64423e+23 0.00232703
2686 2.53913e+23 0.00374107
2685 3.39239e+23 0.00274011
2684 3.48785e+23 0.00215135
2683 3.86021e+23 0.00487595
2682 3.23465e+23 0.00344215
2681 3.17247e+23 0.00381154
2680 3.19521e+23 0.00340956
2679 2.46442e+23 0.00168113
2678 2.57426e+23 0.00281465
2677 2.68664e+23 0.00238544
2676 3.19195e+23 0.0033497
2675 3.07922e+23 0.00292957
2674 2.43129e+23 0.00332311
2673 2.41527e+23 0.00361333
2672 3.31372e+23 0.00195193
2671 3.2198e+23 0.00510096
2670 3.4146e+23 0.000913053
2669 2.61342e+23 0.00390986
2668 3.47489e+23 0.00367058
2667 3.24074e+23 0.00246484
2666 2.98912e+23 0.00367887
2665 3.11913e+23 0.00301061
2664 3.01251e+23 0.0030373
2663 2.79584e+23 0.005143
2662 2.83297e+23 0.00432674
2661 2.616e+23 0.00236399
2660 3.78126e+23 0.00428459
2659 2.56816e+23 0.00301948
2658 2.6787e+23 0.00207452
2657 3.06234e+23 0.00395016
2656 3.1421e+23 0.00412488
2655 2.90457e+23 0.00279163
2654 3.60212e+23 0.00248613
2653 3.29099e+23 0.00287866
2652 3.60913e+23 0.00398274
2651 3.29796e+23 0.00571149
2650 2.94691e+23 0.00409402
2649 2.72049e+23 0.00387926
2648 2.95584e+23 0.00335784
2647 3.09184e+23 0.00211278
2646 3.41573e+23 0.00353295
2645 2.68374e+23 0.00509438
2644 2.70203e+23 0.00254971
2643 2.68953e+23 0.00581896
2642 2.76519e+23 0.00332715
2641 2.71784e+23 0.00257049
2640 3.16223e+23 0.00431979
2639 2.87948e+23 0.00274799
2638 3.08352e+23 0.00295739
2637 3.36078e+23 0.00303956
2636 2.28597e+23 0.00287347
2635 2.92066e+23 0.00211488
2634 2.93801e+23 0.00193388
2633 2.79112e+23 0.00284016
2632 2.65209e+23 0.00306207
2631 2.7996e+23 0.0042331
2630 2.67987e+23 0.000461787
2629 3.11672e+23 0.00300794
2628 3.19636e+23 0.00473428
2627 3.01085e+23 0.00037302
2626 3.53558e+23 0.00123495
2625 3.08629e+23 0.0014539
2624 3.25918e+23 0.00245667
2623 2.59862e+23 0.00234917
2622 3.08068e+23 0.00357286
2621 3.63262e+23 0.00319579
2620 3.15837e+23 0.00162089
2619 2.81046e+23 0.00384043
2618 3.52505e+23 0.00309632
2617 3.22218e+23 0.00356445
2616 2.8784e+23 0.00273255
2615 3.42005e+23 0.00289702
2614 2.59532e+23 0.00268992
2613 3.54389e+23 0.00252318
2612 2.80735e+23 0.00283004
2611 2.76125e+23 0.00263317
2610 3.09058e+23 0.00211472
2609 3.18284e+23 0.00349015
2608 2.59192e+23 0.00440716
2607 3.49808e+23 0.00255544
2606 3.55139e+23 0.00368038
2605 2.44671e+23 0.00462177
2604 2.89471e+23 0.00172354
2603 2.64931e+23 0.00397514
2602 2.70886e+23 0.00186209
2601 3.93101e+23 0.00219008
2600 3.53931e+23 0.00240583
2599 2.73225e+23 0.0033454
2598 3.42486e+23 0.00316501
2597 2.9423e+23 0.00516392
2596 3.23724e+23 0.00329615
2595 2.59443e+23 0.00301803
2594 2.91923e+23 0.00266123
2593 3.05017e+23 0.00165386
2592 3.41582e+23 0.00450248
2591 3.37773e+23 0.00291464
2590 2.76019e+23 0.00321156
2589 2.62758e+23 0.00275038
2588 3.60012e+23 0.00329803
2587 2.45239e+23 0.00308776
2586 3.24929e+23 0.00260528
2585 3.11781e+23 0.00335819
2584 2.98029e+23 0.00313306
2583 3.13312e+23 0.00457626
2582 2.97178e+23 0.00267607
2581 3.61224e+23 0.00197715
2580 2.54207e+23 0.00314527
2579 3.00406e+23 0.00233747
2578 3.44963e+23 0.00318756
2577 3.11416e+23 0.00125666
2576 2.80502e+23 0.00321656
2575 3.4035e+23 0.00275781
2574 3.33699e+23 0.00257318
2573 2.93463e+23 0.00245497
2572 2.45625e+23 0.00451578
2571 3.00523e+23 0.00291283
2570 3.25768e+23 0.00299429
2569 2.6834e+23 0.00256279
2568 3.16542e+23 0.00345375
2567 3.07029e+23 0.00360609
2566 3.29884e+23 0.00314328
2565 3.19191e+23 0.00422454
2564 2.70494e+23 0.00354648
2563 3.40868e+23 0.00254026
2562 2.57382e+23 0.00343604
2561 2.97966e+23 0.00196195
2560 3.47495e+23 0.00353364
2559 3.07261e+23 0.00154587
2558 3.39395e+23 0.00290504
2557 3.18589e+23 0.00404527
2556 2.87149e+23 0.0031508
2555 3.27618e+23 0.00426432
2554 2.67985e+23 0.00390701
2553 3.18963e+23 0.00319277
2552 3.31931e+23 0.00258317
2551 2.80422e+23 0.00393383
2550 3.3266e+23 0.00415189
2549 3.27495e+23 0.00174525
2548 3.00096e+23 0.00133364
2547 3.83995e+23 0.00172467
2546 3.23379e+23 0.000647523
2545 4.03053e+23 0.00501517
2544 2.85494e+23 0.00209428
2543 3.1585e+23 0.00237031
2542 3.58976e+23 0.00518871
2541 2.87011e+23 0.0022087
2540 3.58995e+23 0.00277029
2539 2.58039e+23 0.00503328
2538 3.03001e+23 0.00251422
2537 3.90522e+23 0.00347641
2536 3.93708e+23 0.00413366
2535 3.19024e+23 0.00214837
2534 3.13035e+23 0.0035189
2533 3.33745e+23 0.00494945
2532 3.63303e+23 0.00170536
2531 3.47042e+23 0.00387893
2530 3.79895e+23 0.00423004
2529 3.09624e+23 0.00131708
2528 2.80296e+23 0.00104898
2527 3.39178e+23 0.00240338
2526 2.97527e+23 0.00161768
2525 3.01712e+23 0.00233547
2524 3.00151e+23 0.00470446
2523 3.32116e+23 0.00292817
2522 3.19254e+23 0.00534715
2521 3.3114e+23 0.00391002
2520 3.6537e+23 0.00305899
2519 3.05201e+23 0.00306173
2518 3.50747e+23 0.00331084
2517 2.91764e+23 0.00349054
2516 3.27808e+23 0.00215283
2515 3.79863e+23 0.00373996
2514 3.05899e+23 0.00444201
2513 2.58513e+23 0.00258401
2512 2.84933e+23 0.00527134
2511 3.12354e+23 0.00419474
2510 3.48218e+23 0.00223094
2509 3.32193e+23 0.00231962
2508 3.27571e+23 0.00154704
2507 3.20848e+23 0.00340637
2506 3.07995e+23 0.00196557
2505 3.36618e+23 0.00413656
2504 3.28839e+23 0.00242735
2503 3.76505e+23 0.00272778
2502 2.97639e+23 0.00281448
2501 3.08462e+23 0.00307412
2500 2.81841e+23 0.00460252
2499 3.20255e+23 0.00385138
2498 3.22152e+23 0.00403025
2497 3.00653e+23 0.00067391
2496 3.29559e+23 0.00318471
2495 3.3372e+23 0.00539624
2494 2.99914e+23 0.00141882
2493 3.43455e+23 0.00208872
2492 3.42647e+23 0.00530843
2491 3.564e+23 0.00451133
2490 3.41516e+23 0.00392099
2489 2.98429e+23 0.00431044
2488 3.42304e+23 0.00419325
2487 2.51473e+23 0.0051821
2486 3.52389e+23 0.00411621
2485 2.61139e+23 0.006182
2484 3.42453e+23 0.00336524
2483 3.77087e+23 0.00386521
2482 3.30554e+23 0.00347868
2481 3.29134e+23 0.00462746
2480 3.71686e+23 0.00412361
2479 2.99489e+23 0.00477649
2478 2.96151e+23 0.00206522
2477 3.41137e+23 0.00391743
2476 3.85433e+23 0.0032057
2475 3.27338e+23 0.00381936
2474 3.06413e+23 0.00368359
2473 2.78154e+23 0.00481578
2472 3.73689e+23 0.0030412
2471 3.41443e+23 0.0045001
2470 2.63733e+23 0.00501332
2469 3.00731e+23 0.00347066
2468 3.14557e+23 0.00367148
2467 3.65655e+23 0.00484338
2466 2.90106e+23 0.00509419
2465 3.28387e+23 0.00541583
2464 2.80893e+23 0.00310566
2463 3.2937e+23 0.00268113
2462 2.79753e+23 0.00115837
2461 3.14421e+23 0.00322434
2460 3.31778e+23 0.00467977
2459 3.03847e+23 0.00169048
2458 3.17905e+23 0.00316754
2457 3.24189e+23 0.00371693
2456 3.32698e+23 0.00105491
2455 3.18076e+23 0.00158972
2454 3.97179e+23 0.00496525
2453 3.50588e+23 0.00454994
2452 4.15047e+23 0.00298288
2451 3.57982e+23 0.00413102
2450 3.23905e+23 0.00211132
2449 3.09778e+23 0.00331568
2448 3.31532e+23 0.0028039
2447 3.02098e+23 0.00421823
2446 3.21728e+23 0.00395081
2445 3.32371e+23 0.00427176
2444 3.59732e+23 0.00498097
2443 3.45455e+23 0.00409658
2442 4.22309e+23 0.00226853
2441 2.98932e+23 0.00391012
2440 2.91821e+23 0.00414879
2439 3.46482e+23 0.0020044
2438 3.5328e+23 0.00399627
2437 3.32374e+23 0.00293985
2436 3.0619e+23 0.000945803
2435 3.27952e+23 0.00225302
2434 3.15759e+23 0.00178695
2433 3.31658e+23 0.00182587
2432 3.60631e+23 0.00199674
2431 3.18253e+23 0.00276956
2430 3.1439e+23 0.00139753
2429 3.33602e+23 0.00236962
2428 3.28216e+23 0.00400103
2427 3.23955e+23 0.00370966
2426 3.68407e+23 0.00424514
2425 3.51878e+23 0.00448094
2424 4.00647e+23 0.00423401
2423 3.47202e+23 0.00271991
2422 3.35533e+23 0.00369605
2421 3.39226e+23 0.00205737
2420 3.01233e+23 0.00233737
2419 3.07482e+23 0.00424291
2418 3.06991e+23 0.00577935
2417 3.17845e+23 0.0031037
2416 3.11707e+23 0.00384771
2415 3.26179e+23 0.00381485
2414 3.17716e+23 0.00483727
2413 3.4319e+23 0.00426161
2412 3.48444e+23 0.00308252
2411 3.06292e+23 0.00311457
2410 3.24208e+23 0.00241671
2409 3.76925e+23 0.00432239
2408 2.68564e+23 0.00325888
2407 3.35957e+23 0.00409275
2406 3.51294e+23 0.0017903
2405 3.03537e+23 0.00312558
2404 2.90015e+23 0.00350259
2403 3.62387e+23 0.00379062
2402 3.99705e+23 0.00530904
2401 4.04089e+23 0.00185639
2400 3.16005e+23 0.00459697
2399 3.4907e+23 0.00362533
2398 4.17838e+23 0.00434874
2397 3.41988e+23 0.00513643
2396 3.30152e+23 0.001711
2395 3.47999e+23 0.00390132
2394 3.34322e+23 0.00162967
2393 3.66414e+23 0.00280534
2392 3.68822e+23 0.00311585
2391 3.36755e+23 0.00473973
2390 3.5821e+23 0.00396341
2389 3.66285e+23 0.00176426
2388 3.00769e+23 0.00188259
2387 3.19792e+23 0.0056754
2386 3.27929e+23 0.00376924
2385 3.8295e+23 0.0034977
2384 2.90779e+23 0.00377749
2383 3.46791e+23 0.00328934
2382 3.84469e+23 0.00437752
2381 2.94324e+23 0.00348595
2380 3.54489e+23 0.00215762
2379 3.34656e+23 0.00207867
2378 3.61893e+23 0.00398687
2377 2.98809e+23 0.00335759
2376 3.36365e+23 0.00379779
2375 3.74764e+23 0.00187069
2374 3.16074e+23 0.00324752
2373 3.23574e+23 0.00308694
2372 3.58467e+23 0.00345463
2371 3.5917e+23 0.00312166
2370 3.1293e+23 0.00606846
2369 3.31763e+23 0.00138204
2368 3.0285e+23 0.0025078
2367 2.85491e+23 0.00206989
2366 4.33372e+23 0.00328798
2365 3.02296e+23 0.00306293
2364 3.25261e+23 0.00607342
2363 3.26909e+23 0.00531431
2362 3.40458e+23 0.004434
2361 2.78946e+23 0.00327657
2360 3.23722e+23 0.00561448
2359 3.17495e+23 0.00382152
2358 3.19179e+23 0.00430793
2357 3.88928e+23 0.00475798
2356 3.17051e+23 0.00438427
2355 3.27479e+23 0.00322018
2354 3.77186e+23 0.00275784
2353 4.25904e+23 0.00239703
2352 3.87102e+23 0.00429854
2351 3.25862e+23 0.00458345
2350 3.57805e+23 0.00229219
2349 2.93448e+23 0.00423958
2348 3.07057e+23 0.00402216
2347 3.71616e+23 0.002611
2346 2.63041e+23 0.0048845
2345 3.78317e+23 0.00359441
2344 2.87133e+23 0.00331874
2343 3.38192e+23 0.00296056
2342 3.05876e+23 0.00370437
2341 4.21595e+23 0.00509425
2340 4.00506e+23 0.00228058
2339 3.4762e+23 0.00347871
2338 4.02059e+23 0.00164286
2337 3.19295e+23 0.00331161
2336 3.53006e+23 0.00352682
2335 3.48211e+23 0.00412488
2334 3.22022e+23 0.00409619
2333 3.43233e+23 0.00257347
2332 2.79691e+23 0.0048439
2331 3.64211e+23 0.00287588
2330 2.79384e+23 0.00214959
2329 3.38892e+23 0.00154342
2328 3.58869e+23 0.00438679
2327 3.77277e+23 0.0053522
2326 3.27376e+23 0.00262895
2325 3.5171e+23 0.0029562
2324 3.26066e+23 0.00432021
2323 4.44042e+23 0.00345517
2322 4.08126e+23 0.0036086
2321 3.6045e+23 0.0024513
2320 3.35397e+23 0.00359922
2319 3.5255e+23 0.00350987
2318 3.72823e+23 0.00326128
2317 3.24036e+23 0.0035136
2316 3.265e+23 0.00187147
2315 4.14308e+23 0.000948343
2314 3.37149e+23 0.00425068
2313 3.63823e+23 0.00325356
2312 2.90884e+23 0.00136311
2311 3.51974e+23 0.00264592
2310 3.93118e+23 0.00452938
2309 3.67891e+23 0.0037571
2308 3.0857e+23 0.00406099
2307 2.94632e+23 0.00388034
2306 3.72985e+23 0.00275975
2305 3.08723e+23 0.00435284
2304 3.41282e+23 0.00327166
2303 3.78563e+23 0.00377698
2302 3.3483e+23 0.00470824
2301 3.01986e+23 0.00365788
2300 3.46381e+23 0.00472911
2299 3.39869e+23 0.00583005
2298 3.65633e+23 0.00478082
2297 3.81809e+23 0.00213242
2296 3.37146e+23 0.00332234
2295 3.54588e+23 0.00380818
2294 3.90207e+23 0.00438847
2293 3.74876e+23 0.00616621
2292 3.35821e+23 0.00370922
2291 3.9432e+23 0.00345858
2290 3.60546e+23 0.00171949
2289 3.7943e+23 0.00457826
2288 3.68967e+23 0.00296394
2287 3.27819e+23 0.00234922
2286 3.68777e+23 0.00468653
2285 3.93178e+23 0.00492507
2284 4.46924e+23 0.00301631
2283 3.84666e+23 0.0023189
2282 3.51679e+23 0.0036904
2281 3.92121e+23 0.00457671
2280 3.74498e+23 0.00196539
2279 3.47869e+23 0.00369874
2278 3.34198e+23 0.0040628
2277 3.51358e+23 0.00317603
2276 3.60032e+23 0.00314697
2275 3.8605e+23 0.00354615
2274 3.11809e+23 0.00444483
2273 3.41893e+23 0.00431578
2272 3.07126e+23 0.00328034
2271 3.61129e+23 0.00459062
2270 3.40125e+23 0.00403959
2269 3.3789e+23 0.00238316
2268 3.78497e+23 0.00364201
2267 4.09416e+23 0.00353264
2266 3.73426e+23 0.00330775
2265 4.09354e+23 0.00576165
2264 3.80864e+23 0.00301861
2263 3.78397e+23 0.00241691
2262 3.46269e+23 0.00523317
2261 3.2474e+23 0.00180448
2260 3.6991e+23 0.00368496
2259 4.35988e+23 0.00501372
2258 2.95933e+23 0.00192114
2257 3.93126e+23 0.00240377
2256 3.60688e+23 0.00382798
2255 3.70148e+23 0.00383599
2254 3.2826e+23 0.00471082
2253 3.12909e+23 0.00751337
2252 3.61057e+23 0.00261146
2251 2.98059e+23 0.000729103
2250 3.44384e+23 0.00336577
2249 4.20101e+23 0.00195161
2248 2.87508e+23 0.00343132
2247 3.54769e+23 0.00367994
2246 3.46429e+23 0.00486391
2245 3.63535e+23 0.00435358
2244 3.72405e+23 0.00586865
2243 4.00969e+23 0.00293616
2242 3.4189e+23 0.00401622
2241 3.79617e+23 0.00407287
2240 3.54775e+23 0.00362325
2239 3.88658e+23 0.00274461
2238 2.90202e+23 0.00382122
2237 4.06094e+23 0.0039013
2236 3.75907e+23 0.00532049
2235 3.18896e+23 0.00264717
2234 3.17986e+23 0.00357933
2233 3.84089e+23 0.00371863
2232 3.3996e+23 0.00483935
2231 3.6985e+23 0.00261969
2230 3.52592e+23 0.00442835
2229 3.63133e+23 0.00421676
2228 3.40871e+23 0.00313836
2227 3.45387e+23 0.00314799
2226 3.32943e+23 0.00363717
2225 3.76506e+23 0.00401723
2224 3.30948e+23 0.00392423
2223 3.64457e+23 0.00288419
2222 3.21888e+23 0.00247236
2221 3.33797e+23 0.00360456
2220 3.39122e+23 0.00489481
2219 3.47539e+23 0.00372225
2218 3.67478e+23 0.00289473
2217 4.09418e+23 0.00452005
2216 3.59656e+23 0.00195358
2215 4.20195e+23 0.00517197
2214 3.90076e+23 0.00511322
2213 4.10782e+23 0.00190425
2212 4.28839e+23 0.00275313
2211 4.13638e+23 0.00279515
2210 3.86464e+23 0.00523119
2209 3.49578e+23 0.00186068
2208 3.55188e+23 0.00420807
2207 3.91159e+23 0.00335041
2206 3.65199e+23 0.0057383
2205 3.07256e+23 0.0025421
2204 4.3902e+23 0.00316138
2203 4.37741e+23 0.00367485
2202 3.59705e+23 0.00726414
2201 3.89037e+23 0.00409249
2200 4.24248e+23 0.00319032
2199 3.89118e+23 0.00340191
2198 3.5704e+23 0.00564703
2197 4.01159e+23 0.00542523
2196 3.39414e+23 0.00169859
2195 4.03387e+23 0.00125506
2194 3.44997e+23 0.00385897
2193 3.60215e+23 0.00318552
2192 3.41945e+23 0.0034519
2191 3.28378e+23 0.00598445
2190 3.71569e+23 0.00342715
2189 4.17821e+23 0.00550945
2188 3.57483e+23 0.00304883
2187 4.24632e+23 0.00394126
2186 3.5114e+23 0.00507248
2185 3.68234e+23 0.00242258
2184 4.71255e+23 0.00373237
2183 3.63517e+23 0.00302436
2182 3.79229e+23 0.00245055
2181 3.30436e+23 0.00551344
2180 3.92569e+23 0.0057116
2179 3.52742e+23 0.00264034
2178 2.81056e+23 0.00553273
2177 3.51419e+23 0.00231012
2176 3.76818e+23 0.00433042
2175 3.17255e+23 0.00327399
2174 4.23031e+23 0.0038096
2173 3.89752e+23 0.00504667
2172 3.9978e+23 0.00448849
2171 3.53824e+23 0.0044584
2170 3.8984e+23 0.00498895
2169 3.99155e+23 0.00604954
2168 3.93543e+23 0.00513345
2167 4.17782e+23 0.00425065
2166 4.41042e+23 0.00396768
2165 4.6754e+23 0.00345712
2164 2.86149e+23 0.00456445
2163 3.50027e+23 0.00464595
2162 3.824e+23 0.00341696
2161 4.09603e+23 0.00201593
2160 4.2441e+23 0.00399394
2159 4.15435e+23 0.00453656
2158 2.95576e+23 0.00414442
2157 3.30763e+23 0.00347128
2156 3.465e+23 0.00279745
2155 3.39205e+23 0.00236983
2154 3.9424e+23 0.00690161
2153 3.93797e+23 0.00418177
2152 3.62011e+23 0.00631285
2151 4.04173e+23 0.00293523
2150 4.43434e+23 0.00360528
2149 3.51787e+23 0.00301814
2148 4.02417e+23 0.00402058
2147 3.53448e+23 0.00320956
2146 4.01323e+23 0.00619279
2145 4.91582e+23 0.00268672
2144 3.74432e+23 0.00320147
2143 4.43587e+23 0.00287043
2142 3.44804e+23 0.00418104
2141 3.70065e+23 0.00275585
2140 3.18385e+23 0.00190994
2139 4.1671e+23 0.00373782
2138 3.89976e+23 0.00405105
2137 3.53044e+23 0.00472571
2136 4.45716e+23 0.00487922
2135 3.95463e+23 0.00384625
2134 4.12189e+23 0.00395611
2133 2.90831e+23 0.00354601
2132 4.28029e+23 0.00441434
2131 3.76027e+23 0.00587899
2130 4.08217e+23 0.00459224
2129 3.73225e+23 0.00304731
2128 3.8869e+23 0.00395666
2127 2.79461e+23 0.00240657
2126 4.03661e+23 0.00355282
2125 4.12288e+23 0.00461507
2124 3.58873e+23 0.00389791
2123 4.14148e+23 0.00677201
2122 3.83902e+23 0.00471827
2121 3.34037e+23 0.00470223
2120 4.02183e+23 0.00604955
2119 4.68504e+23 0.00316325
2118 3.6781e+23 0.00546523
2117 3.67582e+23 0.00437946
2116 3.69915e+23 0.00353487
2115 4.22735e+23 0.00565766
2114 3.19909e+23 0.0052246
2113 4.56772e+23 0.00497103
2112 4.52103e+23 0.00286103
2111 3.53987e+23 0.00417289
2110 3.99743e+23 0.00558193
2109 4.17358e+23 0.0035877
2108 4.12537e+23 0.00194205
2107 3.29077e+23 0.00374078
2106 3.57241e+23 0.00305161
2105 4.05137e+23 0.00441518
2104 4.20135e+23 0.00108783
2103 3.92734e+23 0.00150777
2102 4.13279e+23 0.0030328
2101 3.91474e+23 0.00381718
2100 3.89605e+23 0.00425398
2099 4.36905e+23 0.00702293
2098 3.35388e+23 0.00468028
2097 3.1954e+23 0.00298044
2096 3.4847e+23 0.00109072
2095 3.20985e+23 0.00446371
2094 3.10873e+23 0.00354266
2093 4.09965e+23 0.00386468
2092 3.73467e+23 0.00530471
2091 4.33035e+23 0.00335076
2090 3.69646e+23 0.00241635
2089 4.23235e+23 0.00280224
2088 4.08732e+23 0.00253368
2087 4.65829e+23 0.00511131
2086 3.94158e+23 0.00467934
2085 3.33498e+23 0.00282463
2084 3.63147e+23 0.00363906
2083 3.9616e+23 0.00388479
2082 4.08553e+23 0.00642262
2081 3.39919e+23 0.00423778
2080 3.74321e+23 0.00531812
2079 4.13481e+23 0.00346111
2078 4.29474e+23 0.0043674
2077 4.53064e+23 0.00484485
2076 3.76061e+23 0.00288102
2075 3.61699e+23 0.00343048
2074 3.13923e+23 0.00640069
2073 3.81252e+23 0.00428889
2072 4.35114e+23 0.00499576
2071 4.98968e+23 0.00441225
2070 3.69194e+23 0.00429821
2069 3.62687e+23 0.00440183
2068 4.41089e+23 0.00337572
2067 3.85118e+23 0.00430363
2066 3.83807e+23 0.00249872
2065 3.81249e+23 0.00400497
2064 3.19606e+23 0.00243748
2063 3.90732e+23 0.00310411
2062 3.28296e+23 0.00361424
2061 4.02076e+23 0.00363485
2060 4.81036e+23 0.00401593
2059 3.91358e+23 0.00481579
2058 4.30272e+23 0.00367084
2057 3.4868e+23 0.00313842
2056 4.21789e+23 0.00525613
2055 4.25635e+23 0.00445082
2054 4.67124e+23 0.00499294
2053 4.22871e+23 0.0056131
2052 4.93527e+23 0.00287902
2051 3.74439e+23 0.00309054
2050 4.47547e+23 0.00458692
2049 4.61276e+23 0.00466812
2048 4.97602e+23 0.0031388
2047 3.93466e+23 0.00563799
2046 3.66096e+23 0.00401762
2045 4.07367e+23 0.00359342
2044 4.03416e+23 0.00182308
2043 4.42361e+23 0.00569648
2042 3.9579e+23 0.00518636
2041 4.39503e+23 0.00479596
2040 4.10727e+23 0.00556315
2039 4.34433e+23 0.00460903
2038 4.17123e+23 0.00433779
2037 3.96291e+23 0.00442409
2036 4.33768e+23 0.00207016
2035 4.21936e+23 0.00471796
2034 3.97493e+23 0.00365241
2033 3.8836e+23 0.0040679
2032 4.0681e+23 0.00393499
2031 4.3127e+23 0.00569328
2030 4.90493e+23 0.00374099
2029 3.49196e+23 0.00440822
2028 3.85054e+23 0.00411433
2027 3.95898e+23 0.00471003
2026 3.69029e+23 0.00269174
2025 4.13803e+23 0.00683206
2024 3.76107e+23 0.00484448
2023 3.4687e+23 0.00231978
2022 3.8476e+23 0.00412769
2021 4.23024e+23 0.00291018
2020 4.82783e+23 0.00259456
2019 3.87849e+23 0.00474475
2018 3.67434e+23 0.00443163
2017 3.67339e+23 0.0039897
2016 4.20926e+23 0.00570449
2015 3.92116e+23 0.00623722
2014 3.99709e+23 0.0045795
2013 3.50582e+23 0.00460321
2012 3.4667e+23 0.00537689
2011 3.98232e+23 0.00576009
2010 4.50885e+23 0.00335342
2009 4.44804e+23 0.00435857
2008 4.2838e+23 0.00662143
2007 4.56027e+23 0.00262223
2006 3.75371e+23 0.00302704
2005 3.73239e+23 0.00295166
2004 3.69428e+23 0.0034236
2003 4.66645e+23 0.00429214
2002 3.84057e+23 0.0030046
2001 4.10066e+23 0.00294778
2000 4.22038e+23 0.0030311
1999 3.51922e+23 0.00516225
1998 3.64662e+23 0.0054875
1997 4.38504e+23 0.00422305
1996 4.09647e+23 0.0059852
1995 3.97902e+23 0.00393299
1994 3.97034e+23 0.0052808
1993 3.93007e+23 0.00366098
1992 4.19959e+23 0.00401038
1991 4.39026e+23 0.00269835
1990 4.55924e+23 0.00509533
1989 4.32473e+23 0.00341068
1988 4.08163e+23 0.00521476
1987 4.6933e+23 0.00280437
1986 4.397e+23 0.00373034
1985 3.61104e+23 0.00421893
1984 3.85045e+23 0.00372023
1983 3.97926e+23 0.00514226
1982 4.5745e+23 0.00429392
1981 3.96429e+23 0.00374475
1980 3.99e+23 0.00492259
1979 3.7497e+23 0.00558803
1978 4.48635e+23 0.00599644
1977 4.54416e+23 0.00423811
1976 3.71272e+23 0.00451163
1975 3.56714e+23 0.00570241
1974 3.89261e+23 0.00251658
1973 3.7959e+23 0.00330461
1972 4.45915e+23 0.00405749
1971 3.50927e+23 0.00540111
1970 4.84595e+23 0.00479928
1969 5.00531e+23 0.0063174
1968 4.89589e+23 0.00226595
1967 5.04471e+23 0.0040376
1966 4.33647e+23 0.00610116
1965 4.87451e+23 0.00327388
1964 4.29043e+23 0.00571191
1963 3.94239e+23 0.00355345
1962 3.69785e+23 0.00747897
1961 4.65878e+23 0.00534963
1960 4.62763e+23 0.00283651
1959 5.19685e+23 0.00372538
1958 5.01804e+23 0.00291611
1957 4.39845e+23 0.0032586
1956 4.17549e+23 0.00446778
1955 4.64818e+23 0.00464167
1954 3.26854e+23 0.00343184
1953 5.14229e+23 0.0041206
1952 4.31621e+23 0.00386534
1951 3.98427e+23 0.00443921
1950 4.59459e+23 0.00441508
1949 3.99872e+23 0.00267377
1948 4.38745e+23 0.00467264
1947 4.0392e+23 0.00454198
1946 3.88754e+23 0.00456334
1945 3.58332e+23 0.00408477
1944 4.14251e+23 0.00621643
1943 4.13747e+23 0.00286819
1942 4.06276e+23 0.00618667
1941 3.61106e+23 0.00463436
1940 5.08491e+23 0.00422422
1939 4.34316e+23 0.00370262
1938 4.02105e+23 0.00435454
1937 4.36582e+23 0.00565714
1936 4.61855e+23 0.00430057
1935 6.07315e+23 0.0049868
1934 3.57741e+23 0.00599065
1933 4.12568e+23 0.00373
1932 4.50785e+23 0.00506113
1931 3.87317e+23 0.00597383
1930 4.67743e+23 0.00353649
1929 3.80508e+23 0.00366364
1928 4.22597e+23 0.00443005
1927 4.18653e+23 0.00443667
1926 3.95424e+23 0.00223208
1925 4.56627e+23 0.0032834
1924 4.18596e+23 0.00549096
1923 5.20315e+23 0.0039308
1922 4.94829e+23 0.00320218
1921 4.24144e+23 0.00483084
1920 4.20182e+23 0.00359169
1919 5.22117e+23 0.00500832
1918 4.61528e+23 0.00383286
1917 4.09117e+23 0.00271952
1916 4.33593e+23 0.00550695
1915 4.5389e+23 0.00290136
1914 3.55941e+23 0.00533637
1913 4.3193e+23 0.00314266
1912 4.68474e+23 0.00533297
1911 4.90734e+23 0.00273818
1910 4.18754e+23 0.0055406
1909 3.55786e+23 0.00449659
1908 4.14656e+23 0.0073105
1907 3.75227e+23 0.00563617
1906 4.95833e+23 0.00511235
1905 3.86151e+23 0.00536131
1904 3.77247e+23 0.00428415
1903 4.01477e+23 0.00459836
1902 4.21738e+23 0.00516795
1901 4.16903e+23 0.00435901
1900 4.52165e+23 0.00321611
1899 4.43381e+23 0.00452443
1898 4.76019e+23 0.00466786
1897 4.7744e+23 0.00477858
1896 3.81886e+23 0.00404191
1895 5.42657e+23 0.00382167
1894 4.16398e+23 0.00224184
1893 4.58731e+23 0.00748498
1892 5.52666e+23 0.00484848
1891 4.96435e+23 0.00460686
1890 4.22786e+23 0.00279505
1889 4.7842e+23 0.00470828
1888 3.98551e+23 0.00770026
1887 5.89423e+23 0.00242477
1886 4.73172e+23 0.00352756
1885 4.1827e+23 0.00566627
1884 3.98838e+23 0.0045276
1883 4.27421e+23 0.00577624
1882 4.29464e+23 0.00610724
1881 4.47473e+23 0.00565283
1880 4.40235e+23 0.00148534
1879 3.62994e+23 0.00310993
1878 5.5756e+23 0.00575617
1877 5.42164e+23 0.00471826
1876 3.55869e+23 0.00421277
1875 4.53923e+23 0.00515405
1874 4.58428e+23 0.00399766
1873 4.12386e+23 0.00455896
1872 4.54396e+23 0.00711066
1871 4.85603e+23 0.00383287
1870 4.83015e+23 0.00380517
1869 3.97268e+23 0.00453995
1868 4.39997e+23 0.00448219
1867 4.26896e+23 0.0050588
1866 4.06185e+23 0.00478923
1865 4.64173e+23 0.00538146
1864 4.25436e+23 0.00537959
1863 3.91808e+23 0.00437739
1862 5.05309e+23 0.00421877
1861 4.68439e+23 0.00660098
1860 5.08009e+23 0.00468722
1859 4.89674e+23 0.00637846
1858 4.72655e+23 0.0027603
1857 4.61513e+23 0.00418949
1856 3.98225e+23 0.00470503
1855 3.52057e+23 0.00528232
1854 4.57507e+23 0.00525919
1853 6.01516e+23 0.00494694
1852 5.15273e+23 0.0034863
1851 5.30577e+23 0.00544464
1850 3.82721e+23 0.00466764
1849 3.92723e+23 0.00295078
1848 3.96384e+23 0.00335124
1847 3.61933e+23 0.00373137
1846 4.84972e+23 0.00447543
1845 4.01702e+23 0.00411128
1844 3.63843e+23 0.0054928
1843 4.00464e+23 0.004984
1842 4.44933e+23 0.00487759
1841 4.61696e+23 0.00435936
1840 4.07339e+23 0.00537882
1839 4.06117e+23 0.00426005
1838 4.04067e+23 0.00699662
1837 5.2414e+23 0.0042583
1836 5.04297e+23 0.00528953
1835 3.99463e+23 0.00296112
1834 3.78258e+23 0.00361188
1833 4.90577e+23 0.006543
1832 5.61294e+23 0.00370897
1831 4.7101e+23 0.0042307
1830 5.12154e+23 0.00455319
1829 4.44889e+23 0.00394506
1828 4.58953e+23 0.00474916
1827 5.01977e+23 0.00802869
1826 4.9291e+23 0.00514396
1825 4.64317e+23 0.00513081
1824 5.89336e+23 0.00405339
1823 4.58938e+23 0.0056779
1822 3.75439e+23 0.00481986
1821 4.65852e+23 0.00574528
1820 4.82003e+23 0.00438531
1819 4.99198e+23 0.00219661
1818 4.79174e+23 0.00507134
1817 3.93751e+23 0.00522725
1816 4.73959e+23 0.00612871
1815 4.90993e+23 0.0058822
1814 5.34969e+23 0.00488548
1813 5.24802e+23 0.00672159
1812 4.29162e+23 0.00522118
1811 4.56039e+23 0.00360904
1810 4.78291e+23 0.00600379
1809 4.76098e+23 0.00255572
1808 4.44924e+23 0.00649092
1807 4.85981e+23 0.00560119
1806 4.67734e+23 0.00404348
1805 4.1385e+23 0.00461085
1804 4.5892e+23 0.00555773
1803 4.7431e+23 0.00453018
1802 4.28219e+23 0.00437842
1801 4.75203e+23 0.00603689
1800 4.03903e+23 0.00487928
1799 5.27899e+23 0.00420918
1798 4.36814e+23 0.00512784
1797 4.93318e+23 0.0043178
1796 4.49968e+23 0.00573989
1795 5.23675e+23 0.00449068
1794 4.5388e+23 0.00320469
1793 5.0456e+23 0.00447296
1792 5.00092e+23 0.00460533
1791 3.83657e+23 0.00247869
1790 5.65615e+23 0.00534876
1789 5.39627e+23 0.00471662
1788 4.48763e+23 0.00617268
1787 4.86508e+23 0.00607246
1786 5.34946e+23 0.00638182
1785 4.52744e+23 0.00347737
1784 4.30335e+23 0.00454947
1783 3.92327e+23 0.00678043
1782 5.41335e+23 0.00353099
1781 4.38122e+23 0.00735652
1780 4.28346e+23 0.00451329
1779 3.69276e+23 0.00454807
1778 4.33675e+23 0.00523869
1777 4.8274e+23 0.00319041
1776 5.19878e+23 0.00481726
1775 3.8152e+23 0.00445569
1774 4.86272e+23 0.00379518
1773 5.14797e+23 0.00469978
1772 4.56219e+23 0.00386042
1771 4.97782e+23 0.00526074
1770 5.00732e+23 0.00356145
1769 3.81719e+23 0.00433296
1768 4.34122e+23 0.00668472
1767 4.46171e+23 0.00527179
1766 4.70044e+23 0.00434823
1765 5.30367e+23 0.00498513
1764 5.60827e+23 0.00411669
1763 4.33359e+23 0.00321381
1762 5.07694e+23 0.00690895
1761 4.69966e+23 0.00227291
1760 5.35288e+23 0.00474395
1759 5.08625e+23 0.00631126
1758 4.87251e+23 0.00416927
1757 5.0407e+23 0.00396822
1756 4.67054e+23 0.00317877
1755 4.93623e+23 0.00644666
1754 5.74938e+23 0.00277298
1753 4.28964e+23 0.00555817
1752 4.69992e+23 0.00504806
1751 4.16457e+23 0.0034473
1750 4.55463e+23 0.00458525
1749 5.13971e+23 0.00567464
1748 5.15647e+23 0.00316236
1747 5.49695e+23 0.00300315
1746 5.76373e+23 0.00458839
1745 4.65317e+23 0.00558276
1744 4.56145e+23 0.00467671
1743 4.97673e+23 0.00458391
1742 5.98087e+23 0.00354064
1741 5.17039e+23 0.00467938
1740 5.16938e+23 0.00681349
1739 4.79913e+23 0.00534975
1738 4.81442e+23 0.00570689
1737 5.10818e+23 0.00569172
1736 4.20185e+23 0.00474993
1735 4.6732e+23 0.00639581
1734 4.86772e+23 0.00501181
1733 5.46073e+23 0.00371627
1732 4.74295e+23 0.00737655
1731 6.21241e+23 0.00414756
1730 4.48551e+23 0.00323686
1729 6.41934e+23 0.00312913
1728 5.19829e+23 0.00510852
1727 4.47242e+23 0.00652402
1726 4.2551e+23 0.00543822
1725 4.95197e+23 0.00565299
1724 4.49948e+23 0.00559693
1723 5.05734e+23 0.00433587
1722 4.32148e+23 0.00553403
1721 4.66918e+23 0.00508882
1720 4.31843e+23 0.00527015
1719 4.64835e+23 0.00474581
1718 4.73372e+23 0.00644305
1717 4.51114e+23 0.00477566
1716 4.38435e+23 0.00539165
1715 5.03637e+23 0.00550215
1714 4.18697e+23 0.0043803
1713 5.23088e+23 0.00755275
1712 4.75514e+23 0.00536379
1711 4.56928e+23 0.00447751
1710 5.45691e+23 0.00395662
1709 4.48263e+23 0.00737568
1708 5.36657e+23 0.00592027
1707 6.0944e+23 0.00356386
1706 5.40823e+23 0.00470014
1705 5.30804e+23 0.00553047
1704 4.75311e+23 0.00536355
1703 4.38592e+23 0.00639408
1702 4.30723e+23 0.006684
1701 5.19669e+23 0.00436521
1700 4.60573e+23 0.00447383
1699 5.18737e+23 0.00524389
1698 4.24574e+23 0.00464755
1697 5.06171e+23 0.00628368
1696 5.59978e+23 0.00501304
1695 5.21299e+23 0.00502824
1694 6.46782e+23 0.00540786
1693 6.14567e+23 0.00626193
1692 5.36356e+23 0.00919922
1691 4.92504e+23 0.00416651
1690 5.77814e+23 0.0083466
1689 4.79434e+23 0.0063652
1688 6.30547e+23 0.00521974
1687 4.92614e+23 0.0052547
1686 5.25445e+23 0.00654436
1685 4.5399e+23 0.00408059
1684 6.07876e+23 0.00470642
1683 4.36367e+23 0.00465851
1682 5.37725e+23 0.0061436
1681 4.2806e+23 0.00482678
1680 4.12259e+23 0.00513072
1679 5.37987e+23 0.00720048
1678 4.48373e+23 0.00415384
1677 4.96944e+23 0.00557991
1676 5.64393e+23 0.00484427
1675 5.10173e+23 0.00671989
1674 4.83672e+23 0.00464378
1673 4.64498e+23 0.00460779
1672 4.74529e+23 0.00331317
1671 4.85584e+23 0.0060158
1670 6.03242e+23 0.00819947
1669 4.48428e+23 0.00600492
1668 4.44212e+23 0.00369922
1667 4.8067e+23 0.00482503
1666 4.67169e+23 0.00382886
1665 4.33168e+23 0.00683652
1664 4.91643e+23 0.00548742
1663 4.80346e+23 0.00563728
1662 5.01372e+23 0.00444612
1661 6.35521e+23 0.00673892
1660 5.2587e+23 0.00400799
1659 4.41975e+23 0.00699817
1658 5.36792e+23 0.00457455
1657 4.8687e+23 0.00376101
1656 4.59859e+23 0.00257499
1655 5.69849e+23 0.00816089
1654 5.48709e+23 0.00434328
1653 5.17154e+23 0.00419414
1652 5.16224e+23 0.00543981
1651 4.70189e+23 0.00600812
1650 4.27188e+23 0.00580739
1649 4.78533e+23 0.00502984
1648 4.97125e+23 0.00468095
1647 4.46831e+23 0.00400869
1646 5.21188e+23 0.00463858
1645 5.18196e+23 0.00529554
1644 5.94273e+23 0.00437717
1643 4.98705e+23 0.0056405
1642 6.31203e+23 0.00579704
1641 6.45969e+23 0.00868058
1640 5.8102e+23 0.00627598
1639 5.45403e+23 0.00279555
1638 6.14992e+23 0.00582566
1637 4.89556e+23 0.00403423
1636 5.89497e+23 0.00687088
1635 5.00306e+23 0.00631929
1634 6.08631e+23 0.00487771
1633 6.23841e+23 0.00481361
1632 5.27224e+23 0.00415304
1631 5.15208e+23 0.00601302
1630 5.06841e+23 0.00677701
1629 5.36679e+23 0.00690695
1628 5.62677e+23 0.00564991
1627 6.03932e+23 0.00646206
1626 5.13654e+23 0.00362957
1625 4.88389e+23 0.0055964
1624 5.52762e+23 0.00397509
1623 6.24535e+23 0.00574437
1622 5.4771e+23 0.0051588
1621 4.34765e+23 0.00323495
1620 5.7057e+23 0.0070392
1619 4.72369e+23 0.00650507
1618 5.27444e+23 0.00578779
1617 6.08591e+23 0.00489232
1616 5.23583e+23 0.00490885
1615 5.01837e+23 0.00529824
1614 5.79812e+23 0.00459998
1613 4.65865e+23 0.00826475
1612 6.09149e+23 0.00625304
1611 5.68246e+23 0.00885955
1610 5.41022e+23 0.00487041
1609 5.49384e+23 0.00649077
1608 5.65552e+23 0.00623313
1607 4.95598e+23 0.00488473
1606 4.62022e+23 0.00529821
1605 5.67112e+23 0.00520183
1604 5.34016e+23 0.00476794
1603 6.12487e+23 0.0065775
1602 5.41704e+23 0.00570794
1601 5.07859e+23 0.00544884
1600 5.09372e+23 0.00820294
1599 5.48556e+23 0.00671936
1598 5.97061e+23 0.00782376
1597 5.57947e+23 0.00774733
1596 5.66143e+23 0.00494435
1595 5.09763e+23 0.00589834
1594 4.87032e+23 0.00696068
1593 5.14502e+23 0.00510222
1592 6.66076e+23 0.00748055
1591 6.56283e+23 0.00478112
1590 5.37495e+23 0.00487011
1589 5.89928e+23 0.00486971
1588 5.32766e+23 0.00663108
1587 5.49402e+23 0.00477359
1586 5.09101e+23 0.0062451
1585 5.71539e+23 0.00503545
1584 4.80859e+23 0.00252392
1583 4.97838e+23 0.00786147
1582 5.75732e+23 0.0048222
1581 5.64688e+23 0.0065913
1580 4.9584e+23 0.00491213
1579 5.33856e+23 0.00589518
1578 4.88047e+23 0.00439433
1577 5.83902e+23 0.00359403
1576 5.76905e+23 0.00470726
1575 6.47321e+23 0.00450746
1574 6.64693e+23 0.00639669
1573 5.58082e+23 0.00663926
1572 6.21476e+23 0.00759685
1571 7.24718e+23 0.00476996
1570 5.15537e+23 0.0086828
1569 4.44307e+23 0.00530101
1568 4.46677e+23 0.00636626
1567 6.57162e+23 0.00421562
1566 5.98015e+23 0.00571395
1565 5.98239e+23 0.00457922
1564 5.81716e+23 0.0055209
1563 5.76781e+23 0.00340711
1562 4.66553e+23 0.00688836
1561 5.527e+23 0.0046699
1560 6.62907e+23 0.0054797
1559 5.66738e+23 0.00470123
1558 6.15508e+23 0.00490929
1557 5.7953e+23 0.0061375
1556 5.0407e+23 0.00548069
1555 4.61994e+23 0.00523554
1554 6.08129e+23 0.0040766
1553 5.42934e+23 0.00504305
1552 5.65507e+23 0.0054093
1551 5.43201e+23 0.00540461
1550 4.56213e+23 0.00292284
1549 5.76746e+23 0.00675758
1548 5.93654e+23 0.00493521
1547 6.20427e+23 0.00436072
1546 5.53546e+23 0.00469341
1545 4.20519e+23 0.00596812
1544 5.99398e+23 0.00598479
1543 6.25787e+23 0.0053069
1542 6.55231e+23 0.00677931
1541 4.56191e+23 0.00405871
1540 5.60415e+23 0.00497259
1539 5.04523e+23 0.00587265
1538 4.95238e+23 0.00407321
1537 4.984e+23 0.00549695
1536 4.9389e+23 0.00427528
1535 5.22829e+23 0.00614224
1534 5.77949e+23 0.00656888
1533 5.08693e+23 0.0065836
1532 6.50094e+23 0.00478965
1531 5.07883e+23 0.00485414
1530 5.84604e+23 0.00495664
1529 5.49901e+23 0.00657147
1528 5.41726e+23 0.00299993
1527 6.14151e+23 0.00271299
1526 5.703e+23 0.00489879
1525 4.82554e+23 0.00379644
1524 5.29866e+23 0.00575398
1523 5.8048e+23 0.00624718
1522 5.28738e+23 0.00609757
1521 6.61701e+23 0.00524984
1520 5.26408e+23 0.0041273
1519 5.53962e+23 0.00395287
1518 5.79523e+23 0.00585636
1517 6.94377e+23 0.00598554
1516 5.68205e+23 0.00690923
1515 5.02397e+23 0.00626985
1514 7.14981e+23 0.00699888
1513 6.11875e+23 0.00463711
1512 5.79017e+23 0.00526017
1511 5.62524e+23 0.00810927
1510 6.24254e+23 0.00601559
1509 5.22312e+23 0.00431212
1508 6.36645e+23 0.00512483
1507 5.91769e+23 0.00697257
1506 5.50994e+23 0.00429687
1505 6.47249e+23 0.00181941
1504 6.48912e+23 0.00497828
1503 7.03634e+23 0.00460152
1502 5.74341e+23 0.00611329
1501 6.08405e+23 0.0081879
1500 6.09355e+23 0.00903412
1499 4.85699e+23 0.00641931
1498 4.72267e+23 0.00557205
1497 5.34834e+23 0.00701921
1496 6.7943e+23 0.00424265
1495 4.90289e+23 0.00541295
1494 5.65589e+23 0.0080047
1493 7.30197e+23 0.00720878
1492 4.95154e+23 0.00766385
1491 5.28724e+23 0.00610487
1490 5.5186e+23 0.00640998
1489 5.50352e+23 0.00745684
1488 4.44012e+23 0.00595672
1487 5.75012e+23 0.00793833
1486 5.12232e+23 0.00602537
1485 6.53366e+23 0.00763657
1484 5.8027e+23 0.00884919
1483 5.30517e+23 0.00676659
1482 5.47645e+23 0.00790709
1481 5.44478e+23 0.00653974
1480 6.02007e+23 0.00684711
1479 5.85135e+23 0.0066952
1478 4.88805e+23 0.00723048
1477 5.50114e+23 0.00573006
1476 5.57231e+23 0.00610929
1475 6.34764e+23 0.00528372
1474 6.03195e+23 0.00595592
1473 5.33924e+23 0.00605583
1472 6.24227e+23 0.00518288
1471 6.28581e+23 0.00806979
1470 6.49691e+23 0.00579576
1469 5.3027e+23 0.00773205
1468 5.56511e+23 0.00594352
1467 5.51072e+23 0.00466556
1466 5.4956e+23 0.00528066
1465 6.18862e+23 0.00539445
1464 6.07329e+23 0.00538175
1463 6.96255e+23 0.00665552
1462 4.98101e+23 0.00545677
1461 4.99271e+23 0.00520985
1460 5.90302e+23 0.00741023
1459 7.19101e+23 0.00322858
1458 6.34776e+23 0.00495411
1457 6.52944e+23 0.00618925
1456 6.79503e+23 0.00542334
1455 4.95713e+23 0.00554156
1454 5.80994e+23 0.00612133
1453 6.22928e+23 0.00819776
1452 4.99828e+23 0.00416646
1451 7.28894e+23 0.00446518
1450 6.17746e+23 0.00496098
1449 5.63308e+23 0.00639007
1448 6.54384e+23 0.00659053
1447 7.38107e+23 0.00514457
1446 6.23793e+23 0.00670899
1445 6.59188e+23 0.00615078
1444 6.12918e+23 0.00622456
1443 5.91432e+23 0.00566512
1442 5.44873e+23 0.00769085
1441 6.3867e+23 0.0049144
1440 6.1453e+23 0.00452304
1439 7.57641e+23 0.00752202
1438 6.13796e+23 0.00807129
1437 6.56942e+23 0.00701396
1436 6.23129e+23 0.00547474
1435 6.00357e+23 0.00815655
1434 5.55369e+23 0.00638256
1433 6.38497e+23 0.00570408
1432 7.56287e+23 0.00476414
1431 5.86253e+23 0.00597332
1430 7.0263e+23 0.0072699
1429 4.39716e+23 0.00515094
1428 6.80762e+23 0.00539026
1427 6.49739e+23 0.00811099
1426 6.61203e+23 0.00633235
1425 6.19174e+23 0.00620985
1424 5.60962e+23 0.00635316
1423 7.05447e+23 0.00510614
1422 5.56144e+23 0.00688194
1421 6.07491e+23 0.00739814
1420 6.06878e+23 0.00711245
1419 5.96576e+23 0.00604593
1418 7.49837e+23 0.00668046
1417 6.32329e+23 0.00750572
1416 5.73567e+23 0.00748427
1415 6.45155e+23 0.00493365
1414 6.34375e+23 0.00545769
1413 5.62281e+23 0.00696644
1412 6.98441e+23 0.0083328
1411 6.36042e+23 0.0056802
1410 7.31167e+23 0.00601416
1409 6.80503e+23 0.00431469
1408 5.49855e+23 0.00641321
1407 6.62052e+23 0.00436314
1406 6.73248e+23 0.00600263
1405 6.29081e+23 0.00526097
1404 6.54274e+23 0.00527633
1403 7.47731e+23 0.00699052
1402 7.10187e+23 0.0102855
1401 6.30771e+23 0.00574649
1400 6.58977e+23 0.00664909
1399 5.53156e+23 0.00513965
1398 6.22619e+23 0.00735588
1397 6.19413e+23 0.0078234
1396 7.7129e+23 0.00750209
1395 5.64402e+23 0.00821345
1394 6.62857e+23 0.00581035
1393 6.21353e+23 0.00763204
1392 7.28578e+23 0.00602704
1391 5.95004e+23 0.00694938
1390 6.09294e+23 0.00678575
1389 7.14297e+23 0.00581341
1388 6.78432e+23 0.00698911
1387 7.09303e+23 0.00720218
1386 6.14285e+23 0.00656835
1385 6.62313e+23 0.00808125
1384 7.70113e+23 0.0052883
1383 7.22241e+23 0.00700072
1382 6.89415e+23 0.00866312
1381 5.91465e+23 0.00663196
1380 5.96472e+23 0.00662767
1379 8.30969e+23 0.00500971
1378 6.02157e+23 0.00738979
1377 5.12961e+23 0.00670928
1376 5.71505e+23 0.00361277
1375 6.45065e+23 0.00616908
1374 5.97776e+23 0.00765114
1373 5.98479e+23 0.0067697
1372 7.10958e+23 0.00768127
1371 6.8916e+23 0.00667742
1370 6.53614e+23 0.00752076
1369 6.45137e+23 0.00891855
1368 6.66522e+23 0.00825745
1367 6.32727e+23 0.00747003
1366 6.22859e+23 0.00622813
1365 6.56736e+23 0.00637811
1364 6.74873e+23 0.00808616
1363 6.19112e+23 0.00379245
1362 6.91478e+23 0.00632321
1361 6.21658e+23 0.00685526
1360 5.74404e+23 0.00545507
1359 7.11537e+23 0.00680332
1358 6.52173e+23 0.00560777
1357 6.66256e+23 0.0064663
1356 6.59895e+23 0.00634439
1355 7.36716e+23 0.00770453
1354 6.98601e+23 0.00757565
1353 5.99533e+23 0.00693815
1352 8.43794e+23 0.00583505
1351 8.44724e+23 0.00678857
1350 7.05185e+23 0.00649163
1349 7.98249e+23 0.00712646
1348 6.49057e+23 0.00455209
1347 7.11291e+23 0.0102266
1346 7.35335e+23 0.00695826
1345 5.02079e+23 0.00784013
1344 6.42628e+23 0.00561049
1343 6.12514e+23 0.00595904
1342 5.88732e+23 0.00563145
1341 6.44441e+23 0.0060622
1340 5.35978e+23 0.00572177
1339 5.98878e+23 0.0065818
1338 8.11211e+23 0.00987485
1337 6.67264e+23 0.00613899
1336 7.12462e+23 0.00526819
1335 5.79434e+23 0.00603448
1334 5.10426e+23 0.00870718
1333 6.85268e+23 0.00924082
1332 6.58739e+23 0.00592485
1331 7.13717e+23 0.00741307
1330 7.5805e+23 0.00632398
1329 5.52778e+23 0.00754582
1328 6.67877e+23 0.00900834
1327 6.92086e+23 0.00567229
1326 6.65954e+23 0.00875239
1325 6.58896e+23 0.00562726
1324 7.07194e+23 0.00986786
1323 8.0509e+23 0.00660329
1322 6.85416e+23 0.00520053
1321 6.4088e+23 0.00517035
1320 6.99229e+23 0.00650739
1319 6.86073e+23 0.00641931
1318 7.87451e+23 0.00792226
1317 8.49205e+23 0.00698407
1316 6.1285e+23 0.00787145
1315 6.06661e+23 0.00495249
1314 6.68163e+23 0.00725898
1313 6.10134e+23 0.00934212
1312 7.00723e+23 0.00761783
1311 8.54865e+23 0.0088747
1310 7.84638e+23 0.00756269
1309 6.49177e+23 0.00814945
1308 6.48227e+23 0.00599795
1307 9.14345e+23 0.00681046
1306 6.59072e+23 0.00709562
1305 9.19137e+23 0.00567019
1304 8.46858e+23 0.00691218
1303 5.85587e+23 0.00850806
1302 5.62314e+23 0.00861955
1301 6.71956e+23 0.00505691
1300 6.92442e+23 0.00389097
1299 5.43179e+23 0.00561987
1298 8.23604e+23 0.00683862
1297 5.85035e+23 0.00657377
1296 5.64832e+23 0.0060186
1295 7.18755e+23 0.00685723
1294 6.87447e+23 0.00907853
1293 6.38695e+23 0.00415504
1292 5.69514e+23 0.00765861
1291 8.63795e+23 0.00296887
1290 5.86529e+23 0.00509418
1289 6.54944e+23 0.00743846
1288 6.36803e+23 0.00760931
1287 6.91509e+23 0.0062193
1286 6.14156e+23 0.00535631
1285 7.98425e+23 0.00924969
1284 7.05831e+23 0.00698806
1283 8.19485e+23 0.00512213
1282 6.42832e+23 0.00764434
1281 7.06015e+23 0.00443905
1280 8.86966e+23 0.00533586
1279 6.67361e+23 0.00742032
1278 5.84151e+23 0.00903873
1277 7.69646e+23 0.00708623
1276 6.33845e+23 0.00758387
1275 5.20272e+23 0.00467791
1274 7.11229e+23 0.00753816
1273 6.26138e+23 0.00598443
1272 6.36028e+23 0.00595752
1271 6.86977e+23 0.00492595
1270 8.03169e+23 0.0103964
1269 6.39891e+23 0.00715243
1268 6.59431e+23 0.00937717
1267 6.90187e+23 0.0075066
1266 7.8855e+23 0.00641585
1265 8.68176e+23 0.00739927
1264 5.60244e+23 0.00708667
1263 6.59569e+23 0.0103594
1262 8.02581e+23 0.00554334
1261 7.09915e+23 0.0107664
1260 7.15046e+23 0.00898058
1259 5.19757e+23 0.00616867
1258 6.99964e+23 0.00854558
1257 7.97978e+23 0.0082848
1256 6.82086e+23 0.00858574
1255 5.8713e+23 0.010072
1254 7.39113e+23 0.00666621
1253 8.37363e+23 0.00712731
1252 7.81923e+23 0.00762876
1251 6.67126e+23 0.00762894
1250 7.46315e+23 0.00701685
1249 6.91034e+23 0.00709217
1248 8.80716e+23 0.00788181
1247 6.44641e+23 0.00570987
1246 6.34251e+23 0.00566434
1245 8.11598e+23 0.0083319
1244 7.79689e+23 0.00794998
1243 7.93985e+23 0.00817573
1242 7.44372e+23 0.00522643
1241 7.66452e+23 0.00584083
1240 5.13088e+23 0.00652183
1239 6.76091e+23 0.00828093
1238 6.76231e+23 0.0078639
1237 6.46963e+23 0.00817274
1236 6.69394e+23 0.00785267
1235 8.06598e+23 0.00475261
1234 6.82646e+23 0.00922923
1233 7.74018e+23 0.00645681
1232 8.87014e+23 0.00540797
1231 7.83016e+23 0.00783566
1230 7.67144e+23 0.00950615
1229 6.53488e+23 0.00836537
1228 8.43798e+23 0.00819921
1227 7.64074e+23 0.00894341
1226 5.87055e+23 0.00758889
1225 7.37209e+23 0.00604061
1224 6.84055e+23 0.00737345
1223 6.69573e+23 0.00841973
1222 8.22389e+23 0.00668809
1221 6.3239e+23 0.00530579
1220 8.18872e+23 0.0086588
1219 7.67107e+23 0.0081988
1218 5.97288e+23 0.00929701
1217 9.06255e+23 0.00858418
1216 8.1897e+23 0.00957942
1215 7.88635e+23 0.00905981
1214 8.12897e+23 0.00979903
1213 8.26419e+23 0.0066711
1212 5.94677e+23 0.00419585
1211 7.31902e+23 0.0102468
1210 8.67378e+23 0.00754023
1209 8.03512e+23 0.0092693
1208 6.60626e+23 0.0114446
1207 7.67577e+23 0.00556861
1206 7.31873e+23 0.00839497
1205 8.26015e+23 0.00562399
1204 7.31114e+23 0.00718042
1203 7.10605e+23 0.00829014
1202 8.92664e+23 0.00824187
1201 6.90282e+23 0.00738571
1200 6.34391e+23 0.00732587
1199 8.21474e+23 0.00610223
1198 7.48556e+23 0.00830487
1197 6.6372e+23 0.00741911
1196 7.68751e+23 0.00615639
1195 7.72933e+23 0.00652206
1194 7.66328e+23 0.00890635
1193 7.04568e+23 0.00721006
1192 7.07168e+23 0.00574323
1191 6.88724e+23 0.00810794
1190 8.37549e+23 0.00683575
1189 7.56656e+23 0.00828019
1188 9.96528e+23 0.00914342
1187 7.98267e+23 0.00719819
1186 7.23713e+23 0.00781304
1185 8.61766e+23 0.00659377
1184 8.19297e+23 0.00903459
1183 9.35486e+23 0.0113078
1182 8.42325e+23 0.00747914
1181 8.90289e+23 0.00896963
1180 8.58068e+23 0.00765834
1179 7.98834e+23 0.00824376
1178 8.02036e+23 0.00826235
1177 8.21055e+23 0.0104565
1176 7.9256e+23 0.00704635
1175 9.29557e+23 0.00820598
1174 9.38303e+23 0.00781086
1173 7.18723e+23 0.00836378
1172 7.69857e+23 0.00879624
1171 7.28268e+23 0.00675696
1170 7.51066e+23 0.00894545
1169 9.70142e+23 0.0097073
1168 8.66752e+23 0.00871837
1167 8.20941e+23 0.0077782
1166 7.84963e+23 0.00810773
1165 7.35521e+23 0.00762842
1164 8.33425e+23 0.00858744
1163 6.64716e+23 0.00831165
1162 8.37304e+23 0.00613802
1161 7.19898e+23 0.00945328
1160 7.1461e+23 0.00935555
1159 8.70011e+23 0.0086325
1158 1.0268e+24 0.00884161
1157 7.79807e+23 0.0114297
1156 9.7361e+23 0.00789846
1155 8.66862e+23 0.0100637
1154 6.81894e+23 0.00728076
1153 8.44252e+23 0.0072954
1152 7.69397e+23 0.00760548
1151 7.54119e+23 0.00859742
1150 8.57589e+23 0.00998171
1149 7.41658e+23 0.00845769
1148 8.37166e+23 0.00652755
1147 8.1174e+23 0.00697689
1146 7.67458e+23 0.00924988
1145 8.04095e+23 0.0130841
1144 8.08841e+23 0.00684328
1143 8.28676e+23 0.00818925
1142 8.43381e+23 0.00836029
1141 8.82047e+23 0.00867092
1140 8.95209e+23 0.010322
1139 8.21318e+23 0.0104394
1138 9.23797e+23 0.00949846
1137 8.79033e+23 0.00854935
1136 9.72973e+23 0.00884154
1135 9.84737e+23 0.0101572
1134 7.80623e+23 0.00659125
1133 7.94228e+23 0.00896987
1132 7.66171e+23 0.00825144
1131 6.62452e+23 0.00943686
1130 8.79144e+23 0.00719799
1129 8.17335e+23 0.00641565
1128 8.32451e+23 0.0105842
1127 7.71579e+23 0.00807136
1126 8.75108e+23 0.00908641
1125 8.22312e+23 0.0102895
1124 8.57081e+23 0.00717158
1123 9.56935e+23 0.010726
1122 7.87497e+23 0.0093007
1121 7.26747e+23 0.00850159
1120 8.29778e+23 0.00687443
1119 8.615e+23 0.00945382
1118 7.22958e+23 0.00728936
1117 9.33629e+23 0.00806357
1116 7.44454e+23 0.00956392
1115 8.18833e+23 0.0107856
1114 6.58518e+23 0.00987628
1113 1.02266e+24 0.0106496
1112 6.43664e+23 0.0102145
1111 7.77189e+23 0.00725047
1110 7.37797e+23 0.00894198
1109 9.5311e+23 0.00590915
1108 6.77557e+23 0.0101319
1107 8.85848e+23 0.0098011
1106 8.96439e+23 0.00640915
1105 9.04725e+23 0.0109165
1104 8.1568e+23 0.00982683
1103 7.7664e+23 0.00823957
1102 6.79595e+23 0.0112872
1101 8.98517e+23 0.0107521
1100 9.28514e+23 0.00838625
1099 8.1114e+23 0.0102865
1098 8.54801e+23 0.00825948
1097 9.08228e+23 0.00922802
1096 8.30418e+23 0.00832258
1095 9.15986e+23 0.00908696
1094 7.76305e+23 0.0104219
1093 9.60372e+23 0.00672527
1092 9.9948e+23 0.00903068
1091 9.97302e+23 0.0116193
1090 8.73053e+23 0.00845936
1089 7.02178e+23 0.00837313
1088 8.62844e+23 0.00763592
1087 7.94774e+23 0.00950785
1086 8.56397e+23 0.00719194
1085 7.82051e+23 0.00953144
1084 1.08963e+24 0.00829562
1083 1.03904e+24 0.00983326
1082 7.99282e+23 0.00733871
1081 9.32567e+23 0.0114256
1080 9.04164e+23 0.0110139
1079 7.41119e+23 0.00998305
1078 8.62273e+23 0.00654899
1077 8.39674e+23 0.00985941
1076 8.62896e+23 0.0111376
1075 1.14548e+24 0.00677597
1074 7.03704e+23 0.00937326
1073 1.09772e+24 0.00862738
1072 7.5911e+23 0.00883268
1071 6.80772e+23 0.0112501
1070 7.06598e+23 0.00954052
1069 9.79053e+23 0.0104633
1068 8.19453e+23 0.00890517
1067 8.36068e+23 0.0114663
1066 7.93578e+23 0.0107372
1065 9.69892e+23 0.00694499
1064 1.21491e+24 0.0101732
1063 8.27033e+23 0.0083869
1062 9.02466e+23 0.00872034
1061 9.70031e+23 0.0103632
1060 8.54598e+23 0.00934138
1059 1.04167e+24 0.0107745
1058 8.63169e+23 0.0101021
1057 1.05898e+24 0.0108883
1056 1.07021e+24 0.00996166
1055 9.95874e+23 0.00846514
1054 9.21219e+23 0.0103587
1053 1.0432e+24 0.00930452
1052 7.56738e+23 0.00594105
1051 9.82044e+23 0.0110926
1050 9.75038e+23 0.00988917
1049 9.24526e+23 0.0115628
1048 9.85477e+23 0.00748337
1047 8.83761e+23 0.0106159
1046 9.11042e+23 0.0096865
1045 7.66271e+23 0.00712048
1044 9.90599e+23 0.0111239
1043 8.57082e+23 0.00863387
1042 8.22101e+23 0.00908816
1041 9.48832e+23 0.00767255
1040 9.66701e+23 0.00866776
1039 8.09668e+23 0.011296
1038 7.25894e+23 0.00786272
1037 8.73814e+23 0.0108136
1036 1.04909e+24 0.00883507
1035 1.05636e+24 0.0100712
1034 1.07649e+24 0.00903261
1033 9.11959e+23 0.0115826
1032 7.66333e+23 0.0080062
1031 9.91616e+23 0.00873048
1030 1.09083e+24 0.0081084
1029 9.03091e+23 0.00876032
1028 9.83427e+23 0.00777552
1027 9.23884e+23 0.00919295
1026 7.51246e+23 0.0100486
1025 8.8966e+23 0.0108539
1024 8.62067e+23 0.00893374
1023 1.09267e+24 0.00857958
1022 1.04276e+24 0.00946991
1021 1.07099e+24 0.00768135
1020 1.11737e+24 0.0088861
1019 9.33904e+23 0.0105687
1018 9.69956e+23 0.0108687
1017 1.01e+24 0.0107372
1016 1.00242e+24 0.0111101
1015 7.1551e+23 0.00928344
1014 8.30077e+23 0.0109726
1013 8.72025e+23 0.00969416
1012 1.03465e+24 0.00981704
1011 9.973e+23 0.0124005
1010 9.4906e+23 0.0112578
1009 8.30599e+23 0.00886413
1008 1.26397e+24 0.00979445
1007 8.80583e+23 0.0105705
1006 9.99466e+23 0.00903732
1005 9.36132e+23 0.0115714
1004 1.04629e+24 0.00787196
1003 1.00659e+24 0.0102249
1002 1.19603e+24 0.00713207
1001 9.72602e+23 0.00906756
1000 9.68313e+23 0.00889027
999 8.49271e+23 0.00811977
998 7.42049e+23 0.00800208
997 1.05671e+24 0.0120596
996 9.41371e+23 0.0115244
995 1.11912e+24 0.0108556
994 7.72334e+23 0.00850623
993 9.02034e+23 0.0105341
992 8.67401e+23 0.0119248
991 8.55303e+23 0.00714944
990 1.16803e+24 0.00888568
989 1.1325e+24 0.011068
988 1.0099e+24 0.0117721
987 1.10977e+24 0.0111046
986 1.26924e+24 0.00953092
985 1.14784e+24 0.00877909
984 1.03742e+24 0.00795991
983 9.14807e+23 0.0098307
982 9.5937e+23 0.0130963
981 1.16912e+24 0.0106347
980 9.88735e+23 0.0105283
979 8.52782e+23 0.0103598
978 1.21943e+24 0.00958128
977 1.11167e+24 0.00798781
976 9.45537e+23 0.0112493
975 1.02028e+24 0.0100073
974 1.02384e+24 0.0128047
973 1.12774e+24 0.0111776
972 1.08106e+24 0.0103452
971 9.87977e+23 0.0103189
970 9.37322e+23 0.00954235
969 8.7662e+23 0.0105742
968 1.25614e+24 0.0120402
967 1.10851e+24 0.011849
966 9.02755e+23 0.0111701
965 1.14161e+24 0.0105154
964 1.0769e+24 0.00828806
963 1.15783e+24 0.0109298
962 1.04675e+24 0.0103959
961 1.0421e+24 0.0100231
960 8.83524e+23 0.0110126
959 8.83233e+23 0.0126562
958 1.14493e+24 0.0136122
957 8.7476e+23 0.0117402
956 1.01415e+24 0.00963584
955 1.2214e+24 0.00963021
954 1.25127e+24 0.0087694
953 9.83542e+23 0.0105884
952 1.07254e+24 0.0111491
951 9.62518e+23 0.0143687
950 1.0596e+24 0.00932132
949 1.40352e+24 0.0123328
948 9.38469e+23 0.0103543
947 1.43393e+24 0.00941988
946 9.00868e+23 0.00984878
945 1.14454e+24 0.0111312
944 1.01384e+24 0.011352
943 1.09753e+24 0.00926206
942 8.44842e+23 0.00963552
941 1.25208e+24 0.00796703
940 1.17263e+24 0.0131318
939 1.06798e+24 0.0118716
938 9.15928e+23 0.0120107
937 1.10743e+24 0.0128693
936 1.12492e+24 0.0102464
935 1.45082e+24 0.0102666
934 8.75736e+23 0.0105571
933 1.22856e+24 0.0108493
932 9.92262e+23 0.0110923
931 1.16617e+24 0.0113763
930 1.09339e+24 0.00900869
929 1.05435e+24 0.0107494
928 1.13743e+24 0.00958202
927 8.32646e+23 0.0137468
926 8.97544e+23 0.0126039
925 1.1106e+24 0.00950967
924 1.00608e+24 0.00939172
923 1.11607e+24 0.0104594
922 1.00724e+24 0.00939424
921 9.51248e+23 0.0104398
920 1.21189e+24 0.0117686
919 1.12358e+24 0.0145513
918 1.01919e+24 0.00729565
917 1.02959e+24 0.0104887
916 1.15346e+24 0.012207
915 1.25659e+24 0.0123681
914 1.03878e+24 0.00988637
913 1.07602e+24 0.00996374
912 1.22423e+24 0.0125304
911 8.65497e+23 0.00759568
910 1.11008e+24 0.0110215
909 1.29342e+24 0.011744
908 1.14403e+24 0.011258
907 1.05241e+24 0.0128214
906 1.16901e+24 0.00978157
905 1.16791e+24 0.0125767
904 8.35315e+23 0.0106475
903 1.23575e+24 0.0123656
902 9.9265e+23 0.00997063
901 1.22425e+24 0.0122633
900 1.17855e+24 0.0132224
899 1.24496e+24 0.0132054
898 1.12728e+24 0.0106984
897 1.07075e+24 0.0108699
896 1.23371e+24 0.0122592
895 1.08839e+24 0.012274
894 1.33197e+24 0.00916668
893 1.24327e+24 0.013769
892 8.64218e+23 0.0107008
891 1.15222e+24 0.0102267
890 1.46151e+24 0.0123431
889 1.19159e+24 0.00926863
888 1.22634e+24 0.0117204
887 1.23238e+24 0.00998257
886 1.26755e+24 0.0137903
885 1.1772e+24 0.0104185
884 1.06548e+24 0.0129509
883 1.0832e+24 0.0118243
882 1.00976e+24 0.012909
881 1.04115e+24 0.0121616
880 1.18529e+24 0.00919632
879 1.22266e+24 0.0124153
878 1.37332e+24 0.0117857
877 1.04726e+24 0.0133267
876 1.06958e+24 0.0151688
875 1.14229e+24 0.0110775
874 9.56239e+23 0.0102614
873 1.2928e+24 0.0154672
872 1.1317e+24 0.0119619
871 9.46288e+23 0.0106058
870 1.12959e+24 0.0107177
869 1.03069e+24 0.010563
868 1.15831e+24 0.0138881
867 1.26936e+24 0.0116232
866 1.27604e+24 0.0113318
865 1.10738e+24 0.0132297
864 1.10762e+24 0.012569
863 1.1201e+24 0.0135865
862 1.3229e+24 0.0129466
861 1.1608e+24 0.00896362
860 1.32626e+24 0.0113249
859 1.57245e+24 0.0139993
858 1.40048e+24 0.0133725
857 1.42732e+24 0.0122672
856 1.40388e+24 0.012831
855 1.34819e+24 0.0126112
854 1.05995e+24 0.0123191
853 1.10061e+24 0.0129046
852 1.03486e+24 0.012177
851 1.42289e+24 0.00967422
850 1.22775e+24 0.0133497
849 1.15732e+24 0.0107183
848 1.31252e+24 0.0124674
847 1.24335e+24 0.0153324
846 1.47157e+24 0.0112795
845 1.20212e+24 0.0155338
844 1.43222e+24 0.010651
843 1.27235e+24 0.0117766
842 1.4508e+24 0.0145039
841 1.04353e+24 0.0150251
840 1.20129e+24 0.0139034
839 1.29627e+24 0.0106315
838 1.19686e+24 0.0130818
837 8.79066e+23 0.0103562
836 1.0154e+24 0.0114008
835 1.58326e+24 0.0104281
834 1.35213e+24 0.0134893
833 1.44253e+24 0.0118844
832 1.7816e+24 0.0147951
831 1.00498e+24 0.0129385
830 1.29612e+24 0.0141858
829 1.17345e+24 0.0116604
828 9.94316e+23 0.0115292
827 1.16331e+24 0.0114167
826 1.37802e+24 0.0135414
825 1.29124e+24 0.0129957
824 1.09264e+24 0.0128404
823 1.33762e+24 0.010178
822 1.35344e+24 0.0144439
821 1.15472e+24 0.0128655
820 1.32734e+24 0.0126619
819 1.22684e+24 0.0129426
818 1.7725e+24 0.013866
817 1.02366e+24 0.0128482
816 1.4499e+24 0.0116179
815 1.33443e+24 0.0118507
814 1.27748e+24 0.015435
813 9.99454e+23 0.016908
812 1.33963e+24 0.0145439
811 1.20753e+24 0.012539
810 1.37225e+24 0.0132112
809 1.50506e+24 0.0133148
808 1.24833e+24 0.0127975
807 1.62004e+24 0.0137249
806 1.49669e+24 0.0139011
805 9.91686e+23 0.0109019
804 1.47766e+24 0.0155046
803 1.61576e+24 0.0154144
802 1.44236e+24 0.0143104
801 1.33759e+24 0.014833
800 1.25391e+24 0.0144815
799 1.17989e+24 0.0156523
798 1.18234e+24 0.010235
797 1.1041e+24 0.0114065
796 1.46315e+24 0.0145386
795 1.2889e+24 0.0155027
794 1.13368e+24 0.00917238
793 1.31554e+24 0.0110266
792 1.29682e+24 0.0135875
791 1.51231e+24 0.0144837
790 1.23205e+24 0.014052
789 1.32088e+24 0.0156274
788 1.34538e+24 0.0148979
787 1.31971e+24 0.0136913
786 1.20896e+24 0.0115202
785 1.5331e+24 0.014273
784 1.17325e+24 0.0131435
783 1.23594e+24 0.0140272
782 1.50464e+24 0.0142272
781 1.28805e+24 0.0137827
780 1.49285e+24 0.0157113
779 1.72858e+24 0.0115153
778 1.17194e+24 0.0147766
777 1.01743e+24 0.0123468
776 1.75116e+24 0.01512
775 1.92158e+24 0.0128919
774 1.67602e+24 0.0144509
773 1.40301e+24 0.0152691
772 1.56336e+24 0.0130287
771 1.50628e+24 0.0123981
770 1.16841e+24 0.0119628
769 1.34883e+24 0.012702
768 1.55562e+24 0.0137821
767 1.64198e+24 0.0161239
766 1.28248e+24 0.0152175
765 1.46142e+24 0.0148004
764 1.56521e+24 0.0190706
763 1.52379e+24 0.0135808
762 1.18819e+24 0.0146582
761 1.4747e+24 0.0153007
760 1.07653e+24 0.01458
759 1.45275e+24 0.01495
758 1.49893e+24 0.0164095
757 1.36654e+24 0.0127972
756 1.30879e+24 0.0147514
755 1.48661e+24 0.0148842
754 1.69173e+24 0.0158991
753 1.47662e+24 0.0134263
752 1.39147e+24 0.0170177
751 1.78395e+24 0.0169605
750 1.19427e+24 0.014847
749 1.37785e+24 0.0142994
748 1.53395e+24 0.0164987
747 1.05285e+24 0.0180083
746 1.32264e+24 0.0144004
745 1.30986e+24 0.0166424
744 1.2087e+24 0.0165706
743 1.33012e+24 0.0181622
742 1.31825e+24 0.0122185
741 1.57844e+24 0.0153998
740 1.38096e+24 0.0149114
739 1.52025e+24 0.0170927
738 1.13941e+24 0.0150811
737 1.53207e+24 0.0163794
736 1.5776e+24 0.0147715
735 1.66812e+24 0.0147684
734 1.55239e+24 0.0206575
733 1.85513e+24 0.0166396
732 1.90062e+24 0.0162063
731 1.6678e+24 0.0172564
730 1.07076e+24 0.0161883
729 1.86691e+24 0.0135447
728 1.65702e+24 0.0174152
727 1.61416e+24 0.0167552
726 1.89198e+24 0.0159871
725 1.36794e+24 0.0150127
724 1.15448e+24 0.0145952
723 1.69114e+24 0.0186404
722 1.45315e+24 0.0171304
721 1.45603e+24 0.0189118
720 1.6669e+24 0.0146474
719 1.73428e+24 0.0157479
718 1.68278e+24 0.0155766
717 1.45375e+24 0.0156937
716 1.65124e+24 0.017873
715 2.45722e+24 0.0150086
714 1.69367e+24 0.0172019
713 2.51042e+24 0.0154512
712 1.86852e+24 0.013322
711 1.57206e+24 0.01529
710 1.43227e+24 0.0182648
709 1.37682e+24 0.0159162
708 1.61877e+24 0.0130495
707 1.2268e+24 0.0158509
706 1.51735e+24 0.0161733
705 1.26288e+24 0.0161991
704 1.51412e+24 0.0168412
703 1.33264e+24 0.0194483
702 1.45617e+24 0.013456
701 1.42713e+24 0.0148069
700 1.63566e+24 0.0176749
699 1.48627e+24 0.0145431
698 1.53419e+24 0.0167209
697 1.55092e+24 0.0185251
696 1.79928e+24 0.0181864
695 1.72315e+24 0.0154392
694 2.0493e+24 0.01692
693 1.75815e+24 0.0170568
692 1.68012e+24 0.0193783
691 1.62924e+24 0.0136637
690 1.70899e+24 0.019757
689 1.84417e+24 0.0160409
688 2.35579e+24 0.017248
687 2.20826e+24 0.0178884
686 1.70969e+24 0.0190075
685 1.93466e+24 0.0159108
684 1.56494e+24 0.0136198
683 1.28185e+24 0.0176058
682 1.83063e+24 0.0193425
681 1.45004e+24 0.0166199
680 1.77275e+24 0.017815
679 1.63624e+24 0.0165744
678 1.39634e+24 0.0146354
677 1.6576e+24 0.0183125
676 1.54329e+24 0.0167739
675 1.52131e+24 0.0208054
674 1.65246e+24 0.0167025
673 2.39855e+24 0.0197968
672 1.5751e+24 0.0180042
671 1.82253e+24 0.0169829
670 2.19877e+24 0.0130456
669 1.40537e+24 0.0171265
668 1.95501e+24 0.0182453
667 1.71798e+24 0.0174962
666 1.80883e+24 0.0178175
665 2.20327e+24 0.0164712
664 1.66636e+24 0.0165858
663 1.50374e+24 0.0173958
662 1.63353e+24 0.0188961
661 1.44347e+24 0.0183291
660 1.57991e+24 0.018979
659 1.56356e+24 0.0201752
658 2.1757e+24 0.0192662
657 1.9228e+24 0.0176291
656 2.21774e+24 0.0186804
655 2.18446e+24 0.0179594
654 2.1787e+24 0.0181022
653 1.4118e+24 0.0172892
652 1.59637e+24 0.0165574
651 1.83417e+24 0.0176796
650 1.6088e+24 0.0182227
649 1.90812e+24 0.0165226
648 2.06682e+24 0.0172166
647 2.42262e+24 0.0199084
646 1.62762e+24 0.0185548
645 2.27438e+24 0.0200155
644 2.34701e+24 0.0161724
643 2.01438e+24 0.0161979
642 1.64263e+24 0.0188126
641 1.36826e+24 0.0194128
640 1.92833e+24 0.0188952
639 1.80776e+24 0.0222606
638 1.70561e+24 0.0184697
637 1.55419e+24 0.0197211
636 1.66738e+24 0.0198695
635 1.73208e+24 0.0177484
634 1.46202e+24 0.0202013
633 2.07478e+24 0.0221778
632 1.53522e+24 0.0194208
631 2.00392e+24 0.0215654
630 2.15592e+24 0.018911
629 2.0461e+24 0.01986
628 1.76452e+24 0.0164682
627 1.7693e+24 0.0182039
626 1.87871e+24 0.0184924
625 2.13387e+24 0.017824
624 1.78346e+24 0.0182421
623 1.6272e+24 0.0190969
622 2.30492e+24 0.0190787
621 1.97592e+24 0.0176699
620 2.56189e+24 0.0199934
619 2.15311e+24 0.0204388
618 1.83474e+24 0.0190045
617 1.67605e+24 0.0182885
616 2.22825e+24 0.0175267
615 2.0485e+24 0.0195359
614 1.97308e+24 0.0176809
613 2.08561e+24 0.0235413
612 1.90589e+24 0.0218106
611 1.66317e+24 0.0179547
610 2.13228e+24 0.0181155
609 2.01304e+24 0.0199469
608 2.46781e+24 0.020328
607 1.84727e+24 0.0223073
606 2.51557e+24 0.0215939
605 1.72618e+24 0.0222076
604 1.85111e+24 0.0205101
603 2.28306e+24 0.0206999
602 1.96289e+24 0.0194321
601 1.56569e+24 0.0218362
600 2.38821e+24 0.0213886
599 2.27838e+24 0.0226574
598 2.49803e+24 0.0224478
597 1.96196e+24 0.0238139
596 1.98273e+24 0.0248734
595 2.3077e+24 0.0196921
594 1.80895e+24 0.0218444
593 2.30067e+24 0.0198149
592 2.36475e+24 0.0179838
591 2.05402e+24 0.0207019
590 2.06906e+24 0.023947
589 2.14923e+24 0.0222359
588 2.20952e+24 0.0238991
587 1.89927e+24 0.0245685
586 1.98752e+24 0.0213321
585 1.54195e+24 0.0216793
584 1.94691e+24 0.0235232
583 2.2936e+24 0.0209652
582 2.30491e+24 0.0204724
581 2.14641e+24 0.0217204
580 2.64597e+24 0.021424
579 1.67048e+24 0.024461
578 2.18571e+24 0.0252131
577 2.7262e+24 0.0207216
576 2.39057e+24 0.0190827
575 2.60465e+24 0.0201725
574 2.92072e+24 0.0220591
573 2.38886e+24 0.0226279
572 2.0271e+24 0.0221742
571 1.8832e+24 0.0252436
570 1.86159e+24 0.0211007
569 2.29069e+24 0.020436
568 2.1514e+24 0.0199109
567 2.78818e+24 0.0207438
566 1.8434e+24 0.0262055
565 1.89799e+24 0.021864
564 1.92502e+24 0.0212692
563 2.49755e+24 0.0256895
562 2.07002e+24 0.0237635
561 2.29289e+24 0.0233525
560 2.23328e+24 0.0232601
559 2.45137e+24 0.0208121
558 2.57932e+24 0.0268098
557 2.44377e+24 0.0186763
556 1.94326e+24 0.022797
555 2.43778e+24 0.0277827
554 1.9244e+24 0.0226213
553 2.97017e+24 0.0239411
552 3.18876e+24 0.0245341
551 2.15872e+24 0.0254081
550 2.31525e+24 0.0232634
549 2.33932e+24 0.024937
548 2.3474e+24 0.0271862
547 2.08188e+24 0.0227349
546 3.51288e+24 0.0257828
545 2.2426e+24 0.0246491
544 2.41841e+24 0.0243421
543 1.93271e+24 0.0258404
542 2.3078e+24 0.0236115
541 1.90817e+24 0.0263581
540 2.50674e+24 0.0241667
539 2.33318e+24 0.0245897
538 3.11125e+24 0.0258495
537 2.44859e+24 0.0249236
536 2.6992e+24 0.0226504
535 2.5247e+24 0.0272162
534 2.88662e+24 0.0224537
533 2.27547e+24 0.0289387
532 3.18721e+24 0.0265003
531 2.69014e+24 0.0233952
530 2.74204e+24 0.0280369
529 2.13602e+24 0.0261273
528 2.29952e+24 0.0204749
527 1.9222e+24 0.0257801
526 2.07583e+24 0.024681
525 2.47157e+24 0.023609
524 2.60226e+24 0.023099
523 2.36066e+24 0.0254562
522 2.27287e+24 0.0267418
521 2.31533e+24 0.0263461
520 2.15347e+24 0.0300816
519 2.58068e+24 0.0253723
518 2.94896e+24 0.0267752
517 2.19616e+24 0.0299121
516 3.09528e+24 0.0268115
515 2.68911e+24 0.026529
514 2.04518e+24 0.031869
513 2.2496e+24 0.0278656
512 2.88494e+24 0.027247
511 2.67105e+24 0.0303589
510 2.85472e+24 0.023922
509 3.39848e+24 0.0305182
508 1.88462e+24 0.0267769
507 2.91919e+24 0.0263143
506 3.03025e+24 0.0285028
505 2.31453e+24 0.0313588
504 2.37529e+24 0.0321464
503 2.32747e+24 0.0274502
502 2.31302e+24 0.0299278
501 2.5184e+24 0.0268795
500 2.78064e+24 0.0305317
499 2.78377e+24 0.0265044
498 2.53399e+24 0.030506
497 3.35081e+24 0.0250718
496 2.83259e+24 0.0297842
495 2.18157e+24 0.0266162
494 2.75271e+24 0.0285213
493 3.08863e+24 0.0279042
492 3.26743e+24 0.0288311
491 3.00855e+24 0.0250363
490 3.01369e+24 0.0305498
489 2.68428e+24 0.0280762
488 3.4978e+24 0.0283242
487 3.25577e+24 0.0291568
486 2.19329e+24 0.0287863
485 2.47047e+24 0.0359033
484 2.45641e+24 0.0314426
483 2.96202e+24 0.0280638
482 2.88992e+24 0.0285699
481 3.24949e+24 0.0301448
480 3.49085e+24 0.0274044
479 4.24909e+24 0.0353325
478 2.36097e+24 0.0317688
477 3.58721e+24 0.033464
476 3.27347e+24 0.029894
475 3.46541e+24 0.0296893
474 4.10026e+24 0.0303829
473 3.78768e+24 0.0336803
472 2.71165e+24 0.0323912
471 2.73358e+24 0.0357699
470 2.39854e+24 0.0322209
469 3.30555e+24 0.0354295
468 4.21845e+24 0.0368891
467 2.83495e+24 0.0341275
466 3.2278e+24 0.0283911
465 3.54983e+24 0.0360738
464 3.92802e+24 0.0316706
463 2.99861e+24 0.0356662
462 3.86999e+24 0.0328888
461 3.27236e+24 0.0318176
460 2.812e+24 0.0317767
459 3.67639e+24 0.0360742
458 3.17208e+24 0.0316848
457 3.20815e+24 0.0327867
456 4.03723e+24 0.0324223
455 3.59547e+24 0.0369453
454 3.03938e+24 0.0359495
453 2.9272e+24 0.0334316
452 2.72725e+24 0.0321585
451 2.71593e+24 0.0362059
450 2.97389e+24 0.033459
449 3.05495e+24 0.0327957
448 3.88515e+24 0.0314428
447 3.59821e+24 0.0396098
446 3.33845e+24 0.036362
445 3.7845e+24 0.0378643
444 2.85867e+24 0.0374235
443 3.61558e+24 0.0381092
442 3.5008e+24 0.0414578
441 2.85261e+24 0.0351262
440 3.59481e+24 0.0355751
439 3.67254e+24 0.0372176
438 4.89388e+24 0.0387233
437 3.16984e+24 0.0380641
436 4.4168e+24 0.0360296
435 4.94101e+24 0.0397814
434 3.54163e+24 0.0373085
433 4.0421e+24 0.0317262
432 3.05871e+24 0.0372743
431 3.94814e+24 0.039647
430 3.375e+24 0.0310763
429 3.71194e+24 0.0407919
428 4.50878e+24 0.038928
427 3.56635e+24 0.0423943
426 4.23643e+24 0.0424988
425 4.53388e+24 0.04036
424 3.57631e+24 0.0427559
423 3.62147e+24 0.0326013
422 3.59082e+24 0.0400107
421 4.07467e+24 0.0352889
420 3.68386e+24 0.0385678
419 3.90254e+24 0.0400085
418 4.11554e+24 0.0398665
417 5.52102e+24 0.0417968
416 3.65136e+24 0.046611
415 5.05943e+24 0.0395088
414 3.66116e+24 0.0464773
413 4.09577e+24 0.0410389
412 3.97276e+24 0.0447916
411 5.29014e+24 0.0427068
410 3.99395e+24 0.0403008
409 3.09222e+24 0.0410676
408 4.62958e+24 0.0428355
407 4.2377e+24 0.0422394
406 3.15485e+24 0.0388433
405 4.69169e+24 0.0450938
404 3.16958e+24 0.0445417
403 4.72073e+24 0.0421402
402 3.30515e+24 0.0425948
401 3.68523e+24 0.0480161
400 2.7543e+24 0.0499987
399 3.83693e+24 0.0398824
398 4.80111e+24 0.0451835
397 4.84046e+24 0.0485628
396 5.29947e+24 0.0496077
395 3.29367e+24 0.0478786
394 5.58685e+24 0.0493838
393 4.06793e+24 0.0475312
392 4.72804e+24 0.0438698
391 4.7266e+24 0.0482562
390 4.44987e+24 0.0485308
389 5.5872e+24 0.0468131
388 3.81977e+24 0.0444346
387 3.26888e+24 0.0470148
386 4.07225e+24 0.0427364
385 3.57755e+24 0.0467747
384 5.15772e+24 0.0519378
383 4.09546e+24 0.0475544
382 4.73174e+24 0.0515219
381 3.12406e+24 0.0524596
380 8.11462e+24 0.0495888
379 3.43161e+24 0.049821
378 5.17374e+24 0.0560688
377 6.04922e+24 0.0526846
376 6.63215e+24 0.0546408
375 5.8886e+24 0.055803
374 5.10162e+24 0.0565725
373 5.38405e+24 0.0553113
372 5.8623e+24 0.0530732
371 5.04187e+24 0.0564024
370 4.55029e+24 0.0541521
369 4.71761e+24 0.0535423
368 4.4077e+24 0.0504415
367 6.04806e+24 0.0540887
366 6.48383e+24 0.0566507
365 4.91929e+24 0.0513776
364 5.78102e+24 0.0611837
363 5.4693e+24 0.0539316
362 4.75625e+24 0.0554268
361 4.38571e+24 0.0563317
360 5.37322e+24 0.0530914
359 5.1938e+24 0.0609751
358 6.39313e+24 0.0623635
357 4.13e+24 0.0518263
356 5.00953e+24 0.0601471
355 8.07304e+24 0.0596263
354 6.99778e+24 0.0592459
353 4.73548e+24 0.0551367
352 7.11342e+24 0.0589009
351 6.68389e+24 0.0644348
350 4.05488e+24 0.0674115
349 6.00358e+24 0.0639151
348 5.99977e+24 0.0566189
347 6.30987e+24 0.0527508
346 6.76454e+24 0.0677443
345 5.8321e+24 0.0648508
344 5.3355e+24 0.0751947
343 6.07571e+24 0.0628305
342 6.52985e+24 0.0622691
341 6.76889e+24 0.0613145
340 7.66541e+24 0.0708237
339 5.81864e+24 0.0687387
338 8.05809e+24 0.0686366
337 7.26046e+24 0.0634333
336 5.89661e+24 0.0667993
335 4.59741e+24 0.0669614
334 6.64903e+24 0.0777181
333 8.1748e+24 0.0726213
332 5.51068e+24 0.0766692
331 7.39512e+24 0.077486
330 7.04553e+24 0.0727075
329 5.34374e+24 0.0716891
328 4.96118e+24 0.0778527
327 4.67834e+24 0.0733573
326 4.85026e+24 0.0766
325 5.50937e+24 0.0765706
324 7.50056e+24 0.078894
323 9.31325e+24 0.0705232
322 7.42017e+24 0.0816428
321 5.18033e+24 0.0734229
320 9.2724e+24 0.0686895
319 1.18e+25 0.079576
318 7.03377e+24 0.0824364
317 4.78165e+24 0.0842618
316 8.05217e+24 0.0805138
315 7.80885e+24 0.0757734
314 9.92231e+24 0.0853813
313 7.4788e+24 0.0843595
312 7.66738e+24 0.0820633
311 6.67683e+24 0.0853636
310 9.15118e+24 0.084245
309 5.52012e+24 0.0903109
308 8.80435e+24 0.0919435
307 5.70835e+24 0.0826609
306 7.408e+24 0.0857609
305 7.93641e+24 0.0941903
304 9.95152e+24 0.0962914
303 1.41904e+25 0.0996435
302 1.23944e+25 0.0939231
301 7.23863e+24 0.0964837
300 1.05821e+25 0.100614
299 6.50131e+24 0.100965
298 1.27705e+25 0.102297
297 5.93147e+24 0.10185
296 1.12758e+25 0.0964641
295 8.12555e+24 0.10456
294 6.61508e+24 0.108032
293 5.48211e+24 0.101702
292 6.796e+24 0.103236
291 5.89282e+24 0.0997422
290 9.52881e+24 0.105347
289 1.06547e+25 0.108203
288 9.94577e+24 0.112333
287 1.37733e+25 0.118439
286 8.07003e+24 0.10543
285 8.48937e+24 0.112795
284 7.00505e+24 0.126995
283 8.39354e+24 0.11352
282 1.06405e+25 0.117452
281 1.42296e+25 0.112739
280 9.32782e+24 0.127377
279 8.28276e+24 0.120172
278 1.14433e+25 0.121271
277 1.16772e+25 0.122759
276 1.17526e+25 0.133493
275 1.31126e+25 0.131704
274 8.72029e+24 0.129641
273 1.44411e+25 0.135389
272 1.08648e+25 0.131858
271 1.06668e+25 0.143612
270 9.99528e+24 0.138776
269 1.0552e+25 0.134871
268 7.94679e+24 0.126212
267 1.43689e+25 0.126046
266 1.07405e+25 0.131329
265 9.41051e+24 0.136363
264 1.40122e+25 0.14968
263 1.76645e+25 0.138514
262 8.78186e+24 0.146797
261 1.49534e+25 0.140796
260 1.49061e+25 0.149385
259 1.20685e+25 0.146484
258 8.33954e+24 0.163214
257 1.45421e+25 0.157908
256 1.86822e+25 0.151843
255 1.23774e+25 0.173987
254 8.03517e+24 0.180235
253 1.38031e+25 0.183693
252 1.25212e+25 0.172717
251 1.69013e+25 0.174574
250 2.38333e+25 0.18492
249 1.09921e+25 0.177764
248 7.79219e+24 0.179612
247 9.53979e+24 0.202023
246 1.52743e+25 0.200092
245 1.3363e+25 0.190875
244 1.32051e+25 0.184327
243 1.98183e+25 0.196243
242 2.04805e+25 0.216379
241 1.68663e+25 0.206157
240 1.3699e+25 0.210852
239 3.99213e+25 0.217409
238 2.57587e+25 0.211434
237 2.98056e+25 0.220364
236 1.64526e+25 0.245777
235 2.74783e+25 0.225195
234 1.4608e+25 0.241226
233 1.43139e+25 0.264268
232 1.73722e+25 0.24935
231 1.54623e+25 0.25493
230 2.50646e+25 0.26145
229 1.71767e+25 0.265311
228 2.6543e+25 0.263489
227 2.13277e+25 0.282586
226 1.96138e+25 0.290384
225 1.92429e+25 0.294467
224 3.0156e+25 0.300508
223 2.13342e+25 0.32745
222 2.82297e+25 0.323642
221 1.78929e+25 0.294033
220 3.94941e+25 0.316411
219 1.13904e+25 0.325081
218 2.51038e+25 0.331286
217 1.61957e+25 0.343831
216 1.18708e+25 0.338101
215 1.43719e+25 0.346596
214 3.61684e+25 0.35138
213 3.42648e+25 0.373755
212 1.52315e+25 0.387036
211 1.15223e+25 0.392788
210 2.76446e+25 0.411547
209 2.43103e+25 0.408514
208 1.63882e+25 0.399233
207 1.82166e+25 0.416773
206 1.28608e+25 0.436923
205 2.42382e+25 0.435536
204 1.7636e+25 0.453745
203 9.01687e+24 0.472369
202 2.69422e+25 0.472891
201 3.67622e+25 0.491064
200 1.18009e+25 0.48641
199 4.62654e+25 0.506742
198 2.69632e+25 0.540424
197 2.65304e+25 0.539523
196 1.03803e+25 0.548713
195 1.70468e+25 0.566482
194 2.95814e+25 0.589387
193 1.9676e+25 0.585762
192 3.31868e+25 0.6205
191 2.14518e+25 0.6034
190 1.11518e+25 0.611995
189 9.78531e+24 0.642606
188 1.27327e+25 0.634007
187 1.17019e+25 0.657911
186 1.08377e+25 0.677062
185 9.57798e+24 0.66137
184 8.50695e+24 0.692843
183 1.3505e+25 0.713559
182 2.55909e+25 0.707023
181 8.51838e+24 0.724807
180 5.94721e+24 0.746352
179 8.50509e+24 0.745521
178 1.31907e+25 0.758148
177 1.18603e+25 0.760815
176 8.3117e+24 0.767099
175 5.11812e+24 0.779286
174 4.19447e+24 0.782948
173 4.70089e+24 0.789783
172 9.3749e+24 0.803593
171 9.05885e+24 0.805126
170 5.11732e+24 0.817374
169 4.3116e+24 0.827503
168 6.03775e+24 0.838101
167 4.26243e+24 0.837173
166 5.48997e+24 0.855327
165 5.60228e+24 0.851605
164 3.15569e+24 0.857467
163 3.45157e+24 0.863226
162 3.70627e+24 0.869062
161 5.33385e+24 0.875648
160 3.21145e+24 0.881968
159 3.02175e+24 0.888326
158 3.65448e+24 0.888284
157 2.2911e+24 0.890848
156 3.37642e+24 0.895846
155 2.49302e+24 0.903084
154 5.22006e+24 0.904891
153 1.84908e+24 0.910987
152 2.08168e+24 0.912776
151 1.76748e+24 0.915388
150 2.59684e+24 0.919182
149 1.86666e+24 0.920268
148 1.34986e+24 0.926193
147 2.02336e+24 0.929597
146 1.19748e+24 0.933466
145 1.36164e+24 0.935342
144 1.7111e+24 0.937519
143 9.11371e+23 0.940199
142 1.32993e+24 0.942389
141 8.49599e+23 0.946394
140 1.12558e+24 0.948706
139 9.08522e+23 0.949043
138 9.61052e+23 0.95173
137 9.69225e+23 0.952872
136 9.98447e+23 0.956035
135 9.04399e+23 0.957701
134 7.90292e+23 0.959222
133 7.05617e+23 0.960775
132 7.54807e+23 0.963611
131 6.05803e+23 0.964625
130 7.15323e+23 0.966546
129 6.73202e+23 0.968812
128 4.75965e+23 0.969944
127 4.56506e+23 0.969611
126 4.5569e+23 0.972596
125 4.3795e+23 0.974208
124 5.75293e+23 0.975047
123 3.24702e+23 0.974936
122 3.86599e+23 0.976972
121 3.32814e+23 0.97794
120 3.36572e+23 0.978983
119 3.21637e+23 0.98105
118 2.85226e+23 0.980724
117 2.34717e+23 0.982128
116 1.86849e+23 0.982979
115 3.6965e+23 0.983151
114 2.10063e+23 0.985097
113 1.83767e+23 0.98563
112 1.7246e+23 0.986461
111 1.87496e+23 0.987028
110 1.96935e+23 0.988016
109 1.30885e+23 0.988484
108 2.43357e+23 0.989033
107 7.63229e+22 0.989687
106 9.24507e+22 0.990575
105 8.47137e+22 0.990961
104 8.84881e+22 0.9915
103 8.39821e+22 0.992017
102 5.88236e+22 0.99274
101 6.99905e+22 0.993252
100 2.45238e+22 0.993453
99 2.60707e+22 0.993893
98 2.24321e+22 0.994278
97 1.89857e+21 0.994433
96 3.11231e+22 0.995008
95 8.742e+20 0.995136
94 9.73176e+21 0.996015
93 -8.26797e+21 0.996063
92 -7.06836e+21 0.995979
91 -1.64574e+22 0.996413
90 -2.1222e+22 0.997056
89 -3.62336e+22 0.997201
88 -3.04687e+22 0.997331
87 -3.78887e+22 0.997551
86 -4.10778e+22 0.99761
85 -4.7736e+22 0.997866
84 -4.47659e+22 0.998303
83 -5.62835e+22 0.9983
82 -5.23143e+22 0.99838
81 -5.68075e+22 0.998461
80 -5.58111e+22 0.998497
79 -6.60317e+22 0.998795
78 -7.19849e+22 0.998832
77 -7.57979e+22 0.999082
76 -7.85758e+22 0.999092
75 -8.41779e+22 0.99925
74 -7.95061e+22 0.999249
73 -8.52736e+22 0.999414
72 -8.60827e+22 0.999378
71 -8.80636e+22 0.999471
70 -9.39272e+22 0.999552
69 -9.95268e+22 0.999696
68 -1.00908e+23 0.999685
67 -1.0358e+23 0.99976
66 -1.05952e+23 0.99978
65 -1.06092e+23 0.999757
64 -1.08388e+23 0.999825
63 -1.11758e+23 0.999862
62 -1.13775e+23 0.999895
61 -1.16658e+23 0.99989
60 -1.18033e+23 0.999877
59 -1.20754e+23 0.999911
58 -1.23312e+23 0.999936
57 -1.25096e+23 0.999923
56 -1.27165e+23 0.999947
55 -1.314e+23 0.999989
54 -1.33132e+23 0.999966
53 -1.36127e+23 0.999981
52 -1.39053e+23 0.999993
51 -1.40904e+23 0.999971
50 -1.44789e+23 0.999999
49 -1.47566e+23 0.999992
48 -1.50648e+23 0.999993
47 -1.54034e+23 0.999999
46 -1.57288e+23 0.999996
45 -1.60717e+23 0.999993
44 -1.64334e+23 0.999992
43 -1.68441e+23 1
42 -1.72362e+23 0.999998
41 -1.76658e+23 1
40 -1.81074e+23 1
39 -1.85717e+23 1
38 -1.90605e+23 1
37 -1.95756e+23 1
36 -2.01194e+23 1
35 -2.06942e+23 1
34 -2.12995e+23 1
33 -2.19484e+23 1
32 -2.26343e+23 1
31 -2.33644e+23 1
30 -2.41433e+23 1
29 -2.49758e+23 1
28 -2.58678e+23 1
27 -2.68258e+23 1
26 -2.78576e+23 1
25 -2.89719e+23 1
24 -3.01791e+23 1
23 -3.14912e+23 1
22 -3.29226e+23 1
21 -3.44904e+23 1
20 -3.62149e+23 1
19 -3.81209e+23 1
18 -4.02388e+23 1
17 -4.26058e+23 1
16 -4.52686e+23 1
15 -4.82865e+23 1
14 -5.17356e+23 1
13 -5.57152e+23 1
12 -6.03581e+23 1
11 -6.58453e+23 1
10 -7.24298e+23 1
9 -8.04775e+23 1
8 -9.05372e+23 1
7 -1.03471e+24 1
6 -1.20716e+24 1
5 -1.4486e+24 1
4 -1.81074e+24 1
3 -2.41433e+24 1
2 -3.62149e+24 1
1 -7.24298e+24 1
