600 8.99068e+20 -1.46432
599 7.40678e+20 4.67712
598 9.1469e+20 0.351034
597 9.00724e+20 -4.63959
596 8.32558e+20 -6.96027
595 9.51139e+20 -3.2232
594 9.14904e+20 3.04011
593 1.12883e+21 -3.31936
592 9.25741e+20 1.10217
591 9.48159e+20 6.75755
590 9.12985e+20 -0.375462
589 8.44638e+20 -6.19024
588 8.55184e+20 -0.649707
587 9.81976e+20 0.610761
586 9.8304e+20 0.423696
585 8.57974e+20 -0.603461
584 8.43565e+20 6.82051
583 9.81997e+20 -1.99915
582 9.24334e+20 -6.53912
581 1.00341e+21 -10.0682
580 1.07888e+21 4.03158
579 9.62435e+20 -4.36038
578 9.04853e+20 -2.782
577 8.91949e+20 8.43752
576 9.40262e+20 2.89941
575 9.48004e+20 5.96052
574 8.99284e+20 1.63857
573 9.53751e+20 5.85195
572 9.77802e+20 3.70947
571 1.02226e+21 -4.19801
570 9.72744e+20 8.30899
569 1.1886e+21 2.68592
568 1.1113e+21 2.79836
567 1.1683e+21 -2.32142
566 1.08133e+21 -0.904097
565 1.07225e+21 9.95822
564 1.17817e+21 -2.72326
563 1.09627e+21 4.96023
562 9.93e+20 -0.623835
561 1.03111e+21 1.14928
560 9.00454e+20 1.95953
559 1.01317e+21 -0.731881
558 1.18853e+21 -4.78651
557 1.14545e+21 -6.70818
556 1.04883e+21 -6.4879
555 1.04955e+21 5.95796
554 9.93801e+20 -1.03881
553 1.04729e+21 -1.25752
552 1.02981e+21 -2.02742
551 1.22662e+21 4.91092
550 1.04347e+21 6.48312
549 1.03764e+21 -5.09127
548 1.26344e+21 0.763065
547 1.07614e+21 -0.688395
546 1.20468e+21 1.42449
545 1.09021e+21 4.78031
544 1.08081e+21 2.56443
543 1.14168e+21 0.02844
542 1.17526e+21 6.23987
541 1.24722e+21 -0.380432
540 1.15947e+21 -0.322468
539 1.17703e+21 -2.28677
538 1.26436e+21 -4.7221
537 1.21257e+21 4.17602
536 1.09176e+21 -0.946049
535 1.15786e+21 0.507965
534 1.33295e+21 11.7869
533 1.12627e+21 7.33209
532 1.21011e+21 -5.96001
531 1.16631e+21 6.28272
530 1.20872e+21 8.23177
529 1.13226e+21 3.8322
528 1.15268e+21 6.39491
527 1.31175e+21 -0.871207
526 1.16838e+21 2.78005
525 1.27598e+21 -2.2966
524 1.20042e+21 9.86568
523 1.43776e+21 -0.630777
522 1.23749e+21 -2.75846
521 1.1633e+21 2.07827
520 1.15137e+21 -0.282138
519 1.27388e+21 6.02435
518 1.04963e+21 3.82189
517 1.2238e+21 -2.90536
516 1.21049e+21 5.28473
515 1.37392e+21 -19.1011
514 1.23468e+21 -0.0746899
513 1.26307e+21 -9.18063
512 1.26939e+21 -3.53798
511 1.23081e+21 -0.704415
510 1.3915e+21 1.52676
509 1.26502e+21 3.43536
508 1.30509e+21 -4.92673
507 1.41275e+21 -0.971449
506 1.46665e+21 -7.02108
505 1.77838e+21 -7.10455
504 1.28274e+21 -0.02735
503 1.41834e+21 3.21062
502 1.2674e+21 9.16465
501 1.47985e+21 4.94039
500 1.58549e+21 -7.48943
499 1.29987e+21 -2.96429
498 1.45273e+21 3.42964
497 1.63284e+21 -3.58262
496 1.45522e+21 -1.80859
495 1.55713e+21 -1.49256
494 1.40896e+21 7.73208
493 1.27093e+21 -5.88487
492 1.44881e+21 3.84259
491 1.59869e+21 3.90678
490 1.56612e+21 4.0241
489 1.57895e+21 -0.186068
488 1.5373e+21 8.17489
487 1.54313e+21 -1.14936
486 1.40696e+21 -10.8735
485 1.4152e+21 -6.14545
484 1.32307e+21 -12.3663
483 1.7369e+21 -1.63068
482 1.50745e+21 -3.50597
481 1.52763e+21 -4.38747
480 1.81172e+21 -4.63229
479 1.57792e+21 5.71208
478 1.6849e+21 -6.45607
477 1.61807e+21 4.9096
476 1.55724e+21 -11.6882
475 1.79179e+21 8.47399
474 1.75042e+21 4.76966
473 1.74026e+21 -3.59473
472 1.46251e+21 8.09717
471 1.42515e+21 5.12523
470 2.26404e+21 -4.84998
469 1.9044e+21 -2.9994
468 1.66791e+21 -5.27338
467 1.68069e+21 -2.18912
466 1.7023e+21 2.84208
465 1.69242e+21 -0.741563
464 1.37117e+21 -1.05107
463 1.59675e+21 -4.0554
462 1.76387e+21 8.28726
461 2.02983e+21 0.758297
460 2.04579e+21 -0.19821
459 1.93015e+21 -8.45128
458 1.96129e+21 4.10454
457 1.66594e+21 8.89568
456 1.70706e+21 2.0542
455 1.95195e+21 -3.85086
454 1.85863e+21 -0.437018
453 1.88629e+21 -3.55091
452 2.12435e+21 3.98952
451 1.84703e+21 -5.79693
450 2.00139e+21 -10.3232
449 2.02579e+21 -8.49142
448 1.84189e+21 9.63121
447 2.1995e+21 4.381
446 1.65002e+21 -1.37679
445 2.0475e+21 2.93238
444 2.13678e+21 -0.821647
443 2.15638e+21 3.63912
442 2.53074e+21 3.19297
441 1.6491e+21 -4.21983
440 2.30583e+21 -22.819
439 2.25315e+21 0.978139
438 2.00184e+21 -9.30852
437 1.96985e+21 -19.1442
436 2.0214e+21 -4.33267
435 2.16358e+21 -0.533303
434 2.13289e+21 -1.20217
433 2.24763e+21 8.32189
432 2.38721e+21 9.49072
431 2.28932e+21 5.24719
430 2.29727e+21 8.0891
429 2.03757e+21 -5.74478
428 2.11453e+21 5.71326
427 2.15214e+21 -0.452154
426 2.59529e+21 -8.88677
425 2.47832e+21 -6.12567
424 2.22523e+21 14.7816
423 2.30727e+21 2.75237
422 2.31761e+21 6.32272
421 2.26954e+21 9.35212
420 2.81228e+21 9.24676
419 2.50421e+21 5.19883
418 2.13182e+21 2.29619
417 2.48188e+21 4.51159
416 2.40789e+21 3.88862
415 2.51401e+21 -1.94059
414 2.18496e+21 -2.22034
413 2.164e+21 1.0897
412 2.49133e+21 6.35531
411 2.69067e+21 -6.86959
410 2.40796e+21 -1.031
409 2.93674e+21 0.929765
408 2.47159e+21 -9.17474
407 2.98534e+21 6.82874
406 2.55989e+21 4.49447
405 3.10394e+21 -6.89744
404 2.62344e+21 2.59712
403 2.54654e+21 -4.03466
402 2.97358e+21 4.72592
401 2.64427e+21 -5.21209
400 2.77129e+21 3.45019
399 2.67771e+21 -1.88566
398 2.80056e+21 11.421
397 2.86156e+21 2.03547
396 2.93645e+21 20.9255
395 2.57054e+21 -12.3638
394 2.78688e+21 19.3191
393 2.93723e+21 15.932
392 2.88762e+21 13.1276
391 2.69232e+21 3.62448
390 3.24838e+21 -3.70721
389 2.78454e+21 -8.90084
388 3.24325e+21 4.34013
387 3.21397e+21 7.97289
386 3.18676e+21 -0.493798
385 3.15775e+21 -5.81868
384 3.54064e+21 -9.21132
383 3.61772e+21 13.2595
382 3.3602e+21 9.47235
381 3.39338e+21 4.3806
380 2.99035e+21 -2.25341
379 3.36231e+21 9.90814
378 2.66611e+21 4.41456
377 3.56616e+21 -22.6483
376 4.22871e+21 6.11507
375 4.1223e+21 21.737
374 3.65383e+21 -0.526927
373 3.71048e+21 -7.32018
372 3.77944e+21 -9.84188
371 4.00675e+21 14.2575
370 3.67636e+21 -4.55879
369 4.02645e+21 -6.98786
368 4.50616e+21 4.82182
367 3.56397e+21 1.43151
366 3.78694e+21 10.4005
365 3.94129e+21 9.4233
364 4.50639e+21 -19.3287
363 3.70021e+21 13.3042
362 5.27574e+21 -6.89859
361 3.47113e+21 -18.7708
360 4.04816e+21 -1.45053
359 4.42361e+21 -6.93579
358 3.89786e+21 8.63582
357 4.28442e+21 3.2306
356 3.61302e+21 -4.65662
355 4.84494e+21 1.70248
354 4.73774e+21 8.51229
353 4.79891e+21 -4.44909
352 3.9831e+21 10.0836
351 4.28833e+21 3.08368
350 3.73506e+21 -3.56698
349 4.01955e+21 -4.5831
348 5.18412e+21 -4.61457
347 5.18702e+21 18.1112
346 5.00144e+21 -6.87816
345 3.89774e+21 1.37547
344 5.29597e+21 2.20496
343 5.50315e+21 11.2725
342 4.38855e+21 -18.3363
341 6.08783e+21 -14.1976
340 3.90525e+21 14.6686
339 4.8015e+21 17.4598
338 6.3785e+21 14.2186
337 5.42449e+21 4.62372
336 4.47241e+21 3.54326
335 4.18166e+21 -1.7453
334 5.07179e+21 15.6148
333 5.54287e+21 3.58389
332 5.96983e+21 -5.45921
331 5.71767e+21 -9.44868
330 6.60639e+21 1.35946
329 5.43647e+21 16.4844
328 6.30467e+21 -11.7696
327 5.51331e+21 13.0212
326 4.99358e+21 20.6916
325 5.87554e+21 14.2696
324 5.04162e+21 0.506179
323 5.67011e+21 16.8638
322 5.9638e+21 -10.6613
321 6.24407e+21 2.67398
320 7.25871e+21 11.9481
319 5.84744e+21 16.5735
318 6.47777e+21 -9.75562
317 6.38527e+21 5.38721
316 8.98333e+21 -26.6942
315 6.94155e+21 -0.275096
314 7.02988e+21 4.76655
313 5.66904e+21 -4.42103
312 7.08594e+21 5.27963
311 6.44043e+21 1.34586
310 6.69163e+21 0.17004
309 9.76921e+21 -10.8464
308 8.18728e+21 4.36371
307 6.91577e+21 -5.69988
306 6.49719e+21 -0.597505
305 6.88457e+21 15.4755
304 7.75354e+21 -7.93939
303 8.51295e+21 9.8301
302 7.84587e+21 -5.32767
301 7.93652e+21 -9.48688
300 9.33381e+21 3.44774
299 7.01973e+21 8.6774
298 7.53705e+21 2.80781
297 7.57858e+21 19.5703
296 1.00358e+22 17.3925
295 9.2665e+21 16.1604
294 8.68005e+21 9.09706
293 9.75572e+21 7.88142
292 8.25786e+21 -1.31511
291 9.90474e+21 -22.2862
290 8.94907e+21 -6.33098
289 9.99009e+21 7.8631
288 1.00549e+22 21.9797
287 9.45706e+21 -5.80748
286 1.04674e+22 -9.47005
285 1.04132e+22 -16.6572
284 8.10731e+21 -7.57307
283 9.56838e+21 4.01166
282 1.10218e+22 -23.9138
281 1.05748e+22 -2.1005
280 1.06542e+22 24.4725
279 1.1817e+22 -6.36226
278 1.32929e+22 2.75734
277 1.03028e+22 -0.31835
276 1.11786e+22 -3.03951
275 9.87232e+21 13.7004
274 1.17279e+22 -19.0224
273 1.39654e+22 -4.23232
272 1.37356e+22 -7.75493
271 1.12065e+22 16.3704
270 1.64171e+22 -6.70777
269 1.35233e+22 -4.78718
268 1.38942e+22 12.1754
267 1.50421e+22 -10.8916
266 1.36066e+22 18.3562
265 1.07302e+22 -27.4571
264 1.47679e+22 -12.5418
263 1.12687e+22 -17.633
262 1.7982e+22 -25.9064
261 1.56302e+22 20.8103
260 1.21269e+22 -20.5277
259 1.20666e+22 15.3093
258 1.63618e+22 -17.6313
257 1.6465e+22 6.43447
256 1.83227e+22 -8.11598
255 1.36361e+22 -13.274
254 1.8828e+22 -32.5851
253 1.4724e+22 -14.19
252 1.81611e+22 -36.8007
251 1.35211e+22 -0.649765
250 1.39254e+22 -7.66696
249 2.48082e+22 27.8495
248 2.00147e+22 3.62712
247 2.37275e+22 -12.955
246 2.95088e+22 36.0716
245 2.17572e+22 -8.81663
244 2.05218e+22 26.197
243 2.27811e+22 -8.30279
242 1.9683e+22 -45.9119
241 2.21e+22 33.8651
240 1.913e+22 49.607
239 2.82322e+22 12.644
238 2.13831e+22 -9.75515
237 1.86123e+22 -53.1158
236 3.39868e+22 11.3443
235 2.27086e+22 -0.852763
234 1.4437e+22 -3.11442
233 1.98359e+22 30.2785
232 3.06089e+22 16.9632
231 2.45693e+22 25.1746
230 2.69432e+22 -30.4882
229 2.95956e+22 -4.00662
228 2.54094e+22 24.6984
227 3.1359e+22 38.8742
226 3.4479e+22 27.3909
225 2.09625e+22 -3.14459
224 3.84637e+22 55.21
223 3.14234e+22 -35.0731
222 4.10804e+22 -58.3618
221 3.83313e+22 -65.8824
220 3.23782e+22 -11.9486
219 3.4937e+22 41.5905
218 6.72294e+22 17.0716
217 5.05373e+22 13.1796
216 4.36745e+22 -2.26135
215 4.15105e+22 -33.0385
214 4.54688e+22 16.7563
213 6.46456e+22 -24.4057
212 6.93199e+22 8.11052
211 4.91737e+22 -6.67344
210 3.36732e+22 -36.3908
209 5.80841e+22 40.9658
208 3.15732e+22 21.7353
207 5.64974e+22 4.92905
206 4.53939e+22 93.4109
205 6.91255e+22 108.565
204 5.73346e+22 -17.6108
203 5.82271e+22 -79.8789
202 6.06723e+22 110.359
201 6.31369e+22 -139.894
200 5.56134e+22 -28.3326
199 6.32643e+22 97.0643
198 9.77949e+22 12.3146
197 7.61918e+22 -25.021
196 1.53256e+23 24.6456
195 9.25863e+22 63.8452
194 7.65849e+22 -169.22
193 1.86027e+23 -55.8411
192 3.96842e+22 -156.955
191 1.73679e+23 -161.484
190 2.07958e+23 83.8751
189 1.0312e+23 141.36
188 2.05427e+23 47.2297
187 1.02276e+23 114.022
186 1.46339e+23 -36.2258
185 3.03862e+23 22.4096
184 1.65978e+23 -62.5565
183 2.46948e+23 -35.1909
182 2.21613e+23 -418.198
181 1.26348e+23 -4.79757
180 3.7909e+23 211.404
179 3.25887e+23 533.583
178 8.90006e+22 -142.299
177 1.93212e+23 155.894
176 3.12585e+23 641.637
175 2.40614e+23 129.739
174 4.06839e+23 -176.346
173 1.16811e+23 -230.5
172 6.66453e+23 458.283
171 2.57147e+23 870.61
170 1.8877e+23 -3.38841
169 8.20673e+22 418.531
168 2.21445e+23 923.397
167 6.03945e+22 1578.97
166 3.05047e+23 1280.22
165 6.67925e+22 1633.64
164 2.09351e+23 1474.29
163 8.98714e+22 1767.47
162 8.69899e+22 1821.35
161 1.21709e+23 1646.64
160 3.45655e+22 1925.43
159 4.50961e+22 1848.2
158 2.40927e+22 2010.49
157 2.46913e+22 2065.6
156 9.30714e+21 2131.05
155 2.02549e+22 2063.44
154 1.46329e+22 2159.84
153 1.00306e+22 2139.51
152 1.45531e+22 2176.9
151 6.56715e+21 2218.59
150 7.29146e+21 2219.82
149 6.75979e+21 2225.22
148 1.06439e+22 2230.4
147 1.15389e+22 2233.25
146 7.83213e+21 2254.31
145 5.13119e+21 2284.56
144 5.43949e+21 2284.93
143 6.17259e+21 2293.56
142 9.3251e+21 2298.39
141 5.114e+21 2314.38
140 5.42578e+21 2323.91
139 3.70073e+21 2341.35
138 3.60927e+21 2343.65
137 2.80484e+21 2352.62
136 2.69321e+21 2359.89
135 2.50168e+21 2363.5
134 2.79946e+21 2372.01
133 2.59299e+21 2376.08
132 2.15428e+21 2381.39
131 2.93971e+21 2383.18
130 2.67744e+21 2395.31
129 2.05264e+21 2402.03
128 1.66253e+21 2404.5
127 1.70769e+21 2410.54
126 1.29231e+21 2413.26
125 1.05086e+21 2422.02
124 1.37341e+21 2421
123 1.28507e+21 2425.68
122 1.02724e+21 2427.65
121 1.39209e+21 2433.4
120 1.19442e+21 2436.53
119 9.86573e+20 2437.28
118 1.0692e+21 2442.24
117 1.00682e+21 2445
116 1.08663e+21 2447.53
115 8.57761e+20 2453.64
114 9.55037e+20 2452.97
113 8.16333e+20 2456.6
112 7.63825e+20 2458.78
111 6.08848e+20 2463.26
110 6.47129e+20 2463.89
109 8.78525e+20 2464.75
108 7.11985e+20 2466.65
107 5.69162e+20 2469.27
106 5.80486e+20 2470.26
105 4.41533e+20 2473.88
104 4.2087e+20 2475.4
103 4.33374e+20 2476.35
102 4.33428e+20 2478.32
101 3.61042e+20 2479.36
100 3.36658e+20 2480.85
99 3.48205e+20 2481.98
98 3.61918e+20 2482.26
97 3.60882e+20 2483.47
96 3.40807e+20 2485.09
95 3.05822e+20 2485.45
94 2.29787e+20 2487.29
93 2.33366e+20 2488.46
92 2.41732e+20 2489.41
91 1.98455e+20 2489.78
90 2.16153e+20 2490.78
89 2.15506e+20 2491.49
88 1.65394e+20 2492.25
87 1.67228e+20 2492.79
86 1.21896e+20 2493.89
85 1.3371e+20 2493.86
84 1.42439e+20 2493.95
83 1.24415e+20 2494.34
82 1.03056e+20 2495.44
81 1.1252e+20 2495.52
80 8.11781e+19 2496.27
79 1.14284e+20 2495.96
78 8.56606e+19 2496.46
77 8.94607e+19 2496.63
76 7.69258e+19 2497.25
75 7.19542e+19 2497.5
74 6.14146e+19 2497.9
73 6.93638e+19 2497.85
72 5.39742e+19 2498.22
71 4.86726e+19 2498.35
70 3.96809e+19 2498.72
69 3.36255e+19 2498.74
68 3.67028e+19 2499.02
67 3.09653e+19 2499.17
66 3.78601e+19 2498.97
65 1.79228e+19 2499.51
64 2.28676e+19 2499.39
63 1.90466e+19 2499.43
62 1.90111e+19 2499.49
61 1.51484e+19 2499.64
60 1.21178e+19 2499.71
59 1.04289e+19 2499.75
58 8.99302e+18 2499.81
57 6.63675e+18 2499.84
56 8.80582e+18 2499.82
55 6.21607e+18 2499.86
54 2.19666e+18 2499.95
53 4.83363e+18 2499.9
52 5.50543e+18 2499.9
51 2.2977e+18 2499.96
50 2.72212e+18 2499.96
49 8.30895e+17 2499.99
48 1.48348e+18 2499.98
47 2.01916e+18 2499.97
46 4.59179e+17 2499.99
45 8.40269e+17 2499.99
44 0 2500
43 1.72481e+17 2500
42 0 2500
41 0 2500
40 0 2500
39 2.0952e+15 2500
38 0 2500
37 0 2500
36 1.09932e+17 2500
35 0 2500
34 0 2500
33 0 2500
32 0 2500
31 0 2500
30 0 2500
29 0 2500
28 0 2500
27 0 2500
26 0 2500
25 0 2500
24 0 2500
23 0 2500
22 0 2500
21 0 2500
20 0 2500
19 0 2500
18 0 2500
17 0 2500
16 0 2500
15 0 2500
14 0 2500
13 0 2500
12 0 2500
11 0 2500
10 0 2500
9 0 2500
8 0 2500
7 0 2500
6 0 2500
5 0 2500
4 0 2500
3 0 2500
2 0 2500
1 0 2500
