3000 4.24929e+20 -0.000490625
2999 4.28235e+20 -0.00118475
2998 4.2891e+20 -0.000949
2997 4.26971e+20 0.000116375
2996 4.27125e+20 0.001238
2995 4.28873e+20 0.00042575
2994 4.2724e+20 0.00035125
2993 4.28133e+20 0.00103162
2992 4.27235e+20 0.0007115
2991 4.25841e+20 -0.00108938
2990 4.28045e+20 0.000625875
2989 4.25412e+20 6.725e-05
2988 4.27834e+20 -0.00067925
2987 4.28054e+20 0.001348
2986 4.2823e+20 0.00194587
2985 4.29682e+20 -0.000679875
2984 4.28006e+20 -0.000681625
2983 4.27349e+20 -0.0014145
2982 4.30962e+20 0.00115037
2981 4.27955e+20 -0.0012435
2980 4.31112e+20 0.001461
2979 4.30068e+20 -0.00084725
2978 4.32356e+20 -0.000503875
2977 4.30965e+20 0.000593125
2976 4.31565e+20 0.0001115
2975 4.32669e+20 -0.00146287
2974 4.30422e+20 -0.0004605
2973 4.31164e+20 0.000468125
2972 4.31559e+20 0.0013355
2971 4.30498e+20 0.000574
2970 4.29952e+20 0.00044875
2969 4.33657e+20 -0.000740625
2968 4.32254e+20 -0.00050975
2967 4.29443e+20 -0.0001625
2966 4.35617e+20 -0.000253375
2965 4.29838e+20 0.000663125
2964 4.31855e+20 0.00085075
2963 4.32158e+20 -0.00027275
2962 4.34195e+20 -0.00102175
2961 4.32434e+20 0.0008295
2960 4.31779e+20 -4.1e-05
2959 4.3275e+20 -0.001587
2958 4.32666e+20 0.000249125
2957 4.35101e+20 7.775e-05
2956 4.3419e+20 -0.00122975
2955 4.3405e+20 -0.0001555
2954 4.36075e+20 -0.00010175
2953 4.34698e+20 -0.0016
2952 4.31827e+20 -0.00050075
2951 4.33188e+20 -0.000493
2950 4.34334e+20 -0.000935
2949 4.35617e+20 -0.00084275
2948 4.35789e+20 0.0014655
2947 4.33141e+20 -0.000700875
2946 4.34399e+20 0.00193837
2945 4.34873e+20 -0.00204038
2944 4.33969e+20 -0.00100263
2943 4.33439e+20 0.000202875
2942 4.34773e+20 8.0375e-05
2941 4.39434e+20 -0.000127375
2940 4.32899e+20 0.000838625
2939 4.38406e+20 0.000455875
2938 4.39644e+20 -0.0002605
2937 4.40104e+20 -0.0004055
2936 4.35286e+20 -0.00030925
2935 4.35044e+20 0.00177487
2934 4.34751e+20 0.00316138
2933 4.37138e+20 0.0018575
2932 4.36968e+20 -0.00024275
2931 4.3785e+20 -0.00213525
2930 4.3769e+20 0.00140025
2929 4.38269e+20 0.00013125
2928 4.36161e+20 -0.00113013
2927 4.36177e+20 -0.000464375
2926 4.39913e+20 0.000667875
2925 4.41832e+20 0.000873
2924 4.41335e+20 2.2e-05
2923 4.38734e+20 0.00086125
2922 4.38027e+20 -0.00211763
2921 4.3808e+20 -0.000877
2920 4.41195e+20 -0.00065375
2919 4.40099e+20 0.00075675
2918 4.39742e+20 -0.00055475
2917 4.36403e+20 7.25e-05
2916 4.39623e+20 -0.000241
2915 4.43029e+20 0.00028075
2914 4.41598e+20 0.00185012
2913 4.41216e+20 -0.00123813
2912 4.41199e+20 -0.00142563
2911 4.39728e+20 -0.000517125
2910 4.40578e+20 0.000385625
2909 4.39709e+20 0.0008235
2908 4.4232e+20 -0.00110487
2907 4.43136e+20 -0.00119075
2906 4.40356e+20 2.1875e-05
2905 4.40617e+20 0.00033125
2904 4.44208e+20 -0.000498875
2903 4.42322e+20 -0.0003205
2902 4.41577e+20 -0.000302375
2901 4.45004e+20 -0.000493375
2900 4.4218e+20 0.00116012
2899 4.41663e+20 0.000706
2898 4.41968e+20 0.00025375
2897 4.42663e+20 0.00160263
2896 4.43522e+20 -0.000712625
2895 4.42585e+20 -0.00042175
2894 4.44116e+20 -0.0004525
2893 4.45412e+20 0.0001085
2892 4.45022e+20 -3.875e-06
2891 4.43814e+20 0.00109913
2890 4.44382e+20 0.00103075
2889 4.43948e+20 0.00199925
2888 4.39306e+20 -0.0016175
2887 4.45516e+20 2.625e-05
2886 4.43397e+20 0.00161175
2885 4.42904e+20 6.2875e-05
2884 4.44405e+20 -0.00154062
2883 4.46461e+20 0.00037175
2882 4.47572e+20 4.5875e-05
2881 4.44124e+20 -0.00138038
2880 4.46112e+20 -0.000914625
2879 4.46965e+20 -0.00109
2878 4.48766e+20 0.00111662
2877 4.46501e+20 0.000844375
2876 4.43661e+20 -0.00208988
2875 4.46575e+20 0.00173313
2874 4.51336e+20 -0.00226675
2873 4.50449e+20 -0.000616
2872 4.48339e+20 0.00014275
2871 4.4638e+20 1.6625e-05
2870 4.48032e+20 -0.00056225
2869 4.48985e+20 -0.000498375
2868 4.47956e+20 0.0005415
2867 4.5023e+20 -0.00045825
2866 4.47481e+20 -0.000249875
2865 4.47775e+20 -0.000715
2864 4.4852e+20 -3.75e-06
2863 4.4861e+20 -0.000194375
2862 4.49934e+20 -0.000460875
2861 4.5038e+20 -0.00123562
2860 4.50425e+20 0.0002465
2859 4.50426e+20 -0.00140913
2858 4.49651e+20 0.00250313
2857 4.51002e+20 -1.75e-06
2856 4.54462e+20 8.55e-05
2855 4.48519e+20 0.0001225
2854 4.51834e+20 -0.000404625
2853 4.49454e+20 -0.00094125
2852 4.51294e+20 0.00055525
2851 4.5022e+20 0.000115875
2850 4.50391e+20 -0.00068375
2849 4.52749e+20 -0.000313875
2848 4.54111e+20 0.00068025
2847 4.52867e+20 2.5e-06
2846 4.4699e+20 0.002163
2845 4.50371e+20 0.00159063
2844 4.51465e+20 -0.000791
2843 4.52044e+20 0.000269
2842 4.52043e+20 0.000814375
2841 4.54592e+20 0.000240125
2840 4.5408e+20 0.000423625
2839 4.5066e+20 -0.00029375
2838 4.52563e+20 0.00046425
2837 4.55168e+20 -0.00146638
2836 4.55684e+20 -0.00048675
2835 4.53503e+20 -0.000436
2834 4.54452e+20 -0.000502125
2833 4.53796e+20 -0.00112863
2832 4.54792e+20 0.000649875
2831 4.50649e+20 0.00136838
2830 4.56718e+20 0.00203163
2829 4.5382e+20 -0.000451
2828 4.52162e+20 -0.00013525
2827 4.55811e+20 0.00104787
2826 4.58094e+20 0.00122288
2825 4.54056e+20 -0.00033975
2824 4.55848e+20 0.0004975
2823 4.56168e+20 0.00035
2822 4.5872e+20 3.275e-05
2821 4.57356e+20 0.00101962
2820 4.54951e+20 0.00055025
2819 4.5849e+20 0.000751375
2818 4.56588e+20 -0.0012775
2817 4.59229e+20 -0.000127875
2816 4.58199e+20 -0.000802
2815 4.58274e+20 0.00193137
2814 4.56521e+20 -0.00224562
2813 4.57946e+20 0.00156838
2812 4.59537e+20 0.000806875
2811 4.61877e+20 -0.00165288
2810 4.5812e+20 -0.00178375
2809 4.58399e+20 0.000913875
2808 4.58506e+20 0.00056275
2807 4.57329e+20 0.0021645
2806 4.56659e+20 0.000514375
2805 4.6024e+20 0.000444125
2804 4.62508e+20 0.00042625
2803 4.5828e+20 0.000956375
2802 4.5977e+20 0.000207875
2801 4.6012e+20 -0.000272875
2800 4.60274e+20 0.000195625
2799 4.59022e+20 0.00134388
2798 4.64159e+20 -0.000639375
2797 4.61682e+20 -0.00070425
2796 4.60349e+20 0.000159125
2795 4.62733e+20 -0.0007275
2794 4.62471e+20 -0.000616625
2793 4.60457e+20 -0.00057325
2792 4.6361e+20 0.00010375
2791 4.62656e+20 8.0625e-05
2790 4.65e+20 0.00042225
2789 4.61279e+20 -0.0003675
2788 4.62636e+20 0.00186988
2787 4.62819e+20 -0.000578375
2786 4.61683e+20 0.00194025
2785 4.62353e+20 0.00234913
2784 4.58279e+20 0.000701875
2783 4.60228e+20 0.00187412
2782 4.66179e+20 0.00088475
2781 4.61795e+20 -0.00217963
2780 4.60102e+20 0.00157313
2779 4.64376e+20 0.0005275
2778 4.65391e+20 -0.000679875
2777 4.63577e+20 -0.00188313
2776 4.63501e+20 -0.000970125
2775 4.68792e+20 -0.00147488
2774 4.62622e+20 -0.00120025
2773 4.65987e+20 0.000522625
2772 4.6635e+20 0.000443875
2771 4.66255e+20 -0.000735625
2770 4.65831e+20 0.00113712
2769 4.6549e+20 0.000955125
2768 4.64073e+20 -0.0003215
2767 4.67414e+20 0.00057125
2766 4.66613e+20 -0.0002445
2765 4.70296e+20 -0.0025775
2764 4.66944e+20 0.000587125
2763 4.67206e+20 -0.00086025
2762 4.65687e+20 0.0003125
2761 4.6745e+20 -0.00293912
2760 4.67533e+20 -0.000498
2759 4.68268e+20 0.0008805
2758 4.69338e+20 0.000620875
2757 4.69598e+20 0.00079525
2756 4.7021e+20 -0.000247875
2755 4.72567e+20 0.00161413
2754 4.67604e+20 0.000726
2753 4.69025e+20 -0.0018
2752 4.67955e+20 0.0014045
2751 4.7036e+20 -0.00161875
2750 4.65896e+20 -0.00090375
2749 4.68691e+20 0.00117725
2748 4.71275e+20 0.00140275
2747 4.70738e+20 0.00153425
2746 4.72265e+20 -9.625e-05
2745 4.70105e+20 -0.001684
2744 4.69038e+20 -0.000716125
2743 4.71542e+20 -0.000565625
2742 4.72866e+20 0.00112325
2741 4.71572e+20 0.000758625
2740 4.70011e+20 -0.000921
2739 4.72925e+20 -0.00028225
2738 4.69134e+20 0.00026425
2737 4.74319e+20 0.00207912
2736 4.73733e+20 0.00088975
2735 4.72833e+20 -0.00215238
2734 4.74605e+20 -0.00210225
2733 4.69495e+20 -0.001115
2732 4.72002e+20 -0.00123988
2731 4.72185e+20 -0.000397
2730 4.7255e+20 0.00096
2729 4.74821e+20 -0.000409
2728 4.7301e+20 -0.000894375
2727 4.72658e+20 -0.000376625
2726 4.70599e+20 0.000141
2725 4.71281e+20 -4.4e-05
2724 4.74896e+20 0.00050275
2723 4.75362e+20 0.00114862
2722 4.74854e+20 0.00054475
2721 4.73826e+20 4.8e-05
2720 4.74956e+20 0.000716
2719 4.77504e+20 -0.00122437
2718 4.75064e+20 -0.00039175
2717 4.74734e+20 -0.0015355
2716 4.7835e+20 0.000279875
2715 4.74116e+20 0.000736875
2714 4.72442e+20 0.000412125
2713 4.75399e+20 0.00069425
2712 4.80582e+20 0.0020965
2711 4.76743e+20 0.000209125
2710 4.76534e+20 -0.000489
2709 4.76579e+20 -0.00097875
2708 4.76326e+20 0.0003525
2707 4.75356e+20 0.00185437
2706 4.77332e+20 -0.001293
2705 4.77172e+20 -0.00119075
2704 4.79094e+20 -0.000758125
2703 4.76769e+20 -0.00022825
2702 4.79912e+20 -0.000120375
2701 4.77156e+20 0.00117288
2700 4.81206e+20 -0.00039075
2699 4.78317e+20 7.95e-05
2698 4.78306e+20 -0.0020915
2697 4.79706e+20 -0.000802
2696 4.78949e+20 0.00013025
2695 4.78535e+20 -0.0007815
2694 4.7964e+20 0.000103
2693 4.82218e+20 0.0005025
2692 4.81074e+20 -0.0032885
2691 4.81442e+20 0.00169375
2690 4.81947e+20 0.000573
2689 4.82083e+20 0.00013825
2688 4.83208e+20 0.00138412
2687 4.81197e+20 1.9625e-05
2686 4.7866e+20 0.00191075
2685 4.84939e+20 0.00043075
2684 4.82545e+20 -0.00041675
2683 4.82415e+20 -0.00223925
2682 4.83048e+20 -0.00249462
2681 4.81132e+20 -0.00064825
2680 4.85496e+20 -0.0002035
2679 4.82009e+20 0.0001355
2678 4.89063e+20 0.000351
2677 4.88465e+20 0.000610625
2676 4.8185e+20 -0.00016075
2675 4.83357e+20 0.000746625
2674 4.86808e+20 0.00063275
2673 4.85896e+20 0.000298875
2672 4.85897e+20 -1.975e-05
2671 4.84875e+20 -0.0002665
2670 4.85714e+20 -0.000411375
2669 4.86603e+20 -0.00016575
2668 4.86289e+20 -0.00191812
2667 4.89287e+20 -0.0003335
2666 4.82797e+20 0.0008395
2665 4.84821e+20 0.00149837
2664 4.85569e+20 0.00129075
2663 4.86382e+20 0.00101987
2662 4.85917e+20 -0.0005575
2661 4.85852e+20 -0.000698125
2660 4.87754e+20 0.00154325
2659 4.87514e+20 0.000420125
2658 4.86859e+20 -0.00033875
2657 4.84548e+20 -0.00045425
2656 4.8853e+20 8.0375e-05
2655 4.91041e+20 -0.0016705
2654 4.88756e+20 0.00029525
2653 4.88882e+20 -0.0011295
2652 4.89072e+20 -3.7e-05
2651 4.93047e+20 -0.00106875
2650 4.91278e+20 -0.00124163
2649 4.9165e+20 0.001937
2648 4.89016e+20 -0.00194575
2647 4.89374e+20 0.000461625
2646 4.88866e+20 0.00256612
2645 4.90216e+20 0.00026625
2644 4.9361e+20 0.00062125
2643 4.92768e+20 -9.875e-05
2642 4.89399e+20 0.0010945
2641 4.89203e+20 -0.001308
2640 4.95629e+20 0.000892375
2639 4.93201e+20 0.000673875
2638 4.90286e+20 0.00229888
2637 4.88136e+20 -0.00040675
2636 4.91452e+20 0.00125438
2635 4.93992e+20 0.000465125
2634 4.94774e+20 -0.000682125
2633 4.92261e+20 0.001409
2632 4.90496e+20 0.001539
2631 4.91118e+20 0.00036025
2630 4.92205e+20 -0.000114375
2629 4.93138e+20 -0.00058775
2628 4.9567e+20 0.000976875
2627 4.93422e+20 -0.000444625
2626 4.95237e+20 7.875e-05
2625 4.92016e+20 0.000454875
2624 4.93479e+20 -0.0008905
2623 4.96564e+20 -0.00116788
2622 4.96993e+20 -0.00137688
2621 4.95928e+20 6.3375e-05
2620 4.96286e+20 -0.00134362
2619 4.93339e+20 0.000945625
2618 4.93667e+20 0.000577625
2617 4.94857e+20 0.000953
2616 4.99389e+20 0.00174475
2615 4.93414e+20 -0.000412
2614 4.97224e+20 -0.00312938
2613 4.97182e+20 -0.00063725
2612 4.99802e+20 -0.00182362
2611 4.96862e+20 -0.00166763
2610 4.96736e+20 0.00018525
2609 4.97775e+20 0.00135688
2608 4.97373e+20 -0.00113275
2607 4.96666e+20 -0.00054175
2606 4.94242e+20 0.00277475
2605 5.0201e+20 -0.000337125
2604 4.9864e+20 0.00118637
2603 4.95027e+20 -0.001179
2602 4.99192e+20 0.00166712
2601 4.997e+20 -0.000158
2600 5.00367e+20 -0.00119838
2599 5.01219e+20 0.00164375
2598 4.99827e+20 -0.00015375
2597 5.02207e+20 0.000533
2596 5.01912e+20 -4.8125e-05
2595 5.00438e+20 0.0015595
2594 4.96767e+20 0.000444375
2593 5.03591e+20 0.00123775
2592 5.00095e+20 -0.00201738
2591 5.01526e+20 -0.000205125
2590 4.97696e+20 0.000907625
2589 5.00888e+20 0.00184375
2588 5.03211e+20 -0.00245087
2587 5.04044e+20 0.000489625
2586 5.03236e+20 0.000579125
2585 5.05102e+20 0.0005295
2584 5.02836e+20 -0.00051225
2583 5.03692e+20 0.00112612
2582 5.03038e+20 -0.002442
2581 5.04229e+20 0.000579
2580 5.0589e+20 -0.00164325
2579 5.03854e+20 -4.2125e-05
2578 5.06547e+20 0.0021625
2577 5.05868e+20 0.0010505
2576 5.06617e+20 0.00087275
2575 5.05565e+20 -0.000777875
2574 5.01096e+20 0.00149963
2573 5.0892e+20 0.00235975
2572 5.0838e+20 0.00036875
2571 5.06755e+20 -0.000915625
2570 5.06166e+20 -0.0008685
2569 5.06413e+20 -0.00114613
2568 5.04858e+20 0.000388125
2567 5.10843e+20 -0.000633875
2566 5.06938e+20 0.0015495
2565 5.06086e+20 -0.000255125
2564 5.10248e+20 -0.00065025
2563 5.09972e+20 0.00064675
2562 5.06682e+20 0.000897
2561 5.06936e+20 0.00151925
2560 5.08042e+20 0.00225225
2559 5.08618e+20 0.000372
2558 5.06607e+20 0.000758875
2557 5.10775e+20 0.001217
2556 5.11068e+20 0.000736375
2555 5.09876e+20 0.000811
2554 5.11388e+20 0.00112488
2553 5.09043e+20 0.000184875
2552 5.08388e+20 0.00121988
2551 5.10389e+20 -0.000641125
2550 5.12276e+20 0.00163175
2549 5.11005e+20 -0.000602625
2548 5.05064e+20 0.00100238
2547 5.1141e+20 -0.00145
2546 5.13928e+20 0.00086575
2545 5.10615e+20 -0.000392625
2544 5.11647e+20 1.2375e-05
2543 5.10929e+20 0.000157125
2542 5.0931e+20 -0.00275425
2541 5.1395e+20 -0.000205875
2540 5.14932e+20 -0.00027275
2539 5.13268e+20 0.000604375
2538 5.13618e+20 -0.00158712
2537 5.15598e+20 -0.0017125
2536 5.13258e+20 0.00229075
2535 5.13383e+20 0.00156013
2534 5.15836e+20 0.0001345
2533 5.12384e+20 0.00114862
2532 5.15363e+20 0.00186125
2531 5.1616e+20 -0.00126763
2530 5.14763e+20 -0.0029955
2529 5.14801e+20 0.000141875
2528 5.16617e+20 -0.00151063
2527 5.18434e+20 -0.001148
2526 5.18406e+20 -0.0021975
2525 5.18521e+20 -0.0012005
2524 5.17784e+20 -0.0009495
2523 5.17841e+20 0.0004185
2522 5.16136e+20 -0.00184312
2521 5.1592e+20 -0.000877
2520 5.15311e+20 0.00155013
2519 5.18861e+20 -0.000935875
2518 5.19395e+20 -0.0007055
2517 5.19522e+20 0.00057675
2516 5.16372e+20 0.001297
2515 5.20711e+20 -0.000417125
2514 5.16185e+20 -0.00135075
2513 5.21296e+20 0.000181
2512 5.17801e+20 0.00099675
2511 5.21113e+20 0.000152125
2510 5.21514e+20 -0.00108012
2509 5.20049e+20 -0.00055925
2508 5.26692e+20 0.00185738
2507 5.19101e+20 0.00111112
2506 5.21246e+20 0.000304625
2505 5.19266e+20 0.00137163
2504 5.23564e+20 0.000513625
2503 5.2321e+20 0.000636
2502 5.21878e+20 -0.00170412
2501 5.2222e+20 0.0012645
2500 5.23437e+20 0.00139113
2499 5.20258e+20 0.00202012
2498 5.20861e+20 -0.00172163
2497 5.21272e+20 0.000306125
2496 5.24841e+20 -0.00057325
2495 5.24109e+20 0.000162125
2494 5.29989e+20 0.00187488
2493 5.2518e+20 0.00150825
2492 5.24828e+20 -0.000342125
2491 5.26054e+20 -0.00113275
2490 5.26219e+20 -0.00110438
2489 5.22427e+20 0.00046675
2488 5.23696e+20 0.0004945
2487 5.27279e+20 -0.00054725
2486 5.2951e+20 0.00087875
2485 5.26748e+20 0.000325125
2484 5.24049e+20 0.00104275
2483 5.25292e+20 -0.00198862
2482 5.21966e+20 0.0007025
2481 5.29039e+20 0.0020095
2480 5.27329e+20 0.00361512
2479 5.2768e+20 -0.0010585
2478 5.26437e+20 0.00020425
2477 5.28163e+20 -0.000621125
2476 5.29612e+20 -0.00179075
2475 5.25688e+20 0.000135875
2474 5.29611e+20 -0.000174625
2473 5.30207e+20 0.00023775
2472 5.3423e+20 -0.000621
2471 5.29523e+20 -0.000607875
2470 5.32582e+20 0.00293312
2469 5.30048e+20 -4.2e-05
2468 5.28839e+20 -0.0010565
2467 5.26989e+20 0.000766
2466 5.30603e+20 -0.002052
2465 5.27819e+20 0.0013385
2464 5.31113e+20 0.00139025
2463 5.31152e+20 -0.000179875
2462 5.32675e+20 -0.00066375
2461 5.33076e+20 -0.000152875
2460 5.32241e+20 0.0010405
2459 5.29212e+20 -0.000730875
2458 5.30195e+20 -0.000483625
2457 5.3238e+20 0.000344875
2456 5.33045e+20 -0.00192388
2455 5.2887e+20 -0.00103437
2454 5.35116e+20 0.00132775
2453 5.33687e+20 0.000182125
2452 5.35028e+20 -0.0005735
2451 5.32905e+20 -0.0022485
2450 5.35529e+20 -0.00213675
2449 5.35123e+20 0.00204213
2448 5.34097e+20 -0.000943625
2447 5.36654e+20 0.00122862
2446 5.32335e+20 0.002287
2445 5.33756e+20 -0.000674625
2444 5.36205e+20 -9.575e-05
2443 5.35312e+20 -0.00109137
2442 5.37252e+20 -0.00104825
2441 5.34588e+20 -0.00227737
2440 5.40307e+20 -0.00270487
2439 5.34412e+20 -0.00018525
2438 5.33954e+20 0.000645625
2437 5.35514e+20 0.00123663
2436 5.36306e+20 -0.00111375
2435 5.36809e+20 0.00103175
2434 5.4076e+20 7.275e-05
2433 5.4048e+20 -0.000839
2432 5.36147e+20 -0.00254775
2431 5.37085e+20 7.2375e-05
2430 5.38473e+20 -0.000156625
2429 5.35896e+20 -0.000225
2428 5.39776e+20 -0.000918625
2427 5.35872e+20 0.000900375
2426 5.39526e+20 0.000204125
2425 5.42373e+20 0.00157512
2424 5.41173e+20 0.001276
2423 5.39417e+20 -0.00194225
2422 5.41595e+20 -0.00104513
2421 5.40825e+20 -0.00189988
2420 5.38176e+20 0.00149875
2419 5.38865e+20 8.425e-05
2418 5.40735e+20 -0.00058875
2417 5.41354e+20 5.3e-05
2416 5.40807e+20 0.00225312
2415 5.44776e+20 -0.00191113
2414 5.44856e+20 -3.75e-06
2413 5.47164e+20 -0.00053325
2412 5.4492e+20 4.8875e-05
2411 5.46654e+20 0.000166
2410 5.43973e+20 -0.00140275
2409 5.43382e+20 -0.000186625
2408 5.42308e+20 0.00141837
2407 5.43811e+20 0.00098725
2406 5.47568e+20 -0.00178787
2405 5.47843e+20 -0.0004035
2404 5.44319e+20 0.00134512
2403 5.44595e+20 -0.000588
2402 5.49862e+20 0.000175875
2401 5.42966e+20 -5.4125e-05
2400 5.4466e+20 -0.000803625
2399 5.47537e+20 0.00013925
2398 5.51612e+20 -0.000137
2397 5.50024e+20 -0.000410125
2396 5.47841e+20 -0.00143675
2395 5.48093e+20 -0.00110738
2394 5.45752e+20 -0.00197075
2393 5.48988e+20 0.00107037
2392 5.49585e+20 -0.00047675
2391 5.50879e+20 -0.00117037
2390 5.4703e+20 0.00034175
2389 5.48421e+20 0.000553625
2388 5.50226e+20 -0.000531375
2387 5.5043e+20 -0.00205962
2386 5.50874e+20 1.025e-05
2385 5.50601e+20 -0.00106938
2384 5.48012e+20 0.0001245
2383 5.47629e+20 -0.00181687
2382 5.53163e+20 0.000794125
2381 5.55572e+20 -0.00050675
2380 5.54813e+20 -0.000578625
2379 5.48495e+20 -0.0020585
2378 5.52912e+20 -0.000495625
2377 5.55588e+20 -0.00224475
2376 5.49663e+20 0.000331875
2375 5.56646e+20 -0.000905875
2374 5.58141e+20 0.00140663
2373 5.56708e+20 -0.000665875
2372 5.50633e+20 0.00055875
2371 5.59278e+20 -0.000766125
2370 5.58064e+20 0.00313862
2369 5.5855e+20 0.00097275
2368 5.55198e+20 -0.000749625
2367 5.52624e+20 6.375e-05
2366 5.56343e+20 -0.000634375
2365 5.56445e+20 -0.002198
2364 5.56599e+20 -0.000982
2363 5.56161e+20 -0.000121
2362 5.56639e+20 0.00196675
2361 5.56053e+20 0.000238375
2360 5.56821e+20 0.0010015
2359 5.60519e+20 -0.00031875
2358 5.61e+20 0.00144363
2357 5.6087e+20 -0.0003945
2356 5.57909e+20 0.00153163
2355 5.60573e+20 -0.00173575
2354 5.61157e+20 -0.000780125
2353 5.62381e+20 -0.00126025
2352 5.59023e+20 -0.00100125
2351 5.5955e+20 0.000493875
2350 5.60637e+20 -0.00114562
2349 5.62383e+20 -0.00116012
2348 5.58393e+20 -0.00208375
2347 5.63852e+20 -0.000974
2346 5.6331e+20 -0.00116963
2345 5.60429e+20 0.000444375
2344 5.59527e+20 -0.00378737
2343 5.61052e+20 -0.000383125
2342 5.61901e+20 -0.000424875
2341 5.61695e+20 0.00153737
2340 5.59103e+20 0.000822625
2339 5.65979e+20 0.00101738
2338 5.61544e+20 -0.000823875
2337 5.66299e+20 -0.001103
2336 5.62253e+20 0.00071725
2335 5.63753e+20 -0.00102625
2334 5.65272e+20 0.0024375
2333 5.65309e+20 0.00111462
2332 5.64553e+20 -0.0015585
2331 5.64837e+20 -0.0002055
2330 5.6249e+20 5.2875e-05
2329 5.66374e+20 -0.000415625
2328 5.61652e+20 0.00093575
2327 5.68497e+20 0.0003195
2326 5.66056e+20 0.00094975
2325 5.67152e+20 0.0002315
2324 5.6395e+20 0.00085775
2323 5.68132e+20 0.000953875
2322 5.72679e+20 0.000416125
2321 5.67166e+20 0.00186875
2320 5.74222e+20 -0.000147125
2319 5.65659e+20 -0.000506375
2318 5.72235e+20 -0.000652
2317 5.70345e+20 0.002059
2316 5.63202e+20 0.000233
2315 5.6811e+20 -9.4875e-05
2314 5.69704e+20 -0.000618
2313 5.70878e+20 0.000184125
2312 5.68674e+20 0.0001565
2311 5.696e+20 0.0001405
2310 5.69342e+20 -0.00021675
2309 5.74364e+20 0.0011675
2308 5.77486e+20 0.00164675
2307 5.72964e+20 -0.000986625
2306 5.71022e+20 0.000809625
2305 5.74336e+20 -0.000343
2304 5.74463e+20 -0.0012965
2303 5.76611e+20 -0.000719125
2302 5.73781e+20 -0.000328875
2301 5.71723e+20 0.000306375
2300 5.7548e+20 0.0001415
2299 5.74093e+20 0.00070925
2298 5.69433e+20 -0.00028125
2297 5.79577e+20 0.00238038
2296 5.74891e+20 0.00180112
2295 5.75672e+20 0.000281375
2294 5.76105e+20 0.000945625
2293 5.79387e+20 0.000205375
2292 5.72329e+20 -6.275e-05
2291 5.78027e+20 -0.000456375
2290 5.7337e+20 0.00158037
2289 5.74598e+20 -0.00198963
2288 5.81897e+20 -0.000375125
2287 5.76605e+20 -0.000630125
2286 5.77528e+20 -0.00033725
2285 5.79195e+20 0.000673625
2284 5.81888e+20 -0.00122313
2283 5.76553e+20 5.8e-05
2282 5.77795e+20 0.0012325
2281 5.7658e+20 0.000126375
2280 5.80444e+20 -0.00206875
2279 5.78096e+20 -0.000131
2278 5.7849e+20 1.9875e-05
2277 5.80526e+20 0.00133888
2276 5.83863e+20 0.00154688
2275 5.78081e+20 0.001674
2274 5.79855e+20 0.000343625
2273 5.83926e+20 -0.000714125
2272 5.84574e+20 -0.0012805
2271 5.81264e+20 0.002
2270 5.82735e+20 -0.0019325
2269 5.82887e+20 -0.00104838
2268 5.81542e+20 -0.00219225
2267 5.85471e+20 -0.00098825
2266 5.82856e+20 0.00178787
2265 5.86655e+20 0.000738
2264 5.8402e+20 8.6e-05
2263 5.83803e+20 -0.00168388
2262 5.83495e+20 0.000830875
2261 5.85089e+20 0.00090725
2260 5.8705e+20 -0.000926375
2259 5.86223e+20 -6.6375e-05
2258 5.83148e+20 -0.0001225
2257 5.84767e+20 -0.00011175
2256 5.84967e+20 -0.0007225
2255 5.82933e+20 0.000789
2254 5.87573e+20 -0.000353
2253 5.83916e+20 -0.000759375
2252 5.8612e+20 -0.000682875
2251 5.86787e+20 0.00183763
2250 5.9121e+20 -0.00153075
2249 5.91288e+20 -0.00027575
2248 5.87736e+20 -0.00148813
2247 5.91326e+20 -9.4e-05
2246 5.86708e+20 0.000741625
2245 5.90391e+20 0.000717125
2244 5.89472e+20 0.000592
2243 5.89304e+20 0.0007075
2242 5.9199e+20 -0.00073675
2241 5.91938e+20 0.000818875
2240 5.91097e+20 0.00111662
2239 5.91352e+20 0.00073825
2238 5.92187e+20 -0.00126113
2237 5.92235e+20 -0.000524
2236 5.94779e+20 -0.000163625
2235 5.94622e+20 -0.00213125
2234 5.9028e+20 0.00031575
2233 5.95929e+20 0.000695375
2232 5.91817e+20 -0.00166975
2231 5.94719e+20 0.000164375
2230 6.0033e+20 -0.00275187
2229 5.9321e+20 0.000558375
2228 5.93276e+20 0.0009105
2227 5.98715e+20 0.00199875
2226 5.93499e+20 0.00133788
2225 6.00134e+20 -0.000588
2224 5.92661e+20 0.0013655
2223 5.95101e+20 -0.000877
2222 5.99128e+20 -0.000465625
2221 5.97248e+20 0.0005455
2220 5.95435e+20 0.00132837
2219 5.9732e+20 0.00164925
2218 5.97368e+20 -0.000102875
2217 5.99387e+20 -9.5e-06
2216 5.95498e+20 -1.0875e-05
2215 6.01706e+20 -0.000182125
2214 5.97682e+20 0.0010425
2213 5.97605e+20 0.000334
2212 6.03841e+20 -0.000822875
2211 5.99759e+20 0.001013
2210 6.03274e+20 0.000790125
2209 6.01384e+20 -0.00204038
2208 6.04299e+20 -6.5e-05
2207 5.97535e+20 0.0005935
2206 6.02546e+20 -0.00121188
2205 6.0322e+20 0.00026525
2204 6.02355e+20 -9.5375e-05
2203 6.02971e+20 -0.00214937
2202 5.98892e+20 0.0005635
2201 6.01293e+20 -0.000436
2200 6.05802e+20 0.00108788
2199 6.00576e+20 0.00198125
2198 6.03604e+20 -0.000159875
2197 6.04294e+20 0.00263737
2196 6.03661e+20 -1.1875e-05
2195 6.05647e+20 -0.00145663
2194 6.08181e+20 0.00164313
2193 6.01025e+20 -0.000689375
2192 6.05102e+20 -0.000560875
2191 6.04478e+20 0.000259375
2190 6.06411e+20 0.00128262
2189 6.07647e+20 -0.000209875
2188 6.09671e+20 -0.001196
2187 6.06979e+20 -0.00118763
2186 6.08848e+20 0.00044725
2185 6.0877e+20 0.000721125
2184 6.07776e+20 0.00188325
2183 6.05622e+20 0.00151787
2182 6.0822e+20 0.00230812
2181 6.07144e+20 -0.00079925
2180 6.10208e+20 8.0625e-05
2179 6.06662e+20 -0.000585625
2178 6.09724e+20 -0.000779375
2177 6.08355e+20 -0.000136
2176 6.16103e+20 -0.00135038
2175 6.09561e+20 -0.00191438
2174 6.12639e+20 0.000805
2173 6.16268e+20 1.4625e-05
2172 6.16692e+20 -0.00085175
2171 6.1164e+20 -0.00103688
2170 6.13298e+20 0.00151687
2169 6.11983e+20 -0.00012275
2168 6.1474e+20 -0.00036825
2167 6.13687e+20 -0.00173625
2166 6.14761e+20 0.0002415
2165 6.15651e+20 0.000213125
2164 6.19494e+20 0.00162475
2163 6.18671e+20 -0.000427875
2162 6.13697e+20 -0.000616
2161 6.17404e+20 -0.00173438
2160 6.15918e+20 0.00076325
2159 6.15718e+20 -0.000802
2158 6.16372e+20 0.00104363
2157 6.17784e+20 0.00052925
2156 6.17122e+20 0.0012805
2155 6.17186e+20 0.000389125
2154 6.21089e+20 -0.00152925
2153 6.18882e+20 0.00055825
2152 6.16867e+20 -0.00156013
2151 6.16299e+20 -0.00139237
2150 6.17588e+20 0.00126113
2149 6.19634e+20 0.00112262
2148 6.19316e+20 0.002286
2147 6.18927e+20 0.000167125
2146 6.26153e+20 -0.001134
2145 6.18807e+20 -0.001141
2144 6.23222e+20 0.00033275
2143 6.25018e+20 -0.00059225
2142 6.20445e+20 -0.0002235
2141 6.20429e+20 -0.0002695
2140 6.25133e+20 0.000576
2139 6.2835e+20 -0.00110937
2138 6.22851e+20 -0.00020725
2137 6.29301e+20 0.000364375
2136 6.18054e+20 0.00055225
2135 6.24216e+20 -0.000579
2134 6.26082e+20 -0.000730375
2133 6.26313e+20 -0.00100525
2132 6.24679e+20 -0.00129675
2131 6.30211e+20 0.00225012
2130 6.21673e+20 -0.00131225
2129 6.304e+20 0.0009625
2128 6.22163e+20 0.00326725
2127 6.33089e+20 -0.00339075
2126 6.27589e+20 0.00013075
2125 6.28316e+20 0.0016715
2124 6.29126e+20 -0.0014185
2123 6.31378e+20 -0.00034975
2122 6.28611e+20 0.00010125
2121 6.29859e+20 -0.00177525
2120 6.32404e+20 -0.000152625
2119 6.33843e+20 0.000953625
2118 6.26168e+20 0.00064675
2117 6.32761e+20 0.0011665
2116 6.29337e+20 0.000224625
2115 6.3293e+20 0.000457125
2114 6.30236e+20 0.00085775
2113 6.31287e+20 0.0006815
2112 6.29581e+20 0.00073675
2111 6.34621e+20 -0.00118162
2110 6.39474e+20 -0.000828875
2109 6.29713e+20 0.000438
2108 6.35074e+20 -0.00132075
2107 6.35795e+20 -0.00130225
2106 6.39024e+20 5.625e-05
2105 6.38575e+20 -0.0003745
2104 6.33958e+20 0.002717
2103 6.32198e+20 0.000662
2102 6.3593e+20 -0.001667
2101 6.33582e+20 -0.000317125
2100 6.3677e+20 0.00146562
2099 6.38662e+20 0.001208
2098 6.40353e+20 0.000442125
2097 6.34401e+20 -0.0012695
2096 6.3418e+20 0.000214
2095 6.39185e+20 0.0007485
2094 6.39097e+20 -0.0004625
2093 6.35527e+20 -0.00104513
2092 6.42095e+20 -0.00093875
2091 6.39281e+20 0.0019435
2090 6.44389e+20 0.0002195
2089 6.35775e+20 0.0013415
2088 6.41279e+20 -0.000236625
2087 6.37797e+20 0.000564125
2086 6.38763e+20 -0.001529
2085 6.42142e+20 -0.000640875
2084 6.41947e+20 -0.002213
2083 6.4556e+20 0.00124012
2082 6.41028e+20 0.0012395
2081 6.46032e+20 -0.00238438
2080 6.43932e+20 -0.0002555
2079 6.42562e+20 -0.0003765
2078 6.47158e+20 -0.00042725
2077 6.43992e+20 0.00132187
2076 6.45936e+20 -0.000922
2075 6.44274e+20 0.00096125
2074 6.47787e+20 0.000184125
2073 6.44774e+20 -0.000999375
2072 6.45782e+20 -0.000941375
2071 6.48878e+20 0.00119487
2070 6.41794e+20 -3.2125e-05
2069 6.47304e+20 0.0007155
2068 6.47401e+20 0.00164737
2067 6.47879e+20 -9.4375e-05
2066 6.49666e+20 -0.000689125
2065 6.48397e+20 0.001459
2064 6.50912e+20 0.0014625
2063 6.46851e+20 0.000173875
2062 6.49904e+20 0.000174
2061 6.49305e+20 -0.00340775
2060 6.52858e+20 0.00042375
2059 6.54381e+20 0.000552375
2058 6.54863e+20 0.00266825
2057 6.54213e+20 0.000374
2056 6.51043e+20 -0.00036825
2055 6.53478e+20 -0.000415875
2054 6.53351e+20 -0.00111738
2053 6.52393e+20 0.00083275
2052 6.53553e+20 0.001527
2051 6.55547e+20 0.00258688
2050 6.52093e+20 -0.000959625
2049 6.53756e+20 0.0007595
2048 6.56852e+20 -0.00114537
2047 6.59984e+20 -0.00148575
2046 6.57496e+20 0.0005225
2045 6.57339e+20 -0.0004035
2044 6.55632e+20 8.575e-05
2043 6.59507e+20 -0.00109187
2042 6.59258e+20 -0.000935
2041 6.58526e+20 0.0003335
2040 6.57725e+20 -0.00019475
2039 6.64659e+20 0.000736875
2038 6.60423e+20 0.000507875
2037 6.56537e+20 -0.00156788
2036 6.6211e+20 0.000397125
2035 6.60019e+20 -0.000143
2034 6.57552e+20 0.000541375
2033 6.61266e+20 -0.00019425
2032 6.60309e+20 -0.0001925
2031 6.62929e+20 -0.000298875
2030 6.67267e+20 0.001562
2029 6.601e+20 7.7125e-05
2028 6.62261e+20 0.00074275
2027 6.64672e+20 3.1625e-05
2026 6.62933e+20 0.000529
2025 6.63492e+20 0.00222038
2024 6.6589e+20 0.00101613
2023 6.61334e+20 -0.0002365
2022 6.69965e+20 -3.3375e-05
2021 6.66184e+20 -0.000966625
2020 6.64067e+20 0.000889375
2019 6.63391e+20 -4.65e-05
2018 6.6739e+20 0.000692625
2017 6.68765e+20 0.000509
2016 6.6184e+20 -0.00278512
2015 6.67049e+20 0.0019005
2014 6.66466e+20 0.0003515
2013 6.6579e+20 -0.000309875
2012 6.67083e+20 -0.00158375
2011 6.65959e+20 -0.00102112
2010 6.69834e+20 -0.00014975
2009 6.7744e+20 0.0016595
2008 6.70976e+20 -0.00302487
2007 6.70643e+20 0.0024925
2006 6.73084e+20 0.000731
2005 6.69515e+20 -0.0003135
2004 6.7115e+20 0.000625875
2003 6.67758e+20 0.00058175
2002 6.72702e+20 -0.000818
2001 6.74876e+20 0.00298013
2000 6.73426e+20 -0.000604875
1999 6.78202e+20 -0.00163775
1998 6.71945e+20 -0.000663625
1997 6.77592e+20 0.000911875
1996 6.75964e+20 -0.00088425
1995 6.74552e+20 -0.00205225
1994 6.7321e+20 0.000483
1993 6.76053e+20 0.00059375
1992 6.7452e+20 0.0020755
1991 6.70528e+20 3.2125e-05
1990 6.77686e+20 0.00151012
1989 6.7495e+20 -0.000667625
1988 6.80903e+20 -0.000243125
1987 6.7848e+20 0.0001055
1986 6.7882e+20 0.001751
1985 6.78152e+20 0.00018275
1984 6.76726e+20 -0.00127637
1983 6.78849e+20 -0.000281
1982 6.77645e+20 0.00039
1981 6.83823e+20 -4.0875e-05
1980 6.82897e+20 0.00182975
1979 6.86017e+20 0.00223388
1978 6.79024e+20 0.000613875
1977 6.81942e+20 -0.000461625
1976 6.82207e+20 -0.000421
1975 6.87901e+20 -7.6625e-05
1974 6.80127e+20 -0.000474375
1973 6.83144e+20 0.00072575
1972 6.83529e+20 0.000877625
1971 6.83787e+20 0.0004905
1970 6.83296e+20 -0.0006545
1969 6.88992e+20 0.00011575
1968 6.88298e+20 0.00164013
1967 6.8608e+20 0.000420125
1966 6.8849e+20 0.00230475
1965 6.90348e+20 -0.00021725
1964 6.87728e+20 9.025e-05
1963 6.86122e+20 0.000503875
1962 6.8194e+20 -0.000174125
1961 6.87322e+20 0.00175225
1960 6.89162e+20 0.000339875
1959 6.84103e+20 -0.00039975
1958 6.89987e+20 0.000825125
1957 6.90595e+20 -0.000638875
1956 6.88253e+20 -0.00147075
1955 6.90538e+20 0.00320187
1954 6.91135e+20 0.00042725
1953 6.9407e+20 -0.001242
1952 6.92371e+20 0.0003885
1951 6.97179e+20 -0.0011975
1950 6.92956e+20 0.000925375
1949 6.92916e+20 0.00138788
1948 6.94917e+20 -0.000428375
1947 6.91685e+20 0.000167625
1946 6.98229e+20 0.000416375
1945 7.00207e+20 9.7125e-05
1944 6.99005e+20 -5.425e-05
1943 6.99302e+20 -0.00138887
1942 6.95992e+20 0.0013725
1941 6.96852e+20 0.00014325
1940 6.99713e+20 0.0007725
1939 7.01512e+20 -0.0004805
1938 6.92239e+20 0.000117875
1937 6.97998e+20 0.000432
1936 6.97749e+20 -0.0008755
1935 7.02016e+20 -0.0013305
1934 6.98314e+20 0.0014265
1933 6.99122e+20 -0.00041275
1932 7.02362e+20 0.00113587
1931 7.03413e+20 -0.00152063
1930 7.00345e+20 0.000714875
1929 7.01502e+20 -0.001606
1928 7.02227e+20 0.000344125
1927 7.01741e+20 -0.000235375
1926 7.00212e+20 -0.00153038
1925 7.04168e+20 0.00298775
1924 7.07414e+20 -0.000873
1923 7.04489e+20 -0.00115675
1922 7.06677e+20 -0.00057575
1921 7.05557e+20 0.0001255
1920 6.99005e+20 -0.000809875
1919 7.00841e+20 0.00020425
1918 7.06311e+20 0.000553375
1917 7.13684e+20 -0.000500125
1916 7.07778e+20 -0.00048825
1915 7.04805e+20 0.00282313
1914 7.07171e+20 0.0021005
1913 7.11399e+20 0.00047725
1912 7.07191e+20 -0.00025325
1911 7.09765e+20 -0.00262825
1910 7.13441e+20 0.00108675
1909 7.11457e+20 0.00043125
1908 7.11811e+20 -0.00104562
1907 7.10935e+20 -0.00027375
1906 7.09813e+20 0.000364375
1905 7.13408e+20 -0.000313
1904 7.12667e+20 0.00113887
1903 7.13348e+20 -0.00172575
1902 7.16522e+20 -0.000498625
1901 7.15279e+20 0.001282
1900 7.13548e+20 -3.225e-05
1899 7.1405e+20 0.000943625
1898 7.17688e+20 -0.00125738
1897 7.16837e+20 0.000379875
1896 7.19237e+20 -0.00106675
1895 7.13084e+20 0.00178462
1894 7.19042e+20 0.00120013
1893 7.18773e+20 0.0015185
1892 7.2057e+20 -0.000547625
1891 7.18918e+20 -0.00155525
1890 7.19496e+20 0.0009865
1889 7.18669e+20 -0.000820875
1888 7.19513e+20 -0.000628125
1887 7.24583e+20 -0.000776375
1886 7.12463e+20 -0.000625625
1885 7.1891e+20 -0.000544375
1884 7.20868e+20 0.000992625
1883 7.19322e+20 0.000607375
1882 7.21366e+20 0.00114112
1881 7.23391e+20 0.00105963
1880 7.26359e+20 -0.000255
1879 7.27208e+20 -0.000592
1878 7.27869e+20 0.000437125
1877 7.21789e+20 -0.000707625
1876 7.1953e+20 -0.0006815
1875 7.27288e+20 -0.00083175
1874 7.21892e+20 0.000556625
1873 7.26666e+20 0.00108463
1872 7.26845e+20 0.00019825
1871 7.28086e+20 -0.00184388
1870 7.30782e+20 0.000164875
1869 7.25174e+20 -7.175e-05
1868 7.29187e+20 -0.00137237
1867 7.30797e+20 0.000824125
1866 7.29872e+20 -0.000272375
1865 7.29915e+20 0.00103663
1864 7.30106e+20 -0.000389875
1863 7.35383e+20 -0.0007935
1862 7.35614e+20 -0.00158125
1861 7.30838e+20 -0.000836
1860 7.37105e+20 -0.000477625
1859 7.35983e+20 0.00078775
1858 7.33929e+20 0.000779875
1857 7.35104e+20 -8.75e-06
1856 7.35763e+20 -6.3e-05
1855 7.31298e+20 0.00152075
1854 7.35609e+20 -0.00159575
1853 7.35141e+20 -4.6875e-05
1852 7.35775e+20 0.0013555
1851 7.3579e+20 0.00146587
1850 7.41312e+20 -5.7625e-05
1849 7.39886e+20 0.000867125
1848 7.40613e+20 0.00178663
1847 7.42734e+20 -0.001266
1846 7.40309e+20 0.0012175
1845 7.42568e+20 -0.000989375
1844 7.38908e+20 0.00151937
1843 7.38868e+20 0.000250375
1842 7.40457e+20 0.00134362
1841 7.38693e+20 -0.000637
1840 7.38376e+20 0.0021025
1839 7.43407e+20 -0.000320125
1838 7.41787e+20 0.000933
1837 7.45233e+20 -0.00113075
1836 7.4995e+20 -0.000174125
1835 7.43535e+20 0.00026175
1834 7.45939e+20 0.00220237
1833 7.42369e+20 0.0017985
1832 7.4635e+20 0.00111825
1831 7.45694e+20 -0.00126538
1830 7.41437e+20 6.2625e-05
1829 7.48332e+20 0.000578125
1828 7.46258e+20 -0.000292625
1827 7.45498e+20 0.000625875
1826 7.42688e+20 -0.000720875
1825 7.49707e+20 -0.0005115
1824 7.48393e+20 0.00208325
1823 7.52564e+20 0.00029475
1822 7.50828e+20 0.00131037
1821 7.50409e+20 0.00041825
1820 7.54816e+20 -0.00115663
1819 7.52694e+20 -0.00228075
1818 7.54799e+20 0.000795875
1817 7.50767e+20 -0.000555125
1816 7.51487e+20 -0.000772
1815 7.52079e+20 0.00117075
1814 7.55705e+20 0.00329437
1813 7.52825e+20 -0.000962625
1812 7.59072e+20 -0.000305125
1811 7.49815e+20 0.000878375
1810 7.61192e+20 0.00015275
1809 7.58909e+20 0.000351875
1808 7.58142e+20 -0.0013125
1807 7.60039e+20 -0.00120587
1806 7.62632e+20 6.2375e-05
1805 7.62157e+20 -0.000712375
1804 7.65043e+20 -0.00055475
1803 7.63164e+20 -0.000631125
1802 7.581e+20 -0.00127962
1801 7.59076e+20 -0.00030475
1800 7.62038e+20 0.001202
1799 7.64575e+20 0.000103875
1798 7.63278e+20 -0.00160588
1797 7.62808e+20 0.000714375
1796 7.6568e+20 -0.000153625
1795 7.62372e+20 -0.00090025
1794 7.65548e+20 0.000908125
1793 7.66068e+20 -0.0008925
1792 7.64382e+20 0.000503
1791 7.66618e+20 0.00246713
1790 7.65231e+20 -0.00117625
1789 7.72241e+20 -0.00072625
1788 7.65986e+20 0.000477375
1787 7.65469e+20 0.000832375
1786 7.74116e+20 -0.00255288
1785 7.6542e+20 -0.000381
1784 7.74195e+20 0.0003995
1783 7.74056e+20 0.000575875
1782 7.6859e+20 -0.000705375
1781 7.69264e+20 -0.000253125
1780 7.69083e+20 0.000860375
1779 7.7544e+20 0.000629875
1778 7.73009e+20 -0.0007695
1777 7.72136e+20 -0.00072475
1776 7.74229e+20 -0.000202875
1775 7.6895e+20 -0.00066975
1774 7.74116e+20 -0.000210875
1773 7.75266e+20 -9.7375e-05
1772 7.79279e+20 -0.00042625
1771 7.77339e+20 0.000173375
1770 7.81131e+20 -0.00164875
1769 7.77582e+20 -0.000241375
1768 7.82003e+20 8.8875e-05
1767 7.83318e+20 -0.000860875
1766 7.72691e+20 -0.000783375
1765 7.80682e+20 -0.000455875
1764 7.78258e+20 0.000862375
1763 7.80149e+20 0.000666125
1762 7.81168e+20 0.00075025
1761 7.78251e+20 0.000657
1760 7.85003e+20 8.55e-05
1759 7.78389e+20 0.000814625
1758 7.85049e+20 0.000455125
1757 7.82564e+20 0.001751
1756 7.87727e+20 -0.0023295
1755 7.86495e+20 0.000885125
1754 7.90456e+20 0.00321563
1753 7.90287e+20 0.0013225
1752 7.83268e+20 0.00053675
1751 7.88048e+20 0.0011945
1750 7.91583e+20 -0.00176588
1749 7.87231e+20 0.0003435
1748 7.82244e+20 -0.00136338
1747 7.84989e+20 0.000749375
1746 7.86104e+20 0.0005185
1745 7.91877e+20 0.001333
1744 7.89473e+20 -0.00041825
1743 7.89108e+20 -1.325e-05
1742 7.91507e+20 0.00142662
1741 7.92683e+20 -0.000306
1740 7.891e+20 0.000312
1739 7.90671e+20 0.00093575
1738 7.95408e+20 0.000109375
1737 7.94681e+20 0.00161912
1736 7.95001e+20 -0.00158062
1735 7.97792e+20 0.000750375
1734 7.94712e+20 -0.0006995
1733 7.95236e+20 0.000847
1732 7.93735e+20 0.00145587
1731 7.97584e+20 0.0016715
1730 7.99842e+20 0.0010065
1729 8.04207e+20 -0.00129
1728 7.97584e+20 4.6875e-05
1727 7.96149e+20 -0.00190438
1726 8.05139e+20 0.002416
1725 8.00097e+20 -0.00103175
1724 8.09337e+20 -0.0004565
1723 8.04093e+20 0.00139762
1722 8.00521e+20 -0.000287625
1721 8.01895e+20 0.00179825
1720 8.0138e+20 -0.0015885
1719 8.02273e+20 0.00168413
1718 8.12e+20 -0.00062725
1717 8.08577e+20 0.000977
1716 8.08272e+20 0.00121387
1715 8.09994e+20 0.00063625
1714 8.1328e+20 0.00085075
1713 8.08598e+20 0.00246063
1712 8.04493e+20 0.00153663
1711 8.05064e+20 -0.000841625
1710 8.01619e+20 0.000965125
1709 8.08101e+20 -0.00140438
1708 8.09715e+20 -0.00104562
1707 8.12578e+20 0.000335625
1706 8.17467e+20 -0.000975
1705 8.13662e+20 0.00177775
1704 8.12994e+20 0.00086675
1703 8.16092e+20 0.000826375
1702 8.1845e+20 -0.000496625
1701 8.11501e+20 -0.00143487
1700 8.11814e+20 9.3375e-05
1699 8.12503e+20 0.000365125
1698 8.15598e+20 -7.175e-05
1697 8.18851e+20 -0.00119388
1696 8.15692e+20 -0.0010765
1695 8.21633e+20 0.000357625
1694 8.12893e+20 -0.000904875
1693 8.16686e+20 0.000229375
1692 8.16902e+20 0.00221525
1691 8.18675e+20 -0.000158
1690 8.19285e+20 0.0011745
1689 8.15964e+20 -0.000705375
1688 8.16481e+20 0.000741
1687 8.27147e+20 -0.000771625
1686 8.2377e+20 -0.00139025
1685 8.16415e+20 -0.00162262
1684 8.20235e+20 -3.4e-05
1683 8.26609e+20 -0.00241087
1682 8.28897e+20 1.2e-05
1681 8.20068e+20 -0.000464375
1680 8.20926e+20 -0.00160625
1679 8.25761e+20 0.001509
1678 8.28525e+20 -0.0016115
1677 8.27407e+20 0.00061625
1676 8.33324e+20 0.00170125
1675 8.34762e+20 4.525e-05
1674 8.32473e+20 0.00144812
1673 8.3251e+20 0.00322237
1672 8.23857e+20 0.00118625
1671 8.31992e+20 -0.001337
1670 8.33333e+20 -0.00122175
1669 8.32062e+20 -0.00100413
1668 8.34418e+20 0.00128375
1667 8.35504e+20 -0.00243988
1666 8.3223e+20 -0.00191337
1665 8.32749e+20 -0.00212337
1664 8.38551e+20 -0.002004
1663 8.31074e+20 -0.000542125
1662 8.36423e+20 0.00112838
1661 8.40073e+20 -0.00024025
1660 8.36843e+20 -0.00104825
1659 8.3518e+20 5.95e-05
1658 8.38652e+20 0.0007635
1657 8.40077e+20 -0.00179412
1656 8.3913e+20 -0.000289375
1655 8.39292e+20 0.00156212
1654 8.46972e+20 -0.000289625
1653 8.43474e+20 -0.00027525
1652 8.43271e+20 -0.001556
1651 8.47096e+20 0.000731
1650 8.46648e+20 0.00205463
1649 8.4808e+20 0.000742125
1648 8.40812e+20 0.0006625
1647 8.46202e+20 0.000391
1646 8.52066e+20 -0.0007935
1645 8.47942e+20 -0.00146287
1644 8.45108e+20 0.00120825
1643 8.46766e+20 0.000761375
1642 8.54285e+20 0.00089625
1641 8.497e+20 0.00244238
1640 8.524e+20 -0.0006385
1639 8.55057e+20 -0.0005195
1638 8.53844e+20 0.00143863
1637 8.50008e+20 -0.00161787
1636 8.53437e+20 -0.00058125
1635 8.54973e+20 9e-05
1634 8.57046e+20 0.000908
1633 8.47096e+20 -0.00161762
1632 8.64595e+20 -0.00169013
1631 8.52907e+20 -0.001243
1630 8.52033e+20 0.00233075
1629 8.58496e+20 0.0002575
1628 8.60338e+20 0.00146075
1627 8.55789e+20 -0.000755
1626 8.63214e+20 -0.000644875
1625 8.57612e+20 0.000529
1624 8.57417e+20 0.000145
1623 8.57349e+20 -0.00174662
1622 8.66382e+20 0.002491
1621 8.58907e+20 -0.00110575
1620 8.61085e+20 0.002093
1619 8.67339e+20 -0.00133238
1618 8.64497e+20 -0.00185738
1617 8.67194e+20 -0.000172
1616 8.66598e+20 0.00213687
1615 8.63435e+20 -0.0009805
1614 8.69656e+20 -0.00209875
1613 8.69682e+20 0.00031975
1612 8.62748e+20 3.75e-06
1611 8.67425e+20 0.00173638
1610 8.71141e+20 0.001657
1609 8.63272e+20 -0.0024335
1608 8.76612e+20 0.000947625
1607 8.75354e+20 -0.000675625
1606 8.67419e+20 -0.001074
1605 8.74021e+20 -0.000613875
1604 8.76161e+20 0.00092325
1603 8.74123e+20 -0.00195
1602 8.7523e+20 -0.00016975
1601 8.74431e+20 0.001576
1600 8.8065e+20 0.0017205
1599 8.79476e+20 -0.00252937
1598 8.8051e+20 0.000267875
1597 8.74392e+20 -0.000961
1596 8.72373e+20 0.00158225
1595 8.81285e+20 -0.001394
1594 8.81956e+20 -0.00239163
1593 8.8245e+20 -0.00100825
1592 8.77591e+20 0.000776
1591 8.80167e+20 -0.000266375
1590 8.86653e+20 -0.00147513
1589 8.84435e+20 0.000869
1588 8.86967e+20 0.000179125
1587 8.87434e+20 -0.00119787
1586 8.83528e+20 -0.00145663
1585 8.81801e+20 -0.0012825
1584 8.93978e+20 0.00135662
1583 8.91358e+20 -0.00212838
1582 8.88878e+20 -0.00252412
1581 8.85716e+20 -0.0016245
1580 8.86107e+20 -0.000702125
1579 8.86994e+20 -0.00019525
1578 8.88564e+20 -0.001016
1577 8.91047e+20 -0.000410125
1576 8.95578e+20 0.002016
1575 8.87275e+20 0.000407875
1574 8.90807e+20 0.00108788
1573 8.97791e+20 -0.000901625
1572 8.92661e+20 -9.6e-05
1571 8.9769e+20 0.00212363
1570 9.00437e+20 0.000334625
1569 8.92894e+20 -0.000834875
1568 9.00702e+20 -0.00203975
1567 8.99611e+20 0.000256625
1566 8.99119e+20 0.000411
1565 8.90495e+20 0.00122613
1564 9.02277e+20 0.000779625
1563 9.01567e+20 -0.00172437
1562 9.02123e+20 -0.00153363
1561 9.06083e+20 -0.00026075
1560 8.97385e+20 -0.000376625
1559 9.04689e+20 0.00058975
1558 9.0679e+20 0.000947
1557 9.09537e+20 -0.00055225
1556 9.06571e+20 0.00130025
1555 9.00377e+20 -0.00014375
1554 9.09335e+20 -0.0003585
1553 9.11041e+20 0.000808625
1552 9.14388e+20 0.00293325
1551 9.06965e+20 -0.0016645
1550 9.14792e+20 0.00220738
1549 9.08165e+20 0.000415125
1548 9.18551e+20 -0.002106
1547 9.1574e+20 0.00130675
1546 9.08264e+20 -0.00238163
1545 9.11478e+20 0.00103225
1544 9.13918e+20 0.000924625
1543 9.16278e+20 -0.00103812
1542 9.20022e+20 0.00183
1541 9.19e+20 0.00146163
1540 9.1562e+20 -0.000145
1539 9.1729e+20 -0.00047875
1538 9.19679e+20 -0.000455
1537 9.24093e+20 -0.000572625
1536 9.23125e+20 -0.000587875
1535 9.21356e+20 0.000928625
1534 9.20546e+20 0.000669875
1533 9.25629e+20 -0.000586125
1532 9.2356e+20 -0.00019525
1531 9.27377e+20 0.0010475
1530 9.16426e+20 0.00105725
1529 9.26233e+20 -0.00394225
1528 9.22183e+20 -0.0003775
1527 9.29274e+20 0.0004955
1526 9.24929e+20 -0.0002675
1525 9.25781e+20 -9.35e-05
1524 9.28561e+20 -0.00172138
1523 9.30315e+20 -0.00283112
1522 9.27617e+20 -0.0003465
1521 9.31331e+20 0.00241612
1520 9.24354e+20 6.525e-05
1519 9.27724e+20 0.00185312
1518 9.28955e+20 0.00024375
1517 9.33791e+20 -0.00215888
1516 9.33279e+20 0.00126913
1515 9.36325e+20 -0.000981875
1514 9.35444e+20 -5.25e-06
1513 9.40035e+20 0.0001225
1512 9.35857e+20 -0.00050675
1511 9.40449e+20 -0.001008
1510 9.35376e+20 -0.00101913
1509 9.47613e+20 0.00123
1508 9.373e+20 -0.000310125
1507 9.36155e+20 -0.00169125
1506 9.41242e+20 0.00131125
1505 9.41648e+20 -0.00077925
1504 9.46315e+20 0.000351125
1503 9.46355e+20 0.0004975
1502 9.41537e+20 0.000102375
1501 9.52583e+20 -0.00148387
1500 9.43917e+20 -0.000733
1499 9.5143e+20 0.00275075
1498 9.46375e+20 0.00192675
1497 9.48209e+20 0.000992625
1496 9.53552e+20 0.002844
1495 9.53315e+20 -0.00051
1494 9.50365e+20 -0.000293
1493 9.57658e+20 4.1875e-05
1492 9.49897e+20 0.00187562
1491 9.53587e+20 -0.000969375
1490 9.49727e+20 -0.000391125
1489 9.5634e+20 0.000547
1488 9.55931e+20 0.00114725
1487 9.55832e+20 0.00209562
1486 9.58742e+20 0.000558125
1485 9.54717e+20 -0.00211413
1484 9.58285e+20 -0.00098375
1483 9.56333e+20 1.4375e-05
1482 9.65418e+20 -0.00058275
1481 9.61857e+20 0.00152812
1480 9.66102e+20 -0.00032575
1479 9.59242e+20 0.000953625
1478 9.59458e+20 -0.000910125
1477 9.72257e+20 0.00141263
1476 9.68304e+20 -0.00081025
1475 9.62963e+20 -0.00104875
1474 9.61906e+20 -0.00010425
1473 9.69439e+20 0.00088325
1472 9.70012e+20 -0.000862875
1471 9.71084e+20 0.000644375
1470 9.64508e+20 -0.00120538
1469 9.73864e+20 -0.00128962
1468 9.71584e+20 -0.00202637
1467 9.80879e+20 0.0013135
1466 9.70477e+20 0.00103525
1465 9.7411e+20 0.000859
1464 9.83403e+20 -0.00158263
1463 9.72054e+20 -0.00158712
1462 9.72128e+20 0.00101063
1461 9.76962e+20 0.00208725
1460 9.79534e+20 -0.00158775
1459 9.83397e+20 0.0013905
1458 9.84303e+20 -0.00077975
1457 9.75321e+20 0.000160625
1456 9.81986e+20 0.0001895
1455 9.81585e+20 -0.00182138
1454 9.79059e+20 -0.000434
1453 9.93029e+20 -0.00183687
1452 9.81968e+20 -0.00220487
1451 9.91222e+20 0.00161287
1450 9.87368e+20 0.000210875
1449 9.83045e+20 -0.000472625
1448 9.97055e+20 7.1e-05
1447 9.92548e+20 -0.000433
1446 9.90925e+20 0.00136413
1445 9.95144e+20 0.00131387
1444 9.85249e+20 -0.001141
1443 9.90094e+20 0.001308
1442 9.9283e+20 -0.000701875
1441 9.90903e+20 -0.000625
1440 9.8858e+20 0.0019525
1439 9.94788e+20 -0.00040475
1438 9.94707e+20 0.000557625
1437 9.986e+20 -0.0010685
1436 1.00156e+21 -0.00215675
1435 1.00587e+21 -0.000705375
1434 9.99274e+20 0.000264625
1433 1.00244e+21 0.00068875
1432 9.95158e+20 4.4875e-05
1431 1.00474e+21 0.0012175
1430 1.00491e+21 -0.00201637
1429 1.00529e+21 -2.55e-05
1428 9.98486e+20 -0.0014905
1427 1.00947e+21 0.000947125
1426 1.00231e+21 -0.00128437
1425 1.0107e+21 -6.9375e-05
1424 1.00435e+21 0.00190463
1423 1.00953e+21 0.00113587
1422 1.00475e+21 -0.002111
1421 1.01008e+21 0.000121125
1420 1.01548e+21 -0.000496625
1419 1.01443e+21 0.00149537
1418 1.00904e+21 0.000266
1417 1.0222e+21 -0.00021975
1416 1.01089e+21 -0.000550875
1415 1.01745e+21 -0.00059225
1414 1.01475e+21 -0.000885375
1413 1.02204e+21 -0.00131075
1412 1.0211e+21 0.000131625
1411 1.02361e+21 -0.000409875
1410 1.02021e+21 0.000800375
1409 1.02778e+21 -0.00129137
1408 1.02343e+21 0.00142137
1407 1.02643e+21 -0.00083875
1406 1.02566e+21 0.00123463
1405 1.028e+21 0.000171625
1404 1.02868e+21 9.2875e-05
1403 1.02697e+21 -0.00189862
1402 1.02441e+21 -0.000569625
1401 1.03178e+21 0.00227413
1400 1.03373e+21 -0.00119688
1399 1.03305e+21 -0.00138025
1398 1.03502e+21 0.000106625
1397 1.03362e+21 0.00101213
1396 1.02375e+21 -0.000988375
1395 1.03591e+21 0.0002195
1394 1.0316e+21 0.000167375
1393 1.03102e+21 -0.00116862
1392 1.03549e+21 -0.00025875
1391 1.04291e+21 -0.000460625
1390 1.04379e+21 -0.001277
1389 1.03558e+21 -0.000598875
1388 1.04306e+21 0.00179163
1387 1.04751e+21 0.0004955
1386 1.0416e+21 -0.000179125
1385 1.04154e+21 -0.000611625
1384 1.04577e+21 0.0004695
1383 1.03961e+21 0.000242
1382 1.04452e+21 -0.00242163
1381 1.05137e+21 -0.001163
1380 1.04085e+21 -0.000382375
1379 1.04625e+21 0.00142962
1378 1.04954e+21 0.000437875
1377 1.04717e+21 0.00085425
1376 1.05271e+21 -0.000956625
1375 1.05236e+21 0.000963375
1374 1.05937e+21 0.00108613
1373 1.05134e+21 0.00128625
1372 1.05809e+21 -0.000445375
1371 1.05096e+21 -0.000897375
1370 1.0562e+21 -0.00125788
1369 1.05427e+21 -0.00195675
1368 1.05796e+21 0.000617375
1367 1.06635e+21 0.0009155
1366 1.06097e+21 -0.00140988
1365 1.05593e+21 -5.9625e-05
1364 1.07321e+21 0.00370137
1363 1.05932e+21 0.00138062
1362 1.06829e+21 0.000264
1361 1.06912e+21 0.00262013
1360 1.07146e+21 -1.2875e-05
1359 1.07416e+21 0.0004665
1358 1.07534e+21 -0.00154112
1357 1.0773e+21 -0.00120013
1356 1.06794e+21 0.00224925
1355 1.06938e+21 0.00067125
1354 1.07372e+21 0.00111112
1353 1.08378e+21 0.000453625
1352 1.07931e+21 0.00273012
1351 1.07321e+21 0.000590125
1350 1.07906e+21 -0.000338
1349 1.08028e+21 -0.00227013
1348 1.07717e+21 -0.000662125
1347 1.08672e+21 0.00123737
1346 1.07185e+21 0.00134187
1345 1.08471e+21 -5.125e-05
1344 1.078e+21 -0.00016725
1343 1.08473e+21 -0.00021275
1342 1.08873e+21 -0.00085425
1341 1.09155e+21 0.0015995
1340 1.08235e+21 -0.000142
1339 1.08307e+21 -0.0002025
1338 1.09259e+21 -0.0005535
1337 1.08836e+21 0.000877
1336 1.09361e+21 0.000636375
1335 1.08847e+21 -0.00162137
1334 1.08291e+21 0.000408875
1333 1.08758e+21 -0.0005055
1332 1.09028e+21 -0.00191062
1331 1.09262e+21 0.00143162
1330 1.10427e+21 0.000613375
1329 1.09935e+21 0.000835875
1328 1.1044e+21 -0.00159962
1327 1.10171e+21 -0.00257388
1326 1.10118e+21 0.00162388
1325 1.10987e+21 0.00133187
1324 1.10207e+21 -0.00161388
1323 1.10564e+21 0.00224125
1322 1.10609e+21 0.00233875
1321 1.10246e+21 -0.00124813
1320 1.11337e+21 0.00143763
1319 1.10948e+21 1.65e-05
1318 1.11512e+21 0.00173887
1317 1.11802e+21 -0.00272988
1316 1.1201e+21 0.000814375
1315 1.11173e+21 0.00170087
1314 1.11959e+21 -0.00118625
1313 1.11768e+21 -0.00141525
1312 1.1194e+21 -0.00240638
1311 1.11795e+21 -0.0005015
1310 1.11844e+21 -0.00037675
1309 1.11606e+21 -0.00114237
1308 1.11521e+21 0.0009385
1307 1.11847e+21 0.0012285
1306 1.12552e+21 0.00233462
1305 1.12145e+21 0.00129562
1304 1.11971e+21 2.0375e-05
1303 1.11909e+21 0.000361625
1302 1.12583e+21 0.000995625
1301 1.12587e+21 -0.000313125
1300 1.13089e+21 -0.000870875
1299 1.13522e+21 0.000585875
1298 1.12309e+21 -0.000503625
1297 1.1287e+21 -0.00189813
1296 1.13213e+21 0.0019475
1295 1.14061e+21 -0.0009645
1294 1.13218e+21 0.0002655
1293 1.13651e+21 0.0009795
1292 1.13629e+21 0.00103787
1291 1.14058e+21 -0.0002215
1290 1.13741e+21 -0.000544
1289 1.14192e+21 -0.000388375
1288 1.1396e+21 -0.000811125
1287 1.14982e+21 -0.000795
1286 1.13568e+21 0.000335125
1285 1.14578e+21 -0.000922625
1284 1.13935e+21 -8.3375e-05
1283 1.14934e+21 2.8625e-05
1282 1.14817e+21 4.875e-05
1281 1.15149e+21 0.00174238
1280 1.15038e+21 -0.00194962
1279 1.15258e+21 0.00127525
1278 1.16049e+21 -0.000998
1277 1.15635e+21 -0.00118088
1276 1.15706e+21 0.00128075
1275 1.15796e+21 -0.000620125
1274 1.15751e+21 0.0017025
1273 1.15691e+21 -0.0003225
1272 1.1609e+21 -0.00034775
1271 1.16196e+21 0.000453
1270 1.16096e+21 0.001398
1269 1.16669e+21 -0.00208425
1268 1.16804e+21 0.000244375
1267 1.17098e+21 0.0020485
1266 1.16911e+21 -0.000590875
1265 1.17153e+21 -0.00239913
1264 1.16467e+21 0.001945
1263 1.1757e+21 -4.775e-05
1262 1.17165e+21 0.000828
1261 1.17593e+21 0.00192113
1260 1.17801e+21 0.00162587
1259 1.17476e+21 -0.00171112
1258 1.18599e+21 0.00127937
1257 1.179e+21 -0.00154838
1256 1.17285e+21 0.000935375
1255 1.18108e+21 -0.000599375
1254 1.18311e+21 -0.000370625
1253 1.17624e+21 0.000726
1252 1.17126e+21 -0.000637875
1251 1.18116e+21 -0.001191
1250 1.18291e+21 -0.00132187
1249 1.1972e+21 -0.00187638
1248 1.18955e+21 -0.00104338
1247 1.19418e+21 0.00293188
1246 1.18124e+21 -0.000742875
1245 1.18552e+21 -0.000843875
1244 1.19007e+21 -0.00054975
1243 1.19704e+21 -4.25e-05
1242 1.19886e+21 0.000898
1241 1.20967e+21 4.825e-05
1240 1.19145e+21 0.001728
1239 1.21045e+21 0.00118637
1238 1.1967e+21 -0.000898375
1237 1.21338e+21 -0.00244525
1236 1.20508e+21 0.000107125
1235 1.20893e+21 0.00135888
1234 1.21135e+21 0.0005625
1233 1.21015e+21 0.0029635
1232 1.21466e+21 -0.0003165
1231 1.21003e+21 0.00125425
1230 1.21474e+21 0.000245375
1229 1.21641e+21 -0.00137225
1228 1.21052e+21 0.0009735
1227 1.21051e+21 0.00116387
1226 1.2183e+21 -0.000306625
1225 1.21797e+21 -0.000872625
1224 1.21892e+21 3.2375e-05
1223 1.2136e+21 -0.000442875
1222 1.22965e+21 -0.000827625
1221 1.21623e+21 0.00148975
1220 1.21934e+21 -0.001185
1219 1.22543e+21 -0.0002655
1218 1.22943e+21 0.00302513
1217 1.23599e+21 -0.00017675
1216 1.23448e+21 0.000436875
1215 1.22407e+21 0.000128
1214 1.22952e+21 0.00107
1213 1.23323e+21 -9.7125e-05
1212 1.23832e+21 -0.000115875
1211 1.24332e+21 0.0020285
1210 1.22857e+21 -0.001631
1209 1.23201e+21 0.001806
1208 1.23847e+21 -0.00165012
1207 1.23628e+21 -0.00348887
1206 1.2486e+21 -0.000833375
1205 1.25482e+21 -0.00020075
1204 1.24604e+21 0.000771875
1203 1.2426e+21 0.00255537
1202 1.23804e+21 0.0019975
1201 1.24182e+21 -0.00181163
1200 1.25338e+21 -0.000473875
1199 1.25431e+21 -8.85e-05
1198 1.24858e+21 0.00208362
1197 1.24815e+21 0.00146787
1196 1.25089e+21 -0.0028695
1195 1.24962e+21 0.000929
1194 1.24559e+21 -0.000337625
1193 1.2628e+21 -0.00014375
1192 1.26072e+21 0.000694875
1191 1.27169e+21 -0.000179625
1190 1.26766e+21 0.000675125
1189 1.26794e+21 -0.00288075
1188 1.26285e+21 -0.0008895
1187 1.27527e+21 0.00161563
1186 1.26729e+21 0.00119762
1185 1.27024e+21 0.00185012
1184 1.26803e+21 0.00054575
1183 1.27036e+21 -0.00138663
1182 1.2839e+21 0.000705625
1181 1.27588e+21 -0.00108088
1180 1.27448e+21 0.00143162
1179 1.27984e+21 0.00104038
1178 1.27784e+21 0.00101325
1177 1.27455e+21 0.00172362
1176 1.2823e+21 -0.00156912
1175 1.2937e+21 0.00181263
1174 1.28904e+21 -0.0002675
1173 1.27516e+21 0.00100738
1172 1.29646e+21 -0.00221787
1171 1.28193e+21 -6.4375e-05
1170 1.29193e+21 0.00033825
1169 1.29184e+21 -0.000359875
1168 1.28799e+21 -0.00101687
1167 1.30244e+21 -0.00257437
1166 1.29946e+21 6.875e-05
1165 1.29658e+21 0.00114638
1164 1.29424e+21 0.000759125
1163 1.29975e+21 -0.001047
1162 1.30186e+21 -0.00226713
1161 1.29799e+21 0.000364875
1160 1.30938e+21 0.00162287
1159 1.29671e+21 0.00102437
1158 1.30186e+21 -0.00023975
1157 1.3173e+21 0.00134487
1156 1.30977e+21 -0.000593375
1155 1.3105e+21 -0.000285625
1154 1.32112e+21 -0.000235125
1153 1.30815e+21 0.00067975
1152 1.31666e+21 -0.00123562
1151 1.32132e+21 0.000805
1150 1.32778e+21 0.000106375
1149 1.32768e+21 0.00027
1148 1.31521e+21 0.00070425
1147 1.32869e+21 -0.000977625
1146 1.32941e+21 -0.000134
1145 1.33666e+21 0.00338113
1144 1.33145e+21 0.00122887
1143 1.32637e+21 0.000622
1142 1.33833e+21 0.00053225
1141 1.34575e+21 -0.0003705
1140 1.33708e+21 -0.00105188
1139 1.33405e+21 0.000841125
1138 1.33614e+21 -0.0003555
1137 1.33274e+21 0.00022325
1136 1.34463e+21 -0.000610375
1135 1.32748e+21 4.1375e-05
1134 1.34839e+21 0.001248
1133 1.33683e+21 0.00245663
1132 1.33795e+21 0.00240437
1131 1.35208e+21 0.000847125
1130 1.35076e+21 0.00203425
1129 1.34735e+21 0.00011325
1128 1.34815e+21 0.0006715
1127 1.34969e+21 -0.000981875
1126 1.35566e+21 -0.00088875
1125 1.35168e+21 0.0002245
1124 1.36115e+21 0.000649125
1123 1.35744e+21 -0.000214875
1122 1.35715e+21 -0.00022925
1121 1.37581e+21 -0.000223125
1120 1.36956e+21 0.00171612
1119 1.36609e+21 0.0007985
1118 1.36929e+21 0.000859
1117 1.36156e+21 0.00144012
1116 1.36047e+21 -0.000258125
1115 1.37357e+21 -0.00287125
1114 1.36819e+21 -0.00092775
1113 1.37725e+21 0.0010665
1112 1.37378e+21 0.00061825
1111 1.37662e+21 0.00091425
1110 1.37617e+21 0.000292
1109 1.39044e+21 -0.000238625
1108 1.38473e+21 0.000565375
1107 1.37555e+21 0.0005155
1106 1.38806e+21 -0.000271375
1105 1.39816e+21 -9.8125e-05
1104 1.39108e+21 -0.00034025
1103 1.38068e+21 0.000601375
1102 1.40274e+21 -0.000355875
1101 1.39702e+21 -0.00182488
1100 1.40341e+21 0.000386625
1099 1.40654e+21 -0.0008275
1098 1.38944e+21 -2.2875e-05
1097 1.40329e+21 -0.00067
1096 1.39082e+21 0.00029675
1095 1.4045e+21 0.000210625
1094 1.40325e+21 0.0001475
1093 1.41135e+21 -0.00124512
1092 1.41078e+21 -0.000497875
1091 1.41322e+21 0.00191413
1090 1.42585e+21 -0.00387638
1089 1.41524e+21 -0.00137225
1088 1.42275e+21 0.00013225
1087 1.41995e+21 0.00054
1086 1.43626e+21 -0.002213
1085 1.42008e+21 0.00066825
1084 1.41499e+21 0.00116512
1083 1.41836e+21 -0.0011945
1082 1.4241e+21 0.00137412
1081 1.42441e+21 0.00102437
1080 1.43367e+21 0.00030225
1079 1.44116e+21 -0.0003045
1078 1.4334e+21 0.00123075
1077 1.43579e+21 -0.00220563
1076 1.4332e+21 -0.000198125
1075 1.42842e+21 -0.0007875
1074 1.44142e+21 0.000442125
1073 1.44515e+21 -0.0011725
1072 1.44037e+21 0.00153888
1071 1.44894e+21 0.00096425
1070 1.45004e+21 0.00137688
1069 1.46859e+21 0.000846
1068 1.44647e+21 0.00125662
1067 1.4549e+21 -0.00129587
1066 1.46381e+21 -0.00251362
1065 1.46073e+21 -0.0033495
1064 1.46705e+21 -0.000211125
1063 1.4781e+21 0.000426375
1062 1.46248e+21 -5.5e-06
1061 1.47146e+21 -0.00168925
1060 1.47387e+21 -0.00209775
1059 1.46158e+21 0.00178025
1058 1.47212e+21 6.225e-05
1057 1.47325e+21 4.8125e-05
1056 1.47333e+21 -0.00179475
1055 1.48058e+21 -0.00107887
1054 1.48013e+21 -0.00149475
1053 1.47985e+21 -0.00135263
1052 1.48044e+21 -0.00088525
1051 1.48873e+21 -0.00192825
1050 1.48494e+21 0.00122525
1049 1.47276e+21 0.0004445
1048 1.4875e+21 0.00052175
1047 1.49199e+21 -0.0025495
1046 1.49076e+21 0.00128087
1045 1.49261e+21 0.001102
1044 1.49216e+21 -0.000200875
1043 1.49987e+21 0.00100263
1042 1.50528e+21 -0.00110588
1041 1.50682e+21 -0.00183975
1040 1.49831e+21 0.00041625
1039 1.51319e+21 -0.00284375
1038 1.51073e+21 -1.2875e-05
1037 1.51356e+21 0.000943625
1036 1.51676e+21 -0.00079575
1035 1.52271e+21 0.0011655
1034 1.51309e+21 0.00157088
1033 1.50228e+21 -0.00021875
1032 1.52344e+21 -0.00104262
1031 1.52835e+21 -0.00092575
1030 1.51928e+21 0.000975
1029 1.52488e+21 0.000402625
1028 1.52705e+21 0.000267375
1027 1.54023e+21 -0.00199088
1026 1.54562e+21 -5.0125e-05
1025 1.54412e+21 -0.00247337
1024 1.5344e+21 -0.00197838
1023 1.5457e+21 0.000771375
1022 1.54729e+21 -7.825e-05
1021 1.55159e+21 -0.00106013
1020 1.55753e+21 0.000672125
1019 1.56624e+21 0.000900375
1018 1.55742e+21 -0.00159375
1017 1.55411e+21 0.0005915
1016 1.55647e+21 0.000551375
1015 1.55886e+21 0.00367425
1014 1.55849e+21 0.0007185
1013 1.55768e+21 0.000973125
1012 1.57574e+21 -0.00204312
1011 1.5696e+21 -0.00143
1010 1.56123e+21 0.00277763
1009 1.56786e+21 0.00219187
1008 1.57069e+21 -0.00102762
1007 1.58998e+21 -0.00132375
1006 1.57999e+21 0.001343
1005 1.57165e+21 -0.00135063
1004 1.57861e+21 0.000893875
1003 1.57985e+21 0.000729375
1002 1.57926e+21 -0.000848875
1001 1.58314e+21 -9.225e-05
1000 1.59027e+21 -0.00324675
999 1.58732e+21 0.0026365
998 1.58915e+21 -0.00067975
997 1.60417e+21 -0.00189125
996 1.5957e+21 -0.0012425
995 1.59453e+21 0.00265112
994 1.59827e+21 0.00134625
993 1.58885e+21 0.002455
992 1.60731e+21 -0.001301
991 1.60597e+21 -0.000142375
990 1.61945e+21 -0.00130725
989 1.61405e+21 0.00126225
988 1.61032e+21 0.00155013
987 1.61996e+21 0.001282
986 1.616e+21 -0.000204875
985 1.61838e+21 -0.000755
984 1.6175e+21 0.00218937
983 1.62547e+21 0.00120988
982 1.61959e+21 -0.00160675
981 1.63808e+21 0.001071
980 1.63561e+21 0.00159362
979 1.61659e+21 0.00124062
978 1.6257e+21 -0.00119762
977 1.62122e+21 -0.00098375
976 1.62173e+21 0.002655
975 1.65703e+21 0.00147313
974 1.65455e+21 -0.00127588
973 1.64418e+21 -0.000221375
972 1.64114e+21 0.00100187
971 1.65074e+21 -0.0028095
970 1.65616e+21 -0.0006175
969 1.65063e+21 0.00120375
968 1.66315e+21 -8.725e-05
967 1.67785e+21 -0.00301088
966 1.65957e+21 0.00117475
965 1.66805e+21 0.002678
964 1.66483e+21 -0.00189262
963 1.66044e+21 0.000613
962 1.66044e+21 -0.00160625
961 1.6807e+21 0.00215687
960 1.67548e+21 0.00096675
959 1.68335e+21 -0.00389413
958 1.68936e+21 -0.000607625
957 1.68847e+21 0.00194575
956 1.68542e+21 -0.001957
955 1.6988e+21 -0.00101175
954 1.69651e+21 0.00144337
953 1.70079e+21 -0.00049875
952 1.70816e+21 0.0004445
951 1.70175e+21 0.00162325
950 1.7071e+21 -0.00189362
949 1.6906e+21 0.000915625
948 1.70259e+21 -0.00079825
947 1.7177e+21 0.0022465
946 1.71123e+21 -0.000139125
945 1.70805e+21 0.00275362
944 1.71419e+21 0.00134088
943 1.71318e+21 0.00105363
942 1.7178e+21 0.00362663
941 1.72394e+21 0.00157675
940 1.73039e+21 -0.00117662
939 1.7377e+21 -0.000614875
938 1.72699e+21 0.000301875
937 1.72767e+21 -0.00108325
936 1.74495e+21 0.000612625
935 1.74605e+21 -8.9375e-05
934 1.73836e+21 -0.00316438
933 1.73275e+21 0.000849125
932 1.7511e+21 0.000684875
931 1.74625e+21 0.000246
930 1.74616e+21 -0.00066975
929 1.76429e+21 -0.00068375
928 1.76563e+21 0.00282625
927 1.77021e+21 -0.00243238
926 1.76887e+21 0.00174712
925 1.769e+21 -7.3375e-05
924 1.7649e+21 -0.00284825
923 1.77249e+21 0.0025375
922 1.77123e+21 0.001145
921 1.77361e+21 -0.000488625
920 1.7799e+21 -0.00040125
919 1.78632e+21 -0.00143125
918 1.78749e+21 0.00173488
917 1.79181e+21 -0.00080275
916 1.78606e+21 0.001194
915 1.79649e+21 -0.00168925
914 1.79054e+21 -0.0014245
913 1.7912e+21 0.00152
912 1.80282e+21 -0.000254875
911 1.79411e+21 -0.00126337
910 1.80747e+21 -0.000603875
909 1.80115e+21 0.000557375
908 1.81455e+21 -0.000713
907 1.83306e+21 0.000864875
906 1.80747e+21 -0.000556
905 1.8283e+21 -0.0019925
904 1.83348e+21 -0.00192362
903 1.8123e+21 -0.004627
902 1.81687e+21 -0.000794375
901 1.83509e+21 -0.00321887
900 1.84143e+21 -0.000221
899 1.83531e+21 0.000821
898 1.82357e+21 -0.0012145
897 1.83175e+21 -0.000534375
896 1.83263e+21 0.000647625
895 1.84223e+21 -0.001489
894 1.84143e+21 -0.0015775
893 1.84377e+21 0.000740625
892 1.84717e+21 -0.000348625
891 1.85322e+21 0.00116387
890 1.86992e+21 -0.000921
889 1.86589e+21 0.000698125
888 1.8678e+21 -0.00380963
887 1.85452e+21 -0.00169875
886 1.86991e+21 0.000182125
885 1.88843e+21 0.00137388
884 1.88674e+21 -0.000917625
883 1.89047e+21 0.00149775
882 1.88674e+21 -0.00199175
881 1.89307e+21 0.00060375
880 1.90226e+21 0.000764125
879 1.89054e+21 -0.000202875
878 1.88545e+21 -0.00157987
877 1.91287e+21 0.00122887
876 1.90437e+21 0.000645125
875 1.9069e+21 0.00125913
874 1.90125e+21 -0.001401
873 1.91795e+21 0.00141162
872 1.91895e+21 0.00144912
871 1.89496e+21 -0.00120188
870 1.91889e+21 -0.00121175
869 1.9086e+21 0.0030135
868 1.92204e+21 -0.00034125
867 1.92309e+21 0.000470125
866 1.93107e+21 0.0002765
865 1.93824e+21 -0.00091475
864 1.93928e+21 -0.000848125
863 1.95002e+21 -0.00113225
862 1.93071e+21 -0.0010225
861 1.95306e+21 0.00155587
860 1.94891e+21 -0.00184675
859 1.95449e+21 -0.00052625
858 1.96295e+21 0.00033
857 1.96833e+21 0.00161162
856 1.96144e+21 0.00493987
855 1.98382e+21 -0.00148387
854 1.98924e+21 0.00204
853 1.98007e+21 -0.00156825
852 1.98115e+21 0.00303237
851 1.98168e+21 8.6625e-05
850 1.98536e+21 -0.00046275
849 1.97664e+21 -0.00307375
848 1.97982e+21 0.000388375
847 2.00339e+21 0.00214963
846 1.97741e+21 3.05e-05
845 2.01105e+21 0.000744875
844 2.01948e+21 0.00163363
843 2.01826e+21 7.3125e-05
842 2.01235e+21 -0.00182625
841 2.02452e+21 0.0010495
840 2.0175e+21 -0.0005365
839 2.01428e+21 -0.00166075
838 2.04675e+21 0.00111575
837 2.03375e+21 0.00104825
836 2.04012e+21 0.000734375
835 2.03821e+21 0.0008395
834 2.03678e+21 0.00060175
833 2.02862e+21 0.00178663
832 2.03468e+21 0.00026325
831 2.02598e+21 8.9375e-05
830 2.05519e+21 0.002335
829 2.0431e+21 0.000916625
828 2.05141e+21 -7.8875e-05
827 2.07313e+21 0.000788
826 2.06846e+21 0.000841375
825 2.07611e+21 0.0006805
824 2.06942e+21 0.00106625
823 2.07025e+21 0.00176487
822 2.08878e+21 -0.00287425
821 2.0817e+21 -0.000986875
820 2.09394e+21 0.00151337
819 2.08807e+21 0.00242837
818 2.09758e+21 -0.00210625
817 2.0958e+21 0.00182225
816 2.09919e+21 0.00178875
815 2.10937e+21 0.00063975
814 2.11174e+21 0.000938625
813 2.10844e+21 0.000445125
812 2.11401e+21 0.0023025
811 2.13017e+21 0.00223988
810 2.10226e+21 0.00064025
809 2.12865e+21 0.00218537
808 2.15616e+21 -0.000747625
807 2.13757e+21 -6.0875e-05
806 2.13985e+21 -0.00221237
805 2.14876e+21 -0.00020075
804 2.13019e+21 -0.0013975
803 2.16198e+21 6.9375e-05
802 2.15581e+21 -0.000746
801 2.17414e+21 0.002547
800 2.16768e+21 -0.0005545
799 2.17742e+21 -0.001491
798 2.18524e+21 -0.000133625
797 2.16392e+21 -0.000367625
796 2.16223e+21 -0.00186563
795 2.17956e+21 0.00196888
794 2.19524e+21 -0.00288962
793 2.1893e+21 -0.00040325
792 2.19268e+21 0.00062625
791 2.1976e+21 0.00131463
790 2.20442e+21 0.0006715
789 2.20541e+21 -0.000351875
788 2.22459e+21 0.000751
787 2.21334e+21 -0.000452125
786 2.21544e+21 -0.000187375
785 2.20805e+21 0.001106
784 2.23583e+21 0.000567375
783 2.23184e+21 0.000359125
782 2.25449e+21 -0.00335425
781 2.24889e+21 -0.0003855
780 2.24773e+21 0.00265162
779 2.22324e+21 0.00149775
778 2.2819e+21 -0.00134388
777 2.25824e+21 0.00018075
776 2.25962e+21 -0.000445125
775 2.26051e+21 0.00130838
774 2.26914e+21 0.00055525
773 2.2682e+21 -0.00179425
772 2.27654e+21 -0.0009855
771 2.2914e+21 0.00241825
770 2.31732e+21 0.00124138
769 2.28819e+21 0.00223463
768 2.32389e+21 -0.00169437
767 2.28783e+21 0.00165125
766 2.32046e+21 -0.000622125
765 2.29433e+21 0.00102213
764 2.30674e+21 -0.00201663
763 2.31975e+21 -0.000318375
762 2.31144e+21 -0.00124975
761 2.33591e+21 0.000618625
760 2.33652e+21 -0.000600625
759 2.35139e+21 0.000251
758 2.33022e+21 -0.00041675
757 2.35774e+21 0.00042225
756 2.33394e+21 0.00038
755 2.34838e+21 -0.00240375
754 2.38207e+21 0.00177987
753 2.35083e+21 -0.0025225
752 2.36169e+21 -0.000699875
751 2.37623e+21 -2.8e-05
750 2.38918e+21 0.000815875
749 2.38816e+21 0.000564625
748 2.37045e+21 -0.000860875
747 2.40353e+21 0.002399
746 2.39227e+21 0.00117425
745 2.3962e+21 0.00179
744 2.40792e+21 0.0026805
743 2.4245e+21 -0.000296375
742 2.43056e+21 0.001421
741 2.42693e+21 0.0013745
740 2.41802e+21 -0.00235575
739 2.42522e+21 -0.00040925
738 2.42006e+21 -0.00134563
737 2.44912e+21 -0.00275238
736 2.44501e+21 0.000794
735 2.46971e+21 -0.0006265
734 2.45972e+21 -0.00342787
733 2.49239e+21 -0.00084575
732 2.46608e+21 0.000388
731 2.47695e+21 -0.000357125
730 2.46836e+21 -0.000568
729 2.46868e+21 -0.00226425
728 2.49239e+21 0.00379925
727 2.49853e+21 -0.000865625
726 2.49677e+21 -0.000209
725 2.48988e+21 -0.00375862
724 2.503e+21 -0.00361225
723 2.51061e+21 0.00316625
722 2.52025e+21 -0.00155112
721 2.52638e+21 0.00028325
720 2.50852e+21 0.00194437
719 2.53095e+21 -0.000408125
718 2.53803e+21 0.000107875
717 2.52354e+21 -0.00192475
716 2.55261e+21 0.000177375
715 2.54473e+21 -0.00129338
714 2.5575e+21 0.00094725
713 2.55206e+21 0.00280262
712 2.58718e+21 -0.001379
711 2.59031e+21 0.00177812
710 2.58646e+21 0.000249375
709 2.59944e+21 0.00199587
708 2.59328e+21 -0.00183413
707 2.61757e+21 0.000852125
706 2.59205e+21 -2.4875e-05
705 2.61944e+21 0.00333363
704 2.58797e+21 -0.0031255
703 2.60705e+21 0.000912875
702 2.63701e+21 -0.0014275
701 2.65198e+21 -0.00151375
700 2.64061e+21 0.00147925
699 2.63771e+21 0.0020865
698 2.64764e+21 0.00318425
697 2.65702e+21 -0.0022395
696 2.64591e+21 -0.00130937
695 2.67273e+21 0.00121988
694 2.68709e+21 -0.000727
693 2.69219e+21 0.00124575
692 2.69442e+21 -0.00248138
691 2.68424e+21 0.00331438
690 2.71204e+21 0.00196225
689 2.7058e+21 0.00237813
688 2.7206e+21 -0.00344425
687 2.70789e+21 -0.00294588
686 2.72149e+21 0.000252125
685 2.72852e+21 0.00266237
684 2.73289e+21 2.1125e-05
683 2.78051e+21 -0.000937625
682 2.73661e+21 -0.00183525
681 2.73774e+21 0.0004595
680 2.76093e+21 -0.00038425
679 2.75608e+21 0.0005055
678 2.77814e+21 0.00032175
677 2.79267e+21 -0.001476
676 2.78237e+21 -0.000588125
675 2.79457e+21 -0.000750875
674 2.80188e+21 -0.000254
673 2.80213e+21 0.0022145
672 2.80055e+21 0.000716375
671 2.84011e+21 0.00313112
670 2.82691e+21 -0.00342
669 2.83194e+21 -0.000352125
668 2.84576e+21 -0.000336125
667 2.8447e+21 -0.00141062
666 2.82459e+21 0.001918
665 2.84021e+21 0.00111
664 2.87714e+21 0.000938625
663 2.86294e+21 0.00498912
662 2.88682e+21 0.00274025
661 2.90423e+21 -0.000369875
660 2.89294e+21 -0.0018125
659 2.90838e+21 0.001647
658 2.89298e+21 0.00187838
657 2.90882e+21 0.0023645
656 2.89823e+21 0.00142925
655 2.9401e+21 0.00160287
654 2.93601e+21 0.000993375
653 2.9308e+21 0.0013535
652 2.96001e+21 0.0039085
651 2.94894e+21 -0.00137312
650 2.97295e+21 0.000537375
649 2.93501e+21 -0.00143275
648 2.97488e+21 -0.00280663
647 2.97484e+21 0.00127588
646 2.97783e+21 -8.4e-05
645 3.0106e+21 0.00105013
644 3.024e+21 0.00163262
643 3.019e+21 0.003286
642 3.03012e+21 -0.00178188
641 3.04392e+21 0.000405125
640 3.02625e+21 -0.00209437
639 3.03488e+21 -0.001215
638 3.03708e+21 0.00409138
637 3.04e+21 -0.00162237
636 3.06765e+21 0.00133862
635 3.06002e+21 -0.00229325
634 3.0824e+21 -0.00269125
633 3.11228e+21 -0.000588
632 3.09167e+21 0.000545375
631 3.11275e+21 0.00341513
630 3.13617e+21 0.002155
629 3.11911e+21 -0.00152838
628 3.09599e+21 -0.001353
627 3.1234e+21 0.00249587
626 3.16369e+21 -0.000930625
625 3.16664e+21 -0.0019255
624 3.15864e+21 0.00170225
623 3.17221e+21 0.00128675
622 3.17181e+21 0.00104013
621 3.17609e+21 0.00194775
620 3.18235e+21 0.0022985
619 3.20213e+21 -0.0010665
618 3.24133e+21 0.000558625
617 3.22346e+21 2e-06
616 3.2067e+21 0.00149625
615 3.23828e+21 -0.00238913
614 3.25169e+21 -0.00071725
613 3.27316e+21 0.000326
612 3.27277e+21 -0.00308575
611 3.26377e+21 -0.00074225
610 3.25855e+21 0.000574375
609 3.27226e+21 0.00130937
608 3.30907e+21 0.000256
607 3.30364e+21 -8.7625e-05
606 3.29338e+21 0.000696875
605 3.33502e+21 0.0019415
604 3.34171e+21 0.00066575
603 3.33793e+21 0.0014795
602 3.33804e+21 0.000766625
601 3.36105e+21 -0.00136338
600 3.34891e+21 -0.000460375
599 3.39812e+21 0.00025675
598 3.35631e+21 0.00140638
597 3.38743e+21 0.002647
596 3.42016e+21 0.00035225
595 3.46153e+21 0.00017925
594 3.4195e+21 0.000711
593 3.44209e+21 -0.000572875
592 3.45253e+21 0.0004425
591 3.49308e+21 -0.00057175
590 3.47439e+21 -0.00114225
589 3.50754e+21 -0.000145125
588 3.50596e+21 0.00305187
587 3.52542e+21 -0.00143575
586 3.51018e+21 0.00045475
585 3.50269e+21 -0.000752625
584 3.5277e+21 -0.00336138
583 3.54734e+21 0.0025455
582 3.53159e+21 0.000255125
581 3.55565e+21 0.0012745
580 3.54106e+21 0.00146087
579 3.58531e+21 0.00171237
578 3.56808e+21 0.00246838
577 3.59967e+21 -0.0005485
576 3.60168e+21 -0.00158387
575 3.61538e+21 0.000111
574 3.59444e+21 -0.000803625
573 3.62036e+21 0.000684
572 3.63348e+21 -0.000252
571 3.64698e+21 -0.00101987
570 3.65382e+21 -0.00361337
569 3.66771e+21 0.000553
568 3.70318e+21 -0.00448812
567 3.72382e+21 -0.00041875
566 3.73185e+21 0.00146
565 3.73434e+21 -0.0040205
564 3.75841e+21 0.00068775
563 3.77073e+21 0.00319837
562 3.77201e+21 -0.00539738
561 3.78488e+21 -0.00089725
560 3.83433e+21 -0.00216775
559 3.81097e+21 0.00136375
558 3.82328e+21 0.0002905
557 3.82284e+21 -0.0014595
556 3.83696e+21 -0.00083525
555 3.84685e+21 -0.00036175
554 3.86586e+21 0.000724
553 3.84916e+21 0.00148187
552 3.89648e+21 -0.00189262
551 3.91688e+21 0.00186462
550 3.88913e+21 -6.3125e-05
549 3.90594e+21 0.00262075
548 3.92227e+21 0.000269
547 3.92293e+21 -0.000952375
546 3.94893e+21 0.00248475
545 3.95466e+21 0.00092025
544 3.98596e+21 -0.000686625
543 3.97921e+21 -0.000977375
542 4.01782e+21 0.00556813
541 4.02341e+21 0.00162587
540 4.00429e+21 0.00104688
539 4.02127e+21 -4.425e-05
538 4.04453e+21 -0.00346037
537 4.0619e+21 0.00179675
536 4.09795e+21 -0.00345425
535 4.09829e+21 -0.00273813
534 4.09788e+21 -0.001025
533 4.16585e+21 -0.00082725
532 4.1704e+21 -0.000406
531 4.11972e+21 0.000339625
530 4.1876e+21 0.0018105
529 4.19181e+21 -0.0017345
528 4.18907e+21 -0.00102987
527 4.2129e+21 0.00121125
526 4.21563e+21 -0.00407913
525 4.26773e+21 0.000899875
524 4.21669e+21 -0.001755
523 4.29818e+21 0.00161175
522 4.30001e+21 -0.00127038
521 4.26834e+21 -0.00229812
520 4.31632e+21 0.00415162
519 4.34408e+21 0.00466575
518 4.3468e+21 -0.00244625
517 4.33102e+21 -0.0027655
516 4.36523e+21 -0.002486
515 4.38263e+21 -0.00052375
514 4.33496e+21 -0.00241962
513 4.43959e+21 0.00135175
512 4.41173e+21 0.00166337
511 4.4369e+21 -0.00224837
510 4.47497e+21 0.00209
509 4.52545e+21 0.0002275
508 4.5013e+21 0.000781875
507 4.46479e+21 -0.00155912
506 4.52337e+21 -0.000699
505 4.50957e+21 0.00155712
504 4.55545e+21 0.0014745
503 4.59083e+21 -4.5375e-05
502 4.59943e+21 -0.00174337
501 4.58056e+21 -0.00160475
500 4.63532e+21 -0.003066
499 4.66543e+21 0.00311288
498 4.63943e+21 0.0035165
497 4.63984e+21 -0.00106212
496 4.68469e+21 -0.00251587
495 4.72406e+21 -0.000901375
494 4.7495e+21 -0.0005085
493 4.72511e+21 -0.000482375
492 4.70655e+21 0.00181125
491 4.73099e+21 -0.00119312
490 4.8117e+21 0.000696875
489 4.781e+21 -0.00106325
488 4.78916e+21 0.000884375
487 4.84897e+21 -0.00312975
486 4.85517e+21 0.0015855
485 4.86641e+21 -0.00069425
484 4.88061e+21 -0.00299613
483 4.92268e+21 0.00293825
482 4.93604e+21 -0.00251438
481 4.97771e+21 -0.00116288
480 4.96187e+21 0.0031265
479 5.00651e+21 -0.000698875
478 5.04091e+21 0.000644375
477 5.02565e+21 -0.001367
476 5.08539e+21 0.00392713
475 5.08427e+21 -0.00291338
474 5.05558e+21 -0.00149875
473 5.17355e+21 0.000833875
472 5.14638e+21 -0.00390475
471 5.15817e+21 -0.00421237
470 5.18164e+21 0.0038455
469 5.2681e+21 -0.000791875
468 5.20137e+21 -0.00226888
467 5.2756e+21 -0.001859
466 5.25861e+21 0.0032435
465 5.24364e+21 0.000776
464 5.31387e+21 0.00439488
463 5.33232e+21 0.000117375
462 5.38536e+21 -0.00122875
461 5.32353e+21 0.0006995
460 5.42374e+21 -0.002745
459 5.39318e+21 -0.00149337
458 5.42369e+21 -0.00083325
457 5.45992e+21 -0.004515
456 5.49047e+21 -0.004526
455 5.49218e+21 -0.000382125
454 5.57354e+21 -0.00384925
453 5.54374e+21 0.00389038
452 5.63794e+21 -0.00016625
451 5.60926e+21 -0.0027055
450 5.6705e+21 -0.000775
449 5.67211e+21 -0.00198663
448 5.7131e+21 0.0017485
447 5.72623e+21 0.0031315
446 5.73682e+21 0.00428525
445 5.84004e+21 -0.00293838
444 5.74625e+21 0.000149
443 5.80618e+21 -0.00176012
442 5.80591e+21 -0.00348637
441 5.8959e+21 -0.001945
440 5.92533e+21 8.7875e-05
439 5.91737e+21 0.000329625
438 5.9644e+21 -0.0028775
437 6.00493e+21 -3.35e-05
436 6.01854e+21 -0.0028335
435 6.04569e+21 -0.00114975
434 6.05776e+21 -0.00498337
433 6.02552e+21 -0.00072275
432 6.11274e+21 0.00152675
431 6.20193e+21 -0.0005915
430 6.17291e+21 -0.000504
429 6.22413e+21 0.001753
428 6.20987e+21 -0.00385375
427 6.29219e+21 -0.000416125
426 6.28319e+21 -0.0042635
425 6.31907e+21 -0.00393725
424 6.33049e+21 -0.00118563
423 6.35758e+21 0.0027525
422 6.40922e+21 0.002544
421 6.48468e+21 0.000354125
420 6.55325e+21 -0.0007495
419 6.4473e+21 -0.00252925
418 6.56171e+21 0.00330162
417 6.53096e+21 0.00409713
416 6.57416e+21 -0.00426375
415 6.639e+21 0.00400025
414 6.68737e+21 -0.00175662
413 6.64815e+21 -0.00122825
412 6.77306e+21 0.0037135
411 6.7933e+21 0.00131875
410 6.83782e+21 0.0050705
409 6.88226e+21 -0.00103112
408 6.86124e+21 0.001901
407 6.92612e+21 -0.00269775
406 6.96822e+21 -0.00421062
405 6.97014e+21 -0.000354375
404 7.00546e+21 -0.00173075
403 7.08762e+21 -0.000879125
402 7.14014e+21 -0.000916875
401 7.18446e+21 0.00144275
400 7.14309e+21 -0.00682012
399 7.25528e+21 -0.00242212
398 7.26589e+21 -0.00103275
397 7.28743e+21 -0.0009015
396 7.32076e+21 0.00300525
395 7.37612e+21 0.002563
394 7.44512e+21 -0.00762475
393 7.44928e+21 0.000591875
392 7.50619e+21 0.00345612
391 7.4614e+21 -0.00096175
390 7.5828e+21 -0.00030425
389 7.60391e+21 0.00481337
388 7.6387e+21 0.0051685
387 7.76432e+21 -0.00102812
386 7.70574e+21 -0.000451625
385 7.72373e+21 -0.00062075
384 7.88778e+21 -0.000685375
383 7.85112e+21 0.000405875
382 8.05825e+21 -0.00116062
381 7.93392e+21 -0.00200287
380 7.98641e+21 0.00771087
379 8.12427e+21 0.00597913
378 8.12273e+21 0.00282738
377 8.18434e+21 -0.00166662
376 8.14856e+21 -0.000526875
375 8.31393e+21 -0.0017465
374 8.28137e+21 -0.0001255
373 8.30154e+21 0.00251
372 8.46254e+21 0.00462575
371 8.61552e+21 -0.00229337
370 8.59613e+21 0.000932125
369 8.67575e+21 -0.00294125
368 8.6526e+21 -0.00468775
367 8.69423e+21 0.00155838
366 8.81567e+21 -0.000911
365 8.73128e+21 0.00186713
364 8.81256e+21 0.000565
363 8.86502e+21 -0.00114975
362 8.94772e+21 -0.00147775
361 9.02582e+21 -0.00179488
360 9.11934e+21 -0.00237263
359 9.07856e+21 -0.0014795
358 9.27958e+21 0.00417438
357 9.29712e+21 0.00486975
356 9.41191e+21 -0.0017495
355 9.38026e+21 -0.001554
354 9.57667e+21 -0.00417912
353 9.48574e+21 -0.00352575
352 9.60695e+21 0.00901625
351 9.7271e+21 0.00154638
350 9.66119e+21 0.00132212
349 9.85964e+21 -0.00217425
348 9.81982e+21 -0.00688012
347 9.88115e+21 0.000592375
346 1.00369e+22 -0.000667
345 9.98399e+21 0.000921875
344 1.00928e+22 0.00142888
343 1.0209e+22 0.00227687
342 1.02493e+22 0.00272813
341 1.03407e+22 0.00017175
340 1.04611e+22 0.00288863
339 1.04264e+22 0.00198112
338 1.05736e+22 -0.00460275
337 1.05305e+22 0.00439488
336 1.07075e+22 -0.00012725
335 1.08109e+22 0.00204725
334 1.09194e+22 -0.00242137
333 1.08503e+22 0.00186013
332 1.11332e+22 -0.00131675
331 1.10662e+22 0.00359013
330 1.12576e+22 -0.00669375
329 1.13962e+22 -0.0002005
328 1.1381e+22 -0.00211838
327 1.14926e+22 -0.00212363
326 1.16813e+22 -0.00109212
325 1.17823e+22 -0.00431375
324 1.17401e+22 -0.00248562
323 1.17739e+22 -0.00237338
322 1.17855e+22 0.00497712
321 1.19237e+22 0.003404
320 1.22016e+22 0.00463787
319 1.22057e+22 0.00200188
318 1.24492e+22 0.00174325
317 1.24192e+22 -0.00649762
316 1.2671e+22 0.000643125
315 1.27277e+22 0.004059
314 1.26765e+22 0.00279087
313 1.30384e+22 0.00203275
312 1.29582e+22 0.00400725
311 1.3029e+22 2.85e-05
310 1.31762e+22 -0.000525875
309 1.33172e+22 0.00607713
308 1.35771e+22 -0.00226275
307 1.35172e+22 -0.0076495
306 1.35944e+22 -0.00528937
305 1.38859e+22 0.00047925
304 1.40582e+22 0.00736837
303 1.40386e+22 -0.00585487
302 1.41165e+22 -0.00040425
301 1.42893e+22 0.00143575
300 1.42352e+22 -0.00024425
299 1.44874e+22 0.004322
298 1.49026e+22 0.0046765
297 1.48429e+22 0.00774912
296 1.47427e+22 0.001115
295 1.50642e+22 -0.009234
294 1.52278e+22 -0.00341513
293 1.54106e+22 -0.00597213
292 1.56518e+22 -0.00147737
291 1.5812e+22 -0.006897
290 1.60308e+22 3.0375e-05
289 1.60086e+22 0.0034605
288 1.60237e+22 -0.00350613
287 1.62507e+22 0.00336462
286 1.64323e+22 0.00354988
285 1.66273e+22 -0.0042715
284 1.66326e+22 0.0130987
283 1.71081e+22 0.00133825
282 1.7182e+22 -0.00824212
281 1.7635e+22 0.00296113
280 1.74419e+22 0.0122313
279 1.76493e+22 -0.00656038
278 1.79917e+22 0.0102941
277 1.79068e+22 0.00450238
276 1.82944e+22 0.0094935
275 1.84864e+22 -0.00994288
274 1.87354e+22 0.003663
273 1.85588e+22 -0.0011855
272 1.90101e+22 -0.00482525
271 1.91859e+22 -3.05e-05
270 1.95813e+22 -0.000361875
269 1.99024e+22 0.0043905
268 1.96926e+22 -0.00997687
267 2.008e+22 -0.0002885
266 2.02934e+22 0.0053
265 2.06702e+22 -0.00015875
264 2.08428e+22 0.00015175
263 2.10402e+22 -0.0105048
262 2.12417e+22 0.013181
261 2.15473e+22 0.00629475
260 2.18478e+22 0.00582875
259 2.2323e+22 0.00360687
258 2.23321e+22 0.00328925
257 2.29279e+22 -0.001618
256 2.31318e+22 0.00685613
255 2.32399e+22 -0.0025325
254 2.34663e+22 -0.00280313
253 2.34006e+22 -0.00514563
252 2.40139e+22 0.00809337
251 2.44239e+22 -0.00139963
250 2.45127e+22 0.002658
249 2.47573e+22 0.0064955
248 2.51516e+22 -0.0131555
247 2.54214e+22 -0.00239475
246 2.58269e+22 -0.00332175
245 2.59842e+22 0.000635625
244 2.67237e+22 -0.0009395
243 2.68816e+22 0.00310013
242 2.73251e+22 0.00248363
241 2.74437e+22 -0.0169675
240 2.78311e+22 0.00638562
239 2.8286e+22 -0.0094465
238 2.89449e+22 -0.0017335
237 2.91843e+22 0.0137526
236 2.92572e+22 -0.0114186
235 2.96863e+22 -0.0048475
234 3.06147e+22 -0.0128617
233 3.05695e+22 -0.00211425
232 3.12711e+22 -0.00863375
231 3.14612e+22 0.010126
230 3.22504e+22 0.00436288
229 3.23518e+22 -0.014062
228 3.343e+22 0.0039785
227 3.3571e+22 0.00630463
226 3.39256e+22 -0.0210934
225 3.44181e+22 0.0135316
224 3.54403e+22 0.0102591
223 3.55955e+22 0.00142675
222 3.56136e+22 0.0100302
221 3.63941e+22 -0.0119235
220 3.67225e+22 0.0227154
219 3.749e+22 0.0101679
218 3.81839e+22 0.0209774
217 3.84169e+22 0.00877388
216 3.89411e+22 0.0284179
215 3.99679e+22 -0.0017
214 3.99998e+22 -0.011872
213 4.12285e+22 -0.00862712
212 4.20645e+22 -0.0236355
211 4.1894e+22 -0.0154507
210 4.3073e+22 -0.0142489
209 4.35945e+22 0.00258475
208 4.41393e+22 0.00378713
207 4.52752e+22 -0.00937388
206 4.59002e+22 0.00788275
205 4.62861e+22 0.027267
204 4.70534e+22 0.00206875
203 4.82265e+22 0.00970363
202 4.84103e+22 0.00263713
201 4.93527e+22 -0.00799163
200 4.97181e+22 0.0435702
199 5.06093e+22 0.0120905
198 5.19002e+22 -9.25e-06
197 5.27778e+22 -0.0177791
196 5.30763e+22 0.0366589
195 5.39726e+22 0.0103286
194 5.50024e+22 0.0180799
193 5.62127e+22 -0.003882
192 5.64754e+22 -0.0252154
191 5.80746e+22 0.0103853
190 5.82608e+22 -0.000244625
189 5.96547e+22 0.0309588
188 6.01164e+22 0.0341832
187 6.14328e+22 -0.0084605
186 6.22278e+22 0.0153676
185 6.25346e+22 0.00975687
184 6.36482e+22 -0.00654038
183 6.50931e+22 0.00793125
182 6.63225e+22 -0.00621225
181 6.75099e+22 -0.00923962
180 6.77672e+22 0.00754062
179 6.95566e+22 -0.0292582
178 7.02892e+22 0.0073515
177 7.16087e+22 -0.0464274
176 7.25033e+22 0.00219438
175 7.34181e+22 -0.0181719
174 7.51221e+22 0.00786338
173 7.60351e+22 0.0174616
172 7.67826e+22 0.0241796
171 7.74597e+22 -0.024938
170 7.92383e+22 0.0249436
169 7.95959e+22 -0.0638487
168 8.11596e+22 -0.0324875
167 8.2181e+22 -0.0541054
166 8.43766e+22 0.0155491
165 8.43033e+22 0.0514361
164 8.64121e+22 0.0313747
163 8.69416e+22 -0.0718085
162 8.85447e+22 -0.019753
161 8.93673e+22 -0.031402
160 9.09794e+22 0.03763
159 9.22056e+22 0.054392
158 9.36727e+22 0.00578775
157 9.5272e+22 -0.0338196
156 9.54431e+22 -0.055478
155 9.74477e+22 0.00755013
154 9.92359e+22 -0.005631
153 1.00095e+23 -0.0456889
152 1.01117e+23 0.0496049
151 1.0221e+23 -0.0556391
150 1.04375e+23 -0.0320462
149 1.05112e+23 0.0630062
148 1.06808e+23 -0.0332274
147 1.08008e+23 0.02352
146 1.08069e+23 -0.108527
145 1.09498e+23 -0.124126
144 1.12205e+23 -0.0132411
143 1.13419e+23 -0.0486028
142 1.15319e+23 0.0116293
141 1.16052e+23 0.0523713
140 1.18214e+23 -0.0149377
139 1.16954e+23 0.139265
138 1.20187e+23 -0.0906435
137 1.21995e+23 0.0461731
136 1.23541e+23 0.0443666
135 1.25079e+23 -0.002074
134 1.25799e+23 0.0655389
133 1.21903e+23 0.211349
132 1.2501e+23 -0.17786
131 1.29041e+23 0.105823
130 1.31695e+23 -0.0543686
129 1.29205e+23 0.173673
128 1.32004e+23 0.155518
127 1.36035e+23 -0.0570984
126 1.3726e+23 0.0919989
125 1.39759e+23 0.0146914
124 1.20465e+23 -0.375354
123 1.42939e+23 0.00304775
122 1.34348e+23 -0.255775
121 1.40601e+23 0.184521
120 1.14904e+23 0.459923
119 1.48997e+23 0.00803775
118 1.50456e+23 -0.0349797
117 1.51978e+23 0.0336189
116 1.53354e+23 0.0481455
115 1.53331e+23 0.113735
114 1.31544e+23 0.398191
113 1.5763e+23 -0.0848525
112 1.57762e+23 0.130579
111 1.49417e+23 -0.275617
110 1.44123e+23 -0.343079
109 5.45869e+22 -0.808858
108 1.63164e+23 0.159881
107 1.25221e+23 0.505415
106 8.7009e+22 0.693403
105 1.36403e+23 -0.455743
104 1.71645e+23 0.134438
103 3.02925e+20 0.990461
102 1.63571e+23 0.288492
101 2.68013e+20 -0.991414
100 1.3417e+23 0.512646
99 8.40524e+22 -0.733093
98 2.04621e+20 0.993279
97 2.03506e+20 0.993412
96 1.86735e+23 0.145869
95 1.2723e+23 -0.581264
94 1.94757e+23 0.0588735
93 1.37629e+23 -0.548534
92 1.36133e+20 -0.995609
91 1.2905e+20 -0.995787
90 1.2852e+20 -0.996148
89 1.22651e+20 -0.996161
88 1.1255e+20 -0.996708
87 8.9449e+19 -0.997122
86 9.05095e+19 -0.997188
85 8.57568e+19 -0.997313
84 7.35979e+19 -0.997694
83 6.61856e+19 -0.997966
82 5.7529e+19 -0.998239
81 5.74682e+19 -0.998232
80 6.698e+19 -0.998126
79 4.88068e+19 -0.998529
78 5.06273e+19 -0.998621
77 3.58228e+19 -0.99896
76 3.803e+19 -0.998941
75 3.93285e+19 -0.998861
74 3.37306e+19 -0.999069
73 2.3393e+19 -0.99933
72 2.53772e+19 -0.999267
71 2.28159e+19 -0.999367
70 1.92525e+19 -0.999465
69 1.87928e+19 -0.999451
68 1.24126e+19 -0.999633
67 1.4791e+19 -0.999616
66 9.46661e+18 -0.999737
65 1.06635e+19 -0.999704
64 9.81183e+18 -0.999734
63 7.89589e+18 -0.999783
62 6.20186e+18 -0.999832
61 6.35158e+18 -0.999838
60 6.21114e+18 -0.999838
59 5.17481e+18 -0.999865
58 4.32654e+18 -0.999885
57 2.98681e+18 -0.999924
56 3.27757e+18 -0.999914
55 1.9165e+18 -0.999948
54 9.76156e+17 -0.99997
53 1.05467e+18 -0.999969
52 1.09166e+18 -0.999969
51 1.30611e+18 -0.999964
50 -4.63684e+16 -0.999994
49 2.24651e+17 -0.999991
48 1.20681e+17 -0.999991
47 1.54065e+17 -0.99999
46 -7.5591e+16 -0.999995
45 -2.8972e+17 -0.999999
44 -2.63382e+17 -0.999998
43 -2.49295e+17 -0.999998
42 -1.58663e+17 -0.999996
41 -2.1906e+17 -0.999997
40 -4.63551e+17 -1
39 -4.75436e+17 -1
38 -4.87948e+17 -1
37 -5.01136e+17 -1
36 -5.15056e+17 -1
35 -5.29772e+17 -1
34 -5.45354e+17 -1
33 -5.61879e+17 -1
32 -5.79438e+17 -1
31 -5.9813e+17 -1
30 -6.18067e+17 -1
29 -6.3938e+17 -1
28 -6.62215e+17 -1
27 -6.86742e+17 -1
26 -7.13155e+17 -1
25 -7.41681e+17 -1
24 -7.72584e+17 -1
23 -8.06175e+17 -1
22 -8.42819e+17 -1
21 -8.82953e+17 -1
20 -9.27101e+17 -1
19 -9.75896e+17 -1
18 -1.03011e+18 -1
17 -1.09071e+18 -1
16 -1.15888e+18 -1
15 -1.23613e+18 -1
14 -1.32443e+18 -1
13 -1.42631e+18 -1
12 -1.54517e+18 -1
11 -1.68564e+18 -1
10 -1.8542e+18 -1
9 -2.06022e+18 -1
8 -2.31775e+18 -1
7 -2.64886e+18 -1
6 -3.09034e+18 -1
5 -3.7084e+18 -1
4 -4.63551e+18 -1
3 -6.18067e+18 -1
2 -9.27101e+18 -1
1 -1.8542e+19 -1
