600 3.60045e+19 -0.216582
599 3.49775e+19 0.13021
598 3.57025e+19 -0.0703739
597 3.52736e+19 -0.018304
596 3.62986e+19 0.11555
595 3.54195e+19 0.354406
594 3.62207e+19 -0.231014
593 3.65716e+19 -0.387018
592 3.49695e+19 -0.015904
591 3.70656e+19 0.222002
590 3.73686e+19 -0.0592779
589 3.8069e+19 0.340702
588 3.80673e+19 0.168554
587 3.69534e+19 -0.168042
586 3.7143e+19 0.210454
585 3.83402e+19 0.001554
584 3.73815e+19 0.180346
583 3.7089e+19 0.192508
582 3.82974e+19 -0.119844
581 3.8242e+19 -0.015354
580 3.84082e+19 -0.178744
579 3.78282e+19 -0.165216
578 3.87509e+19 -0.0856639
577 3.86855e+19 -0.045366
576 3.81532e+19 -0.125724
575 3.91571e+19 0.001034
574 3.95047e+19 0.229032
573 4.00314e+19 -0.026518
572 3.94453e+19 -0.152816
571 4.06789e+19 0.19179
570 4.07473e+19 0.024232
569 4.05254e+19 -0.413366
568 4.0877e+19 -0.320184
567 4.13582e+19 0.489918
566 4.17945e+19 -0.0725499
565 4.14514e+19 -0.156622
564 4.09965e+19 0.14156
563 4.10242e+19 -0.193248
562 4.22771e+19 -0.043662
561 4.13643e+19 0.238948
560 4.26365e+19 0.307178
559 4.22125e+19 -0.046012
558 4.29289e+19 0.002354
557 4.32079e+19 -0.165598
556 4.26631e+19 -0.11226
555 4.43153e+19 -0.034732
554 4.30869e+19 -0.385686
553 4.43801e+19 -0.0603139
552 4.44309e+19 0.349714
551 4.44359e+19 -0.114852
550 4.6116e+19 0.117458
549 4.47951e+19 -0.0942579
548 4.46106e+19 -0.240382
547 4.38027e+19 0.0522339
546 4.54649e+19 0.217862
545 4.48549e+19 0.036244
544 4.62233e+19 0.0555779
543 4.55927e+19 -0.269484
542 4.62676e+19 -0.154174
541 4.68436e+19 0.257814
540 4.57886e+19 0.367728
539 4.67427e+19 0.258952
538 4.77586e+19 -0.155164
537 4.76005e+19 -0.30738
536 4.608e+19 0.363896
535 4.87345e+19 -0.218156
534 4.80093e+19 -0.019016
533 4.79383e+19 -0.212962
532 4.91768e+19 0.164666
531 5.0051e+19 -0.390002
530 4.83806e+19 -0.36955
529 4.87929e+19 -0.004954
528 5.03406e+19 -0.0860719
527 4.99425e+19 -0.001342
526 4.9701e+19 0.177902
525 4.8872e+19 0.357428
524 4.93259e+19 0.124258
523 5.07024e+19 0.163704
522 5.18257e+19 0.291296
521 5.06973e+19 0.167876
520 5.20226e+19 0.0769199
519 5.08322e+19 -0.045456
518 5.32721e+19 -0.011434
517 5.26663e+19 0.26412
516 5.30361e+19 -0.00835799
515 5.47608e+19 -0.103222
514 5.41479e+19 -0.411208
513 5.39687e+19 0.0581659
512 5.33371e+19 0.147924
511 5.47593e+19 -0.529609
510 5.55768e+19 0.350962
509 5.43103e+19 -0.15383
508 5.52219e+19 -0.13405
507 5.71566e+19 0.02447
506 5.56813e+19 0.0531639
505 5.63921e+19 0.304426
504 5.74081e+19 0.22593
503 5.62191e+19 0.0685279
502 5.74434e+19 0.122004
501 5.75373e+19 0.49999
500 5.73812e+19 0.0906859
499 5.87683e+19 -0.162898
498 5.90146e+19 -0.263378
497 5.96209e+19 -0.288442
496 5.8757e+19 -0.116652
495 5.79211e+19 0.217258
494 6.13233e+19 0.044586
493 5.98987e+19 -0.259224
492 5.95993e+19 -0.0987679
491 6.03976e+19 0.316184
490 6.14408e+19 -0.025438
489 6.25918e+19 0.161626
488 6.26045e+19 -0.04031
487 6.2007e+19 0.20644
486 6.31544e+19 0.234218
485 6.37922e+19 0.262882
484 6.0772e+19 -0.143978
483 6.45032e+19 0.0813179
482 6.55244e+19 -0.0827199
481 6.44681e+19 0.26753
480 6.51997e+19 0.00808799
479 6.40821e+19 0.048274
478 6.49989e+19 0.0299
477 6.4922e+19 -0.217034
476 6.54072e+19 0.133402
475 6.83903e+19 -0.475242
474 6.93019e+19 -0.173594
473 6.9406e+19 0.26512
472 6.96946e+19 -0.045166
471 6.70193e+19 0.365672
470 6.74303e+19 0.035416
469 7.00792e+19 -0.0794519
468 7.01277e+19 -0.154522
467 7.36248e+19 -0.13308
466 7.35895e+19 0.0857319
465 7.31054e+19 0.0871659
464 7.29939e+19 -0.178784
463 7.14158e+19 -0.131562
462 7.24339e+19 0.146684
461 7.32711e+19 -0.571871
460 7.44545e+19 -0.294684
459 7.54998e+19 0.402438
458 7.47237e+19 -0.343706
457 7.39538e+19 -0.0849259
456 7.41242e+19 -0.0724299
455 7.46514e+19 0.304118
454 7.70346e+19 0.145114
453 7.74133e+19 -0.259446
452 7.87633e+19 0.26485
451 8.03788e+19 -0.003228
450 7.85484e+19 0.109324
449 8.01961e+19 0.186446
448 8.18325e+19 0.31141
447 8.05579e+19 -0.30289
446 8.0547e+19 0.390614
445 8.24057e+19 -0.196892
444 8.22126e+19 -0.207076
443 8.28525e+19 -0.142546
442 8.28574e+19 -0.268058
441 7.97552e+19 -0.107262
440 8.49639e+19 -0.0535759
439 8.52385e+19 0.231298
438 8.61726e+19 0.470528
437 8.53264e+19 -0.034582
436 8.77802e+19 -0.110838
435 8.57148e+19 -0.0777859
434 9.08128e+19 -0.0863859
433 8.86066e+19 -0.151162
432 9.06639e+19 -0.233354
431 9.17651e+19 -0.223262
430 9.16738e+19 0.29747
429 9.25996e+19 0.323826
428 9.41416e+19 -0.219228
427 9.28097e+19 0.101774
426 9.28337e+19 -0.184312
425 9.44147e+19 -0.609993
424 9.39116e+19 0.035856
423 9.61548e+19 0.046332
422 9.43394e+19 0.213968
421 9.56134e+19 0.24782
420 9.89025e+19 -0.02951
419 9.44757e+19 0.266052
418 1.00383e+20 0.301878
417 9.8993e+19 -0.421292
416 1.01706e+20 0.1352
415 1.01232e+20 -0.37536
414 1.03289e+20 -0.128474
413 1.00988e+20 0.228496
412 1.04916e+20 -0.315548
411 1.0615e+20 -0.004438
410 1.05857e+20 -0.037276
409 1.06488e+20 0.0776759
408 1.03513e+20 -0.0952879
407 1.03222e+20 -0.202846
406 1.04406e+20 -0.11236
405 1.08415e+20 0.178198
404 1.0946e+20 -0.186528
403 1.1024e+20 -0.228248
402 1.11139e+20 -0.209438
401 1.12182e+20 -0.118594
400 1.13469e+20 0.206472
399 1.16721e+20 0.250592
398 1.12604e+20 0.1795
397 1.18292e+20 -0.23947
396 1.14537e+20 -0.122768
395 1.21694e+20 0.230486
394 1.20454e+20 0.0890599
393 1.21993e+20 0.167802
392 1.21569e+20 0.17106
391 1.2248e+20 0.146472
390 1.25913e+20 -0.363642
389 1.28291e+20 -0.019534
388 1.25039e+20 -0.292568
387 1.24595e+20 0.0796019
386 1.27974e+20 0.212206
385 1.32464e+20 0.243438
384 1.32957e+20 -0.279932
383 1.35481e+20 -0.130202
382 1.30726e+20 -0.13783
381 1.34415e+20 -0.0691019
380 1.31488e+20 -0.0940239
379 1.39014e+20 0.30896
378 1.347e+20 -0.123924
377 1.41208e+20 0.246492
376 1.38789e+20 -0.434108
375 1.39409e+20 0.290974
374 1.37946e+20 0.812657
373 1.42424e+20 -0.317368
372 1.3875e+20 -0.035532
371 1.40764e+20 0.44749
370 1.45489e+20 0.223638
369 1.45693e+20 0.262312
368 1.53231e+20 -0.220738
367 1.53967e+20 0.0665419
366 1.53012e+20 0.354784
365 1.57437e+20 0.662983
364 1.52197e+20 0.160038
363 1.53604e+20 -0.306326
362 1.56613e+20 -1.02074
361 1.62827e+20 0.563733
360 1.60514e+20 -0.0805499
359 1.60964e+20 -0.00534799
358 1.63036e+20 -0.388684
357 1.65815e+20 -0.155948
356 1.68567e+20 -0.288892
355 1.70615e+20 0.40678
354 1.67692e+20 0.747719
353 1.71302e+20 -0.141108
352 1.68229e+20 0.194126
351 1.76468e+20 -1.35696
350 1.78038e+20 0.130494
349 1.79898e+20 0.134172
348 1.79507e+20 0.180288
347 1.81852e+20 -0.042566
346 1.88217e+20 0.396336
345 1.84137e+20 0.455524
344 1.92339e+20 0.049574
343 1.954e+20 0.516555
342 1.92283e+20 -0.30949
341 1.99566e+20 -0.125626
340 1.89525e+20 0.423514
339 2.01793e+20 -0.415516
338 1.97603e+20 -0.301882
337 1.94162e+20 -0.0581219
336 2.03308e+20 -0.39952
335 2.0476e+20 0.655385
334 2.05036e+20 0.285514
333 2.16053e+20 -0.343974
332 2.16471e+20 0.018936
331 2.12409e+20 0.222364
330 2.24548e+20 -0.31609
329 2.24329e+20 0.430692
328 2.22698e+20 0.38799
327 2.26099e+20 -0.0682359
326 2.28729e+20 0.846261
325 2.41849e+20 -0.267818
324 2.32896e+20 0.895665
323 2.38609e+20 -0.572859
322 2.2785e+20 -0.11868
321 2.4149e+20 -0.394982
320 2.51167e+20 -0.199994
319 2.46573e+20 0.254576
318 2.52261e+20 0.046346
317 2.51267e+20 -0.102866
316 2.48648e+20 0.0788459
315 2.64552e+20 0.012716
314 2.64304e+20 0.142724
313 2.68753e+20 0.410048
312 2.82874e+20 -0.126598
311 2.80299e+20 -0.32749
310 2.85227e+20 -0.0509459
309 2.78554e+20 -0.018758
308 2.94809e+20 0.32447
307 2.93994e+20 -0.330532
306 2.90713e+20 -0.669023
305 2.96637e+20 0.795005
304 2.88611e+20 -0.264598
303 3.07158e+20 0.0930339
302 3.19527e+20 -0.252254
301 3.20341e+20 -0.467238
300 3.24244e+20 0.17116
299 3.25517e+20 -0.876653
298 3.3075e+20 0.574117
297 3.33743e+20 -0.236128
296 3.43751e+20 -0.314532
295 3.51353e+20 -0.409522
294 3.47423e+20 -1.70923
293 3.51207e+20 -0.0698279
292 3.45117e+20 -0.742653
291 3.48731e+20 -0.707843
290 3.71922e+20 0.931011
289 3.85566e+20 0.951881
288 3.76976e+20 0.617291
287 3.82686e+20 0.020046
286 3.99007e+20 -0.396854
285 4.07746e+20 -0.831957
284 4.15566e+20 -0.309256
283 4.03717e+20 0.191992
282 4.21312e+20 1.07294
281 4.21595e+20 0.595819
280 4.3418e+20 0.0545179
279 4.21078e+20 -0.331912
278 4.28898e+20 -0.618317
277 4.63859e+20 0.966977
276 4.54386e+20 -0.334256
275 4.63973e+20 -0.908097
274 5.13252e+20 -0.014882
273 4.7275e+20 0.0594239
272 4.82022e+20 0.653337
271 5.14687e+20 -0.028586
270 4.73024e+20 0.692199
269 5.15144e+20 -0.840993
268 5.1234e+20 -0.189418
267 5.55857e+20 0.015614
266 5.33875e+20 0.0731279
265 5.28224e+20 0.036606
264 5.50186e+20 0.0919939
263 5.68607e+20 1.25416
262 5.6665e+20 0.451546
261 5.93482e+20 0.770639
260 5.69158e+20 -1.72579
259 6.11042e+20 0.184268
258 6.27503e+20 0.364326
257 6.35998e+20 0.00034
256 6.54461e+20 0.967851
255 6.52135e+20 -0.33537
254 6.97961e+20 -0.251754
253 6.93449e+20 -1.26868
252 7.00766e+20 0.024552
251 7.55113e+20 -0.29145
250 7.54171e+20 0.411176
249 7.40176e+20 1.16729
248 7.98935e+20 0.298964
247 8.27352e+20 0.25969
246 8.0382e+20 0.729711
245 7.95281e+20 0.690987
244 8.63085e+20 0.974379
243 8.73424e+20 -0.597061
242 8.88434e+20 1.10141
241 9.32704e+20 0.808481
240 9.55834e+20 -2.82241
239 9.81473e+20 0.167022
238 9.51653e+20 -0.280802
237 9.79389e+20 0.486772
236 1.06811e+21 1.2238
235 1.01913e+21 2.11296
234 1.08228e+21 -1.78475
233 1.06193e+21 0.873119
232 1.08408e+21 2.16541
231 1.17382e+21 -0.594285
230 1.20113e+21 0.577065
229 1.24634e+21 0.607067
228 1.29434e+21 -1.92059
227 1.32569e+21 1.79252
226 1.37835e+21 -1.14066
225 1.31319e+21 1.97906
224 1.38257e+21 2.64781
223 1.46821e+21 -0.043898
222 1.44494e+21 -1.82972
221 1.59874e+21 0.954815
220 1.6927e+21 0.987137
219 1.65146e+21 -0.0564479
218 1.71231e+21 -1.67631
217 1.79519e+21 0.922529
216 1.76698e+21 2.13531
215 1.92498e+21 -2.19835
214 1.94029e+21 0.576943
213 2.13704e+21 -0.044822
212 2.14407e+21 -0.834471
211 1.9997e+21 4.29802
210 2.16952e+21 -1.34635
209 2.33836e+21 3.88429
208 2.48034e+21 0.274254
207 2.43302e+21 0.837645
206 2.55459e+21 1.38227
205 2.60875e+21 2.84782
204 2.96568e+21 1.27368
203 2.96381e+21 -0.707691
202 3.07735e+21 -2.36678
201 2.94246e+21 0.688171
200 3.33944e+21 -0.203302
199 3.39439e+21 1.87587
198 3.72361e+21 -3.349
197 3.69194e+21 -2.89393
196 3.92028e+21 -5.00155
195 4.02099e+21 0.687943
194 4.26832e+21 4.81626
193 4.51314e+21 -3.29547
192 4.6367e+21 4.41134
191 4.58515e+21 3.35757
190 5.24049e+21 -2.14175
189 5.55566e+21 -0.00738199
188 5.23407e+21 -7.80288
187 5.67958e+21 -3.69572
186 6.30903e+21 -1.66478
185 6.40227e+21 -9.08023
184 6.8714e+21 4.86682
183 7.29953e+21 1.99482
182 7.46438e+21 -10.0736
181 7.79586e+21 -6.24316
180 8.07337e+21 -4.74609
179 8.41355e+21 -4.88831
178 9.23215e+21 1.70166
177 9.0317e+21 -4.97802
176 1.00245e+22 -1.45866
175 1.0431e+22 9.94751
174 1.03959e+22 11.579
173 1.0776e+22 11.4868
172 1.21983e+22 0.196076
171 1.00342e+22 -32.6019
170 1.20966e+22 -17.03
169 1.28834e+22 18.2286
168 1.2622e+22 21.3328
167 1.44211e+22 9.56074
166 1.48696e+22 -11.8003
165 1.52024e+22 15.0156
164 1.6812e+22 0.452666
163 1.7119e+22 0.458452
162 1.61195e+22 26.1764
161 1.61442e+22 31.6113
160 1.18938e+22 -51.3883
159 7.78725e+21 63.9119
158 1.81584e+22 -26.8544
157 1.8046e+22 31.2209
156 3.3913e+21 77.9105
155 1.1815e+22 58.1034
154 2.18207e+22 -19.7048
153 2.31424e+22 -11.8634
152 2.01875e+22 35.7975
151 4.5238e+20 87.728
150 6.22887e+21 -77.7925
149 6.65484e+21 78.0083
148 1.80329e+22 50.5424
147 2.83296e+20 -90.0794
146 2.42503e+20 -91.0922
145 1.77843e+20 -91.4985
144 1.00942e+22 -74.3251
143 2.09222e+20 91.918
142 1.77485e+20 92.2752
141 3.1207e+20 92.0968
140 3.15658e+20 92.4077
139 1.3774e+20 93.5561
138 1.26265e+20 93.8996
137 1.16473e+20 94.1398
136 1.04891e+20 94.5587
135 1.11823e+20 94.6633
134 3.56167e+22 -13.0011
133 1.14313e+20 -95.0569
132 2.64832e+22 -52.2542
131 8.49196e+19 95.5256
130 7.73474e+19 95.8397
129 9.32636e+19 95.9042
128 6.79443e+19 96.0982
127 7.12615e+19 96.3374
126 5.91867e+19 96.619
125 6.21589e+19 96.6259
124 5.2111e+19 96.9397
123 5.30909e+19 97.0432
122 5.0141e+19 97.1644
121 5.6529e+19 97.2571
120 4.47977e+19 97.3777
119 3.97348e+19 97.6653
118 4.64204e+19 97.647
117 3.93348e+19 97.8309
116 4.57862e+19 97.8566
115 3.42525e+19 98.0557
114 3.43895e+19 98.147
113 3.11822e+19 98.2704
112 3.1758e+19 98.3185
111 2.61264e+19 98.4338
110 2.51272e+19 98.5791
109 2.50823e+19 98.6022
108 2.30346e+19 98.7186
107 2.14018e+19 98.8145
106 2.22376e+19 98.8218
105 2.08912e+19 98.9072
104 1.86298e+19 98.978
103 1.83587e+19 99.0594
102 1.91279e+19 99.063
101 1.62926e+19 99.1591
100 1.48205e+19 99.2449
99 1.43982e+19 99.2754
98 1.39737e+19 99.2965
97 1.32489e+19 99.3623
96 1.2112e+19 99.3973
95 1.28374e+19 99.4246
94 1.07539e+19 99.4816
93 9.94847e+18 99.5184
92 9.95844e+18 99.5164
91 9.58752e+18 99.5639
90 8.33498e+18 99.6224
89 7.62604e+18 99.663
88 7.56013e+18 99.6663
87 7.77817e+18 99.6679
86 6.74959e+18 99.7139
85 6.38043e+18 99.7266
84 5.0834e+18 99.7824
83 5.06081e+18 99.7846
82 4.54607e+18 99.813
81 4.5554e+18 99.8235
80 3.75191e+18 99.8515
79 3.91746e+18 99.8495
78 3.46615e+18 99.8726
77 3.13228e+18 99.8849
76 2.90615e+18 99.8902
75 3.36084e+18 99.8939
74 2.36672e+18 99.9185
73 2.39508e+18 99.9214
72 2.09505e+18 99.9313
71 1.65356e+18 99.9465
70 1.34117e+18 99.9574
69 1.55631e+18 99.9519
68 1.02267e+18 99.9675
67 1.09503e+18 99.9685
66 1.23292e+18 99.9644
65 7.3637e+17 99.9792
64 7.11954e+17 99.9809
63 8.02195e+17 99.9782
62 6.637e+17 99.9835
61 5.56247e+17 99.986
60 5.74414e+17 99.9861
59 4.85537e+17 99.9883
58 3.74885e+17 99.9913
57 3.613e+17 99.9922
56 2.14221e+17 99.9954
55 2.43412e+17 99.9949
54 1.9475e+17 99.9961
53 1.76786e+17 99.9966
52 1.4255e+17 99.9975
51 2.70065e+17 99.9953
50 1.36817e+17 99.9976
49 3.82389e+16 99.9994
48 2.1876e+16 99.9997
47 6.63302e+16 99.999
46 0 100
45 3.86281e+15 99.9999
44 2.70814e+16 99.9996
43 9.55746e+15 99.9999
42 1.79002e+16 99.9998
41 0 100
40 0 100
39 0 100
38 1.50466e+16 99.9999
37 0 100
36 0 100
35 0 100
34 0 100
33 0 100
32 0 100
31 0 100
30 0 100
29 0 100
28 0 100
27 0 100
26 0 100
25 0 100
24 0 100
23 0 100
22 0 100
21 0 100
20 0 100
19 0 100
18 0 100
17 0 100
16 0 100
15 0 100
14 0 100
13 0 100
12 0 100
11 0 100
10 0 100
9 0 100
8 0 100
7 0 100
6 0 100
5 0 100
4 0 100
3 0 100
2 0 100
1 0 100
