3000 3.01076e+23 0.130295
2999 2.70569e+23 0.133318
2998 2.79086e+23 0.131271
2997 2.14366e+23 0.131813
2996 2.24575e+23 0.13241
2995 2.38275e+23 0.133828
2994 2.59241e+23 0.133965
2993 2.36638e+23 0.133194
2992 2.64182e+23 0.134192
2991 2.5261e+23 0.132882
2990 2.20814e+23 0.133082
2989 2.50809e+23 0.134562
2988 3.16867e+23 0.132362
2987 2.33745e+23 0.131547
2986 2.29297e+23 0.132357
2985 2.47234e+23 0.134052
2984 2.39426e+23 0.131403
2983 2.69881e+23 0.131418
2982 2.70873e+23 0.134131
2981 3.2778e+23 0.132658
2980 2.09641e+23 0.134282
2979 2.38311e+23 0.133329
2978 2.62913e+23 0.132635
2977 2.7473e+23 0.134309
2976 2.3944e+23 0.134365
2975 2.67025e+23 0.132655
2974 2.3802e+23 0.133994
2973 2.15319e+23 0.135205
2972 2.62767e+23 0.13496
2971 2.41513e+23 0.13235
2970 2.97819e+23 0.134819
2969 3.09947e+23 0.134232
2968 2.84552e+23 0.135833
2967 2.63081e+23 0.132229
2966 2.89601e+23 0.132584
2965 2.84448e+23 0.134808
2964 2.60249e+23 0.132408
2963 2.95406e+23 0.135849
2962 2.46794e+23 0.132829
2961 2.43545e+23 0.134657
2960 2.78346e+23 0.132778
2959 2.77412e+23 0.134578
2958 2.43281e+23 0.135007
2957 2.72035e+23 0.133047
2956 2.20393e+23 0.134822
2955 2.52418e+23 0.135053
2954 2.31864e+23 0.134221
2953 2.57866e+23 0.13601
2952 2.82273e+23 0.135985
2951 2.0447e+23 0.133947
2950 2.70534e+23 0.134551
2949 2.76971e+23 0.136352
2948 2.97732e+23 0.13351
2947 2.45759e+23 0.133872
2946 3.07354e+23 0.134379
2945 2.7212e+23 0.134832
2944 2.37646e+23 0.135011
2943 2.43938e+23 0.134054
2942 2.57376e+23 0.136315
2941 2.8848e+23 0.134913
2940 2.38797e+23 0.133462
2939 2.52118e+23 0.133857
2938 2.38427e+23 0.135287
2937 2.30668e+23 0.137438
2936 2.35881e+23 0.136562
2935 2.4011e+23 0.134769
2934 2.81575e+23 0.133916
2933 2.63629e+23 0.136902
2932 2.92132e+23 0.13384
2931 3.15878e+23 0.135941
2930 2.99484e+23 0.13521
2929 3.4454e+23 0.137736
2928 2.65306e+23 0.136057
2927 2.40108e+23 0.136519
2926 1.93086e+23 0.136255
2925 2.28763e+23 0.136584
2924 2.6274e+23 0.138238
2923 2.65844e+23 0.13703
2922 2.59322e+23 0.135868
2921 2.54852e+23 0.13848
2920 1.97187e+23 0.136223
2919 2.37525e+23 0.137344
2918 2.92564e+23 0.134184
2917 2.25939e+23 0.136168
2916 2.48547e+23 0.135584
2915 3.0976e+23 0.136073
2914 2.42983e+23 0.137391
2913 2.32428e+23 0.13459
2912 2.36786e+23 0.135567
2911 2.7573e+23 0.136439
2910 2.78419e+23 0.137076
2909 2.17674e+23 0.138345
2908 2.58437e+23 0.136783
2907 2.79153e+23 0.134674
2906 2.48611e+23 0.137182
2905 2.69445e+23 0.137468
2904 2.55077e+23 0.134853
2903 2.9687e+23 0.138342
2902 2.14507e+23 0.137059
2901 2.67708e+23 0.135992
2900 2.27995e+23 0.1363
2899 2.659e+23 0.137293
2898 2.57987e+23 0.136495
2897 2.34217e+23 0.136217
2896 2.36163e+23 0.137421
2895 2.71104e+23 0.137297
2894 3.43493e+23 0.135007
2893 2.31626e+23 0.136108
2892 3.00296e+23 0.137747
2891 2.65799e+23 0.138833
2890 2.83384e+23 0.138353
2889 2.99689e+23 0.138001
2888 2.85224e+23 0.1366
2887 2.60279e+23 0.13852
2886 2.25133e+23 0.138544
2885 2.50453e+23 0.137872
2884 2.89908e+23 0.137351
2883 2.90937e+23 0.139566
2882 2.76977e+23 0.137243
2881 2.42597e+23 0.139113
2880 2.48087e+23 0.13923
2879 2.7568e+23 0.138285
2878 2.74303e+23 0.138611
2877 2.65742e+23 0.137709
2876 2.90114e+23 0.13882
2875 2.39468e+23 0.138808
2874 3.12309e+23 0.139577
2873 2.44319e+23 0.140922
2872 2.36515e+23 0.140534
2871 3.28806e+23 0.139153
2870 2.44639e+23 0.139463
2869 2.77539e+23 0.140986
2868 2.50763e+23 0.138428
2867 2.87486e+23 0.138802
2866 2.42707e+23 0.138807
2865 3.10687e+23 0.13964
2864 2.55993e+23 0.139994
2863 3.12223e+23 0.139009
2862 2.85321e+23 0.13918
2861 2.47552e+23 0.14154
2860 2.81391e+23 0.141073
2859 2.77365e+23 0.138517
2858 2.60847e+23 0.139683
2857 3.22158e+23 0.13874
2856 2.76574e+23 0.14031
2855 2.8164e+23 0.139836
2854 2.7675e+23 0.140815
2853 3.18776e+23 0.142055
2852 2.55832e+23 0.138567
2851 2.49615e+23 0.14054
2850 3.16215e+23 0.14058
2849 3.09858e+23 0.137575
2848 2.60246e+23 0.139731
2847 2.37734e+23 0.140383
2846 2.55858e+23 0.1411
2845 2.50917e+23 0.140919
2844 2.68608e+23 0.139855
2843 2.6832e+23 0.139927
2842 2.38545e+23 0.141248
2841 2.92598e+23 0.140865
2840 2.28522e+23 0.141357
2839 2.24262e+23 0.140074
2838 2.81859e+23 0.139786
2837 2.47946e+23 0.140806
2836 2.78239e+23 0.141231
2835 2.72148e+23 0.14129
2834 2.45181e+23 0.14122
2833 3.14131e+23 0.141704
2832 2.95733e+23 0.140695
2831 3.21535e+23 0.142639
2830 2.50097e+23 0.141555
2829 2.44738e+23 0.14074
2828 2.75226e+23 0.141571
2827 3.14144e+23 0.140639
2826 2.78367e+23 0.138693
2825 2.5399e+23 0.141332
2824 3.02969e+23 0.142506
2823 2.36836e+23 0.139455
2822 3.03012e+23 0.140216
2821 2.56786e+23 0.143192
2820 3.29776e+23 0.140114
2819 2.61103e+23 0.140187
2818 3.26014e+23 0.142746
2817 2.25879e+23 0.143493
2816 2.38738e+23 0.142163
2815 3.21495e+23 0.144339
2814 2.91213e+23 0.143898
2813 2.95295e+23 0.141378
2812 2.55029e+23 0.142881
2811 2.4239e+23 0.144493
2810 2.73734e+23 0.142477
2809 2.50951e+23 0.142518
2808 2.88687e+23 0.142407
2807 2.55679e+23 0.140863
2806 2.72958e+23 0.142887
2805 2.34848e+23 0.141161
2804 2.42715e+23 0.141909
2803 2.19839e+23 0.143585
2802 2.40609e+23 0.142758
2801 2.93331e+23 0.142106
2800 2.3849e+23 0.141633
2799 2.13395e+23 0.144141
2798 2.29999e+23 0.143683
2797 2.85871e+23 0.144405
2796 3.21417e+23 0.142314
2795 2.59453e+23 0.144781
2794 2.95955e+23 0.14295
2793 3.1118e+23 0.142245
2792 2.77961e+23 0.142382
2791 2.67607e+23 0.143088
2790 2.86921e+23 0.14213
2789 3.70003e+23 0.14381
2788 2.8916e+23 0.141884
2787 2.56231e+23 0.142069
2786 2.70873e+23 0.144958
2785 2.53403e+23 0.142662
2784 3.02646e+23 0.143801
2783 2.11828e+23 0.146051
2782 2.88741e+23 0.142009
2781 3.3688e+23 0.144029
2780 2.82016e+23 0.145458
2779 2.92495e+23 0.143597
2778 2.69037e+23 0.144142
2777 2.42305e+23 0.144005
2776 3.27605e+23 0.142787
2775 3.04547e+23 0.144824
2774 2.74744e+23 0.145292
2773 2.81572e+23 0.143077
2772 2.63726e+23 0.144587
2771 2.87906e+23 0.144888
2770 2.94853e+23 0.144333
2769 2.99963e+23 0.142985
2768 3.25938e+23 0.143837
2767 2.93252e+23 0.146113
2766 2.93085e+23 0.145814
2765 3.34919e+23 0.144306
2764 2.98835e+23 0.146834
2763 2.59402e+23 0.144626
2762 2.98909e+23 0.145209
2761 2.81489e+23 0.145626
2760 2.89632e+23 0.144479
2759 2.54262e+23 0.146865
2758 3.05934e+23 0.146991
2757 3.4219e+23 0.145343
2756 3.10157e+23 0.14603
2755 3.81078e+23 0.144892
2754 2.66993e+23 0.145422
2753 3.27109e+23 0.144024
2752 2.35734e+23 0.145353
2751 2.68877e+23 0.146261
2750 2.77462e+23 0.146093
2749 3.62848e+23 0.146157
2748 2.67465e+23 0.147514
2747 3.14131e+23 0.14435
2746 2.53566e+23 0.145664
2745 2.88441e+23 0.146015
2744 2.69222e+23 0.145448
2743 2.48275e+23 0.147745
2742 2.98355e+23 0.147717
2741 2.57801e+23 0.1458
2740 2.92724e+23 0.1461
2739 3.00168e+23 0.147633
2738 2.69322e+23 0.14626
2737 3.02337e+23 0.146501
2736 2.47781e+23 0.148087
2735 3.059e+23 0.146662
2734 2.79331e+23 0.147981
2733 2.68492e+23 0.146208
2732 2.01525e+23 0.14536
2731 3.09695e+23 0.144298
2730 3.19196e+23 0.145973
2729 2.66091e+23 0.147071
2728 2.44436e+23 0.147408
2727 2.72223e+23 0.147198
2726 3.02879e+23 0.149368
2725 2.86668e+23 0.14648
2724 2.89922e+23 0.148169
2723 2.87439e+23 0.148992
2722 3.13658e+23 0.14775
2721 2.35289e+23 0.14744
2720 2.77848e+23 0.146974
2719 3.03384e+23 0.146196
2718 2.46168e+23 0.147792
2717 2.74251e+23 0.146426
2716 2.44393e+23 0.147013
2715 2.70863e+23 0.147383
2714 3.21148e+23 0.147641
2713 2.37283e+23 0.148794
2712 2.78819e+23 0.148406
2711 2.93082e+23 0.151318
2710 2.99006e+23 0.147116
2709 3.2908e+23 0.150106
2708 3.38129e+23 0.147813
2707 2.72527e+23 0.145811
2706 3.69365e+23 0.148636
2705 2.49454e+23 0.147836
2704 3.25486e+23 0.147851
2703 3.34585e+23 0.149213
2702 2.85935e+23 0.147731
2701 2.72361e+23 0.146079
2700 2.41247e+23 0.148413
2699 2.84113e+23 0.14877
2698 3.74366e+23 0.148017
2697 3.20211e+23 0.148169
2696 2.48052e+23 0.146907
2695 3.12694e+23 0.1492
2694 2.72094e+23 0.147723
2693 2.83495e+23 0.15001
2692 2.77874e+23 0.149541
2691 2.51134e+23 0.149765
2690 2.96342e+23 0.149246
2689 3.16251e+23 0.15053
2688 2.84545e+23 0.149755
2687 3.82554e+23 0.149445
2686 2.78323e+23 0.150149
2685 3.56376e+23 0.150196
2684 2.78754e+23 0.148726
2683 2.71433e+23 0.148778
2682 2.64102e+23 0.147854
2681 3.58508e+23 0.151527
2680 2.92242e+23 0.146771
2679 3.08045e+23 0.149244
2678 3.40501e+23 0.149662
2677 3.06424e+23 0.150097
2676 2.5461e+23 0.151537
2675 2.78318e+23 0.151477
2674 2.71135e+23 0.150888
2673 3.20402e+23 0.150848
2672 2.88601e+23 0.149963
2671 2.97395e+23 0.151085
2670 2.6572e+23 0.150994
2669 2.62958e+23 0.150255
2668 2.86479e+23 0.148724
2667 3.17568e+23 0.150269
2666 3.10896e+23 0.149599
2665 3.2365e+23 0.151156
2664 2.57135e+23 0.151248
2663 2.97367e+23 0.150527
2662 2.5156e+23 0.151373
2661 3.13062e+23 0.15266
2660 2.47112e+23 0.150857
2659 3.28869e+23 0.152275
2658 2.89616e+23 0.153059
2657 2.52408e+23 0.151932
2656 2.82159e+23 0.150418
2655 3.22532e+23 0.150418
2654 2.84222e+23 0.151369
2653 3.67461e+23 0.151248
2652 3.11166e+23 0.152585
2651 3.22788e+23 0.149928
2650 3.2606e+23 0.151511
2649 2.5709e+23 0.149168
2648 2.5978e+23 0.151706
2647 2.93556e+23 0.152271
2646 3.56531e+23 0.152956
2645 2.67316e+23 0.15164
2644 3.53807e+23 0.153122
2643 2.78953e+23 0.150436
2642 2.63796e+23 0.153355
2641 2.5862e+23 0.153079
2640 2.76078e+23 0.155688
2639 3.33415e+23 0.149736
2638 2.94473e+23 0.153664
2637 3.00095e+23 0.1519
2636 2.20108e+23 0.151557
2635 2.78957e+23 0.154133
2634 3.15132e+23 0.154006
2633 2.91438e+23 0.153407
2632 2.4287e+23 0.153137
2631 4.17108e+23 0.154616
2630 2.8441e+23 0.153928
2629 3.00676e+23 0.153291
2628 2.77335e+23 0.154593
2627 2.91307e+23 0.151272
2626 3.10584e+23 0.153592
2625 3.191e+23 0.151745
2624 2.52346e+23 0.153441
2623 2.92087e+23 0.153479
2622 3.11052e+23 0.152697
2621 2.63374e+23 0.154383
2620 3.09914e+23 0.152417
2619 2.4351e+23 0.153645
2618 3.1459e+23 0.153825
2617 2.72981e+23 0.15234
2616 2.69091e+23 0.151966
2615 2.87868e+23 0.153042
2614 2.59541e+23 0.155
2613 3.33926e+23 0.152621
2612 2.67598e+23 0.151793
2611 3.10401e+23 0.153198
2610 2.59791e+23 0.15592
2609 3.05835e+23 0.155631
2608 3.1013e+23 0.153857
2607 2.66147e+23 0.154853
2606 3.77385e+23 0.154435
2605 2.78993e+23 0.155486
2604 3.0011e+23 0.154443
2603 2.46762e+23 0.155905
2602 2.85987e+23 0.156122
2601 3.48842e+23 0.154574
2600 2.70061e+23 0.15611
2599 2.89831e+23 0.154578
2598 2.69155e+23 0.153403
2597 2.77878e+23 0.154124
2596 3.37115e+23 0.155246
2595 2.58499e+23 0.15265
2594 3.10367e+23 0.155334
2593 3.09287e+23 0.157748
2592 3.92758e+23 0.155001
2591 2.46648e+23 0.155622
2590 3.03076e+23 0.153589
2589 3.17342e+23 0.154248
2588 3.14872e+23 0.153717
2587 2.92647e+23 0.153989
2586 3.18225e+23 0.154331
2585 3.09047e+23 0.156487
2584 3.19419e+23 0.154101
2583 2.46903e+23 0.155732
2582 3.88515e+23 0.156183
2581 2.66031e+23 0.157113
2580 3.13102e+23 0.156824
2579 3.02426e+23 0.155653
2578 3.02479e+23 0.154164
2577 2.78421e+23 0.155781
2576 3.11749e+23 0.155684
2575 3.40778e+23 0.156091
2574 3.55355e+23 0.155482
2573 2.8002e+23 0.154742
2572 2.76035e+23 0.156779
2571 3.01605e+23 0.156184
2570 3.65377e+23 0.156287
2569 2.52806e+23 0.156589
2568 2.70307e+23 0.158038
2567 2.82307e+23 0.155213
2566 2.62108e+23 0.154752
2565 2.79376e+23 0.160169
2564 3.52085e+23 0.155623
2563 3.39355e+23 0.158303
2562 2.73033e+23 0.155723
2561 2.76386e+23 0.156016
2560 3.3708e+23 0.157341
2559 3.42942e+23 0.157855
2558 2.84363e+23 0.157947
2557 2.8486e+23 0.157958
2556 2.94603e+23 0.157427
2555 2.94217e+23 0.157128
2554 3.12969e+23 0.158222
2553 3.37367e+23 0.15534
2552 2.67028e+23 0.159111
2551 2.67528e+23 0.157659
2550 3.74741e+23 0.157922
2549 2.73875e+23 0.158273
2548 3.42164e+23 0.158784
2547 3.28066e+23 0.1575
2546 3.33968e+23 0.158296
2545 2.82425e+23 0.157171
2544 2.87764e+23 0.158006
2543 3.31234e+23 0.159737
2542 3.10661e+23 0.157571
2541 3.72767e+23 0.159226
2540 3.12691e+23 0.157461
2539 3.50067e+23 0.158307
2538 3.48658e+23 0.158162
2537 2.6193e+23 0.156836
2536 2.73669e+23 0.157237
2535 3.59182e+23 0.158699
2534 3.64689e+23 0.158679
2533 2.43221e+23 0.15957
2532 2.98561e+23 0.1596
2531 2.94709e+23 0.159145
2530 3.39434e+23 0.159418
2529 3.4505e+23 0.16028
2528 2.6313e+23 0.160105
2527 3.40608e+23 0.159957
2526 3.50006e+23 0.159964
2525 2.89805e+23 0.159785
2524 3.08705e+23 0.159709
2523 2.70048e+23 0.159664
2522 3.1555e+23 0.159295
2521 2.94184e+23 0.15863
2520 2.71855e+23 0.160903
2519 2.96149e+23 0.160643
2518 2.92523e+23 0.162489
2517 2.6307e+23 0.158852
2516 3.19873e+23 0.16162
2515 2.91069e+23 0.161123
2514 3.50029e+23 0.160573
2513 2.92294e+23 0.159713
2512 3.01017e+23 0.162198
2511 3.12294e+23 0.162134
2510 3.56572e+23 0.160641
2509 2.94663e+23 0.159155
2508 3.22652e+23 0.162656
2507 3.11576e+23 0.160905
2506 3.85648e+23 0.158404
2505 2.88271e+23 0.161543
2504 2.69613e+23 0.162952
2503 2.46165e+23 0.16085
2502 3.20485e+23 0.163059
2501 3.37166e+23 0.160841
2500 3.30206e+23 0.162431
2499 2.71184e+23 0.160059
2498 3.20995e+23 0.164493
2497 3.48009e+23 0.160056
2496 3.2951e+23 0.161284
2495 2.69518e+23 0.160782
2494 3.71384e+23 0.162942
2493 2.861e+23 0.162151
2492 2.85556e+23 0.161695
2491 3.09265e+23 0.160087
2490 3.38142e+23 0.162236
2489 3.14644e+23 0.161912
2488 3.91852e+23 0.162562
2487 2.67909e+23 0.161582
2486 2.84814e+23 0.160379
2485 3.02815e+23 0.162248
2484 2.59485e+23 0.163576
2483 3.00654e+23 0.161634
2482 2.95916e+23 0.162764
2481 2.83212e+23 0.163629
2480 3.69639e+23 0.163617
2479 3.25403e+23 0.163177
2478 2.88365e+23 0.163945
2477 3.27123e+23 0.162324
2476 3.12868e+23 0.164212
2475 3.45585e+23 0.164644
2474 2.43789e+23 0.164557
2473 3.24314e+23 0.162606
2472 2.89511e+23 0.163225
2471 3.17993e+23 0.164279
2470 3.21933e+23 0.162849
2469 3.28409e+23 0.164466
2468 3.07297e+23 0.163556
2467 3.06924e+23 0.16353
2466 3.29934e+23 0.163474
2465 2.89663e+23 0.164208
2464 2.87966e+23 0.165608
2463 2.8832e+23 0.162646
2462 3.51933e+23 0.163986
2461 3.37865e+23 0.16546
2460 2.9022e+23 0.165738
2459 2.80004e+23 0.164191
2458 3.47668e+23 0.165841
2457 3.44368e+23 0.163156
2456 3.11153e+23 0.166347
2455 3.66882e+23 0.164724
2454 3.07826e+23 0.162212
2453 3.50898e+23 0.165093
2452 2.78313e+23 0.165017
2451 3.30763e+23 0.163786
2450 2.96092e+23 0.164414
2449 2.61188e+23 0.165176
2448 3.07945e+23 0.166096
2447 2.85947e+23 0.166788
2446 3.08272e+23 0.1647
2445 3.48649e+23 0.166069
2444 2.83706e+23 0.166322
2443 3.23421e+23 0.166505
2442 3.1104e+23 0.16447
2441 3.15984e+23 0.165754
2440 3.13406e+23 0.164447
2439 2.89545e+23 0.166296
2438 3.76558e+23 0.165556
2437 2.66871e+23 0.165618
2436 3.41614e+23 0.166076
2435 3.00122e+23 0.165953
2434 2.96798e+23 0.166636
2433 3.14302e+23 0.168141
2432 3.05718e+23 0.165627
2431 3.32241e+23 0.165902
2430 3.91274e+23 0.165688
2429 3.82192e+23 0.167715
2428 3.25253e+23 0.166817
2427 3.36874e+23 0.167021
2426 3.46604e+23 0.164794
2425 3.58868e+23 0.166689
2424 3.54879e+23 0.167289
2423 3.32899e+23 0.168026
2422 3.40675e+23 0.168832
2421 3.61768e+23 0.166017
2420 2.77218e+23 0.169595
2419 2.85143e+23 0.166602
2418 2.63111e+23 0.168735
2417 3.67088e+23 0.166994
2416 3.02079e+23 0.170371
2415 3.31063e+23 0.168225
2414 3.33468e+23 0.169598
2413 3.19701e+23 0.167588
2412 3.28034e+23 0.166566
2411 3.25348e+23 0.169195
2410 3.45217e+23 0.168156
2409 3.77253e+23 0.170506
2408 2.70723e+23 0.168975
2407 3.72608e+23 0.167755
2406 4.09539e+23 0.170592
2405 3.38441e+23 0.169052
2404 3.03057e+23 0.169085
2403 3.9891e+23 0.1672
2402 2.43522e+23 0.169579
2401 3.43219e+23 0.169008
2400 3.17206e+23 0.169697
2399 4.03067e+23 0.16954
2398 3.58062e+23 0.171226
2397 4.14469e+23 0.173903
2396 3.3988e+23 0.171141
2395 2.85306e+23 0.169724
2394 3.26844e+23 0.169867
2393 3.32603e+23 0.169767
2392 3.15492e+23 0.169936
2391 3.13726e+23 0.169
2390 3.01992e+23 0.168929
2389 4.02456e+23 0.171325
2388 3.17511e+23 0.170023
2387 3.07765e+23 0.169929
2386 3.32312e+23 0.168433
2385 3.24851e+23 0.168685
2384 3.20724e+23 0.170737
2383 3.58095e+23 0.169738
2382 2.70688e+23 0.170471
2381 3.45608e+23 0.171845
2380 2.90379e+23 0.168609
2379 4.24135e+23 0.170758
2378 3.38071e+23 0.173487
2377 2.80936e+23 0.172016
2376 2.95028e+23 0.170968
2375 2.69703e+23 0.17115
2374 3.44511e+23 0.172915
2373 3.98381e+23 0.170991
2372 2.76289e+23 0.171184
2371 3.24753e+23 0.171647
2370 3.31083e+23 0.172733
2369 3.18168e+23 0.172548
2368 3.90792e+23 0.168513
2367 3.57989e+23 0.171679
2366 4.07594e+23 0.172433
2365 3.22459e+23 0.17143
2364 3.73326e+23 0.170777
2363 3.22672e+23 0.172705
2362 3.08099e+23 0.172632
2361 3.19253e+23 0.171828
2360 4.19496e+23 0.173172
2359 3.99942e+23 0.17478
2358 3.0442e+23 0.173425
2357 3.43012e+23 0.170792
2356 3.349e+23 0.172446
2355 3.41188e+23 0.172779
2354 3.87409e+23 0.172952
2353 3.39478e+23 0.173177
2352 3.58645e+23 0.172734
2351 3.57968e+23 0.174693
2350 4.23681e+23 0.173416
2349 3.12295e+23 0.171568
2348 3.09666e+23 0.173438
2347 3.06637e+23 0.17281
2346 3.35875e+23 0.174505
2345 3.75526e+23 0.171145
2344 2.55728e+23 0.173126
2343 3.62478e+23 0.176232
2342 3.57773e+23 0.171552
2341 4.30368e+23 0.17515
2340 3.38448e+23 0.174179
2339 3.84792e+23 0.172909
2338 3.1668e+23 0.174274
2337 3.71173e+23 0.174654
2336 2.96123e+23 0.173223
2335 3.88939e+23 0.173261
2334 2.76781e+23 0.172521
2333 3.73867e+23 0.175595
2332 3.03161e+23 0.1736
2331 4.26556e+23 0.174135
2330 3.67744e+23 0.176875
2329 3.39691e+23 0.174356
2328 3.35509e+23 0.172832
2327 2.96524e+23 0.173798
2326 3.10838e+23 0.174395
2325 2.80344e+23 0.175091
2324 2.63177e+23 0.174727
2323 3.64349e+23 0.175286
2322 3.80836e+23 0.175261
2321 3.52958e+23 0.175347
2320 3.7218e+23 0.175774
2319 3.53873e+23 0.177496
2318 3.38898e+23 0.175877
2317 3.1054e+23 0.175683
2316 2.89889e+23 0.177939
2315 3.50831e+23 0.176898
2314 3.95029e+23 0.175396
2313 3.46594e+23 0.178247
2312 3.65026e+23 0.177834
2311 3.50231e+23 0.176755
2310 3.1075e+23 0.176182
2309 3.5214e+23 0.177503
2308 3.40374e+23 0.175924
2307 3.43336e+23 0.176661
2306 3.60228e+23 0.175022
2305 3.07085e+23 0.176072
2304 3.29005e+23 0.175988
2303 3.69944e+23 0.178036
2302 3.14912e+23 0.176594
2301 3.7187e+23 0.178434
2300 3.48612e+23 0.1768
2299 2.67539e+23 0.1766
2298 3.40625e+23 0.178699
2297 3.28505e+23 0.176598
2296 4.02523e+23 0.17817
2295 3.09183e+23 0.176615
2294 3.37549e+23 0.176722
2293 3.95887e+23 0.176196
2292 3.75289e+23 0.178869
2291 3.45309e+23 0.178137
2290 3.11905e+23 0.177152
2289 2.99291e+23 0.177753
2288 3.72184e+23 0.181262
2287 3.01232e+23 0.177053
2286 3.65046e+23 0.177755
2285 3.67505e+23 0.177433
2284 2.80426e+23 0.177365
2283 3.48292e+23 0.180347
2282 3.17152e+23 0.179282
2281 2.90776e+23 0.178826
2280 3.82577e+23 0.179301
2279 3.86308e+23 0.177951
2278 2.99669e+23 0.179051
2277 2.84652e+23 0.180889
2276 3.4009e+23 0.17725
2275 3.19826e+23 0.177543
2274 3.49309e+23 0.178528
2273 3.73291e+23 0.179596
2272 3.56214e+23 0.178997
2271 3.43829e+23 0.179097
2270 3.6794e+23 0.180875
2269 3.34774e+23 0.180488
2268 3.92505e+23 0.179878
2267 3.63616e+23 0.181447
2266 3.52989e+23 0.179712
2265 2.82903e+23 0.180801
2264 4.18314e+23 0.179199
2263 2.94751e+23 0.179881
2262 2.96428e+23 0.182765
2261 3.79111e+23 0.179778
2260 3.14996e+23 0.1836
2259 3.47502e+23 0.178832
2258 3.56105e+23 0.180485
2257 4.02192e+23 0.181294
2256 2.90345e+23 0.181243
2255 3.17005e+23 0.179479
2254 4.03783e+23 0.183005
2253 3.77075e+23 0.181675
2252 4.71565e+23 0.180372
2251 3.35453e+23 0.183591
2250 3.2079e+23 0.18158
2249 3.71105e+23 0.18156
2248 3.14372e+23 0.180936
2247 3.87207e+23 0.182279
2246 2.96255e+23 0.181671
2245 2.85668e+23 0.180509
2244 3.37422e+23 0.182375
2243 3.45084e+23 0.182283
2242 2.7592e+23 0.18013
2241 3.11481e+23 0.181284
2240 4.00031e+23 0.181971
2239 3.50798e+23 0.182151
2238 4.46768e+23 0.181896
2237 3.52376e+23 0.183953
2236 3.72963e+23 0.181743
2235 3.42686e+23 0.184181
2234 3.33201e+23 0.183626
2233 4.00031e+23 0.183599
2232 3.51445e+23 0.183947
2231 3.56951e+23 0.182548
2230 3.74185e+23 0.181524
2229 3.61328e+23 0.184079
2228 3.86998e+23 0.184223
2227 4.19986e+23 0.183625
2226 3.3483e+23 0.184295
2225 3.58578e+23 0.184283
2224 3.85695e+23 0.184442
2223 3.20695e+23 0.183808
2222 3.95328e+23 0.184427
2221 3.26403e+23 0.18386
2220 3.71673e+23 0.184605
2219 3.92184e+23 0.185089
2218 3.72179e+23 0.186435
2217 3.0901e+23 0.183903
2216 3.3824e+23 0.183989
2215 3.35236e+23 0.18452
2214 3.8658e+23 0.184656
2213 3.5815e+23 0.186127
2212 3.71979e+23 0.185887
2211 3.92956e+23 0.186281
2210 3.87791e+23 0.187541
2209 3.16815e+23 0.185326
2208 3.75818e+23 0.185238
2207 2.84009e+23 0.183785
2206 3.83499e+23 0.185763
2205 3.52504e+23 0.185162
2204 3.75382e+23 0.184486
2203 3.2001e+23 0.187227
2202 3.6979e+23 0.185015
2201 3.71057e+23 0.184576
2200 4.08733e+23 0.18591
2199 3.61927e+23 0.183864
2198 3.21087e+23 0.18784
2197 4.15997e+23 0.187703
2196 3.60181e+23 0.186318
2195 3.53443e+23 0.185004
2194 3.13127e+23 0.186391
2193 2.97979e+23 0.18929
2192 4.22154e+23 0.186513
2191 3.20644e+23 0.190433
2190 2.956e+23 0.189355
2189 3.74122e+23 0.185567
2188 3.68754e+23 0.186421
2187 3.39678e+23 0.187779
2186 3.31903e+23 0.186499
2185 3.70152e+23 0.187635
2184 3.33751e+23 0.188242
2183 3.46636e+23 0.188871
2182 4.37179e+23 0.187156
2181 3.2302e+23 0.186928
2180 3.38109e+23 0.188152
2179 3.67709e+23 0.186895
2178 3.77127e+23 0.185718
2177 4.26961e+23 0.187616
2176 3.87362e+23 0.188325
2175 4.6358e+23 0.187599
2174 3.55289e+23 0.189181
2173 3.46268e+23 0.187549
2172 3.52281e+23 0.188472
2171 3.10948e+23 0.190046
2170 3.20984e+23 0.187395
2169 3.46571e+23 0.188815
2168 3.7534e+23 0.188698
2167 3.66397e+23 0.189118
2166 3.41818e+23 0.187647
2165 3.11081e+23 0.189241
2164 4.16887e+23 0.186701
2163 3.99315e+23 0.191185
2162 3.43163e+23 0.190563
2161 3.38049e+23 0.188582
2160 4.68328e+23 0.188833
2159 4.12304e+23 0.190382
2158 4.09311e+23 0.192509
2157 2.72481e+23 0.190212
2156 4.68765e+23 0.190809
2155 3.76101e+23 0.188295
2154 3.98108e+23 0.190744
2153 3.71941e+23 0.191453
2152 3.31222e+23 0.191163
2151 3.56728e+23 0.191238
2150 3.42796e+23 0.19169
2149 4.02918e+23 0.189522
2148 3.77819e+23 0.191437
2147 3.54674e+23 0.19006
2146 3.73835e+23 0.189809
2145 4.03996e+23 0.190343
2144 3.7104e+23 0.19082
2143 3.49216e+23 0.191088
2142 4.14372e+23 0.191271
2141 3.56318e+23 0.192053
2140 4.31746e+23 0.192782
2139 4.17423e+23 0.189907
2138 3.40212e+23 0.191751
2137 3.73636e+23 0.189783
2136 3.67596e+23 0.190375
2135 3.19401e+23 0.193647
2134 3.46529e+23 0.19167
2133 3.29631e+23 0.191771
2132 3.39727e+23 0.194237
2131 4.44914e+23 0.192365
2130 3.79118e+23 0.193006
2129 3.96078e+23 0.19505
2128 3.32465e+23 0.193929
2127 4.71531e+23 0.192445
2126 3.61671e+23 0.193054
2125 3.54632e+23 0.195373
2124 3.51128e+23 0.190929
2123 3.34461e+23 0.195476
2122 4.03752e+23 0.192226
2121 2.96603e+23 0.196259
2120 2.95581e+23 0.193205
2119 3.97938e+23 0.194301
2118 4.04462e+23 0.194241
2117 3.82007e+23 0.19291
2116 3.97609e+23 0.194978
2115 3.27625e+23 0.193803
2114 3.91864e+23 0.195458
2113 3.8852e+23 0.194134
2112 3.4086e+23 0.194425
2111 3.37459e+23 0.194663
2110 3.46054e+23 0.194995
2109 3.54614e+23 0.197142
2108 3.30316e+23 0.194583
2107 3.34575e+23 0.196066
2106 3.15357e+23 0.1967
2105 4.49956e+23 0.195851
2104 4.12502e+23 0.195414
2103 3.4299e+23 0.196899
2102 3.69145e+23 0.197109
2101 3.62377e+23 0.194889
2100 3.45933e+23 0.197078
2099 3.18475e+23 0.196634
2098 3.8244e+23 0.195137
2097 3.48429e+23 0.199017
2096 3.74025e+23 0.198045
2095 3.46723e+23 0.194984
2094 3.95349e+23 0.195232
2093 3.84884e+23 0.199153
2092 3.43999e+23 0.197496
2091 3.61631e+23 0.20078
2090 4.11809e+23 0.195861
2089 4.32767e+23 0.198403
2088 4.45568e+23 0.195646
2087 3.55299e+23 0.197439
2086 4.78762e+23 0.197002
2085 3.93074e+23 0.19654
2084 3.9025e+23 0.196545
2083 2.57483e+23 0.198438
2082 3.74051e+23 0.197548
2081 4.15196e+23 0.201188
2080 2.96789e+23 0.196724
2079 3.52281e+23 0.197465
2078 3.63747e+23 0.199231
2077 3.5105e+23 0.198614
2076 3.49042e+23 0.199529
2075 3.8769e+23 0.200638
2074 3.7406e+23 0.197302
2073 3.11638e+23 0.197566
2072 3.87538e+23 0.198163
2071 4.06717e+23 0.19795
2070 3.57499e+23 0.200911
2069 3.17234e+23 0.199753
2068 3.82321e+23 0.201702
2067 4.15091e+23 0.20102
2066 4.55319e+23 0.200233
2065 4.63784e+23 0.20226
2064 4.28909e+23 0.199666
2063 3.91901e+23 0.20088
2062 3.64243e+23 0.20022
2061 4.02545e+23 0.202248
2060 4.17935e+23 0.198824
2059 4.36488e+23 0.198872
2058 3.07307e+23 0.201583
2057 3.56207e+23 0.199131
2056 3.9303e+23 0.199734
2055 3.81586e+23 0.200373
2054 4.43487e+23 0.201102
2053 3.75401e+23 0.202008
2052 4.12923e+23 0.202071
2051 3.60514e+23 0.197983
2050 3.60879e+23 0.202305
2049 4.39617e+23 0.202051
2048 4.04435e+23 0.201377
2047 3.86867e+23 0.200115
2046 3.66145e+23 0.202467
2045 4.06807e+23 0.203422
2044 3.62598e+23 0.203497
2043 3.43469e+23 0.204671
2042 5.31556e+23 0.202906
2041 3.51867e+23 0.199358
2040 3.48049e+23 0.203936
2039 3.44117e+23 0.202593
2038 4.07852e+23 0.203643
2037 3.80059e+23 0.20303
2036 5.20808e+23 0.200841
2035 4.5568e+23 0.204858
2034 4.24883e+23 0.204429
2033 4.24138e+23 0.201712
2032 3.61118e+23 0.204213
2031 4.14651e+23 0.202885
2030 3.61925e+23 0.201895
2029 4.24056e+23 0.201872
2028 4.2957e+23 0.202254
2027 3.83305e+23 0.202225
2026 3.23528e+23 0.204145
2025 3.05453e+23 0.205477
2024 3.6013e+23 0.206234
2023 3.69996e+23 0.201745
2022 4.2581e+23 0.204739
2021 3.99625e+23 0.205816
2020 4.32776e+23 0.202455
2019 4.70183e+23 0.204684
2018 3.82297e+23 0.205718
2017 3.44628e+23 0.204711
2016 4.57736e+23 0.202485
2015 3.60141e+23 0.206005
2014 3.57811e+23 0.204996
2013 3.69557e+23 0.204302
2012 4.09423e+23 0.207164
2011 4.38346e+23 0.202881
2010 3.58065e+23 0.204423
2009 3.33385e+23 0.205677
2008 3.93897e+23 0.207099
2007 3.89515e+23 0.206703
2006 4.83114e+23 0.207966
2005 3.2782e+23 0.206935
2004 3.56896e+23 0.205896
2003 3.72441e+23 0.208654
2002 4.37657e+23 0.207756
2001 4.64574e+23 0.206741
2000 3.55849e+23 0.207783
1999 4.94702e+23 0.206327
1998 3.66028e+23 0.209301
1997 3.93973e+23 0.208155
1996 4.24458e+23 0.209624
1995 3.7927e+23 0.207182
1994 3.79601e+23 0.20819
1993 3.95988e+23 0.207622
1992 4.18187e+23 0.207203
1991 3.61914e+23 0.208229
1990 4.22427e+23 0.208808
1989 3.98506e+23 0.208968
1988 4.49962e+23 0.208544
1987 3.67156e+23 0.209433
1986 4.53145e+23 0.207429
1985 2.87508e+23 0.209892
1984 4.6076e+23 0.20689
1983 4.30731e+23 0.210453
1982 3.72032e+23 0.210554
1981 4.13286e+23 0.209461
1980 3.16346e+23 0.209512
1979 4.01621e+23 0.210677
1978 3.94946e+23 0.210588
1977 3.29068e+23 0.208768
1976 4.28671e+23 0.21149
1975 2.97296e+23 0.210164
1974 4.71658e+23 0.210939
1973 4.06363e+23 0.209917
1972 4.24985e+23 0.211401
1971 3.62193e+23 0.209029
1970 3.98077e+23 0.209255
1969 3.88302e+23 0.210473
1968 3.81734e+23 0.21215
1967 4.6104e+23 0.210309
1966 3.76729e+23 0.213483
1965 4.8087e+23 0.208796
1964 3.90172e+23 0.211543
1963 3.95594e+23 0.211353
1962 4.06882e+23 0.212063
1961 4.19852e+23 0.213564
1960 3.92125e+23 0.210842
1959 3.86303e+23 0.211704
1958 3.63437e+23 0.212601
1957 4.33305e+23 0.212165
1956 4.70274e+23 0.21193
1955 4.24212e+23 0.211567
1954 3.73326e+23 0.211908
1953 3.46762e+23 0.214212
1952 3.54732e+23 0.213164
1951 3.64672e+23 0.212723
1950 3.99802e+23 0.214281
1949 4.13793e+23 0.213241
1948 3.97478e+23 0.21013
1947 3.51901e+23 0.213294
1946 3.90183e+23 0.21203
1945 4.0179e+23 0.216296
1944 5.51179e+23 0.215447
1943 4.16837e+23 0.212545
1942 4.25772e+23 0.212838
1941 3.0163e+23 0.212246
1940 4.67721e+23 0.212846
1939 4.77569e+23 0.212201
1938 4.22386e+23 0.213825
1937 3.66118e+23 0.216163
1936 3.77331e+23 0.217244
1935 4.16491e+23 0.217588
1934 3.74754e+23 0.215315
1933 3.44275e+23 0.213517
1932 3.36138e+23 0.213078
1931 4.81963e+23 0.215851
1930 3.0135e+23 0.21434
1929 3.69755e+23 0.21629
1928 3.25235e+23 0.215096
1927 3.99836e+23 0.213436
1926 4.14241e+23 0.217013
1925 4.44342e+23 0.216857
1924 4.55343e+23 0.216413
1923 3.47963e+23 0.217414
1922 4.1224e+23 0.216344
1921 3.78227e+23 0.215529
1920 3.50287e+23 0.216114
1919 4.7172e+23 0.218328
1918 4.33453e+23 0.216103
1917 4.75633e+23 0.218714
1916 4.60744e+23 0.217426
1915 4.0504e+23 0.217793
1914 3.90478e+23 0.217607
1913 4.76356e+23 0.218241
1912 4.3182e+23 0.217657
1911 3.50222e+23 0.219858
1910 3.77188e+23 0.218293
1909 4.34437e+23 0.214764
1908 4.21487e+23 0.218795
1907 4.52866e+23 0.218599
1906 4.07489e+23 0.218523
1905 4.30054e+23 0.221947
1904 5.06145e+23 0.219906
1903 4.57595e+23 0.220563
1902 3.81258e+23 0.217438
1901 4.21056e+23 0.219912
1900 4.58689e+23 0.220044
1899 4.12163e+23 0.218276
1898 4.09932e+23 0.22049
1897 3.49551e+23 0.221343
1896 4.4029e+23 0.21887
1895 4.46883e+23 0.218342
1894 3.95991e+23 0.220276
1893 4.11837e+23 0.219517
1892 4.61819e+23 0.222482
1891 4.23688e+23 0.219598
1890 4.27069e+23 0.221888
1889 3.8448e+23 0.221899
1888 5.12648e+23 0.221853
1887 4.37868e+23 0.21955
1886 4.14739e+23 0.220147
1885 4.26153e+23 0.223493
1884 3.97853e+23 0.222343
1883 4.70472e+23 0.222069
1882 3.89151e+23 0.22217
1881 4.88067e+23 0.221921
1880 4.93053e+23 0.221336
1879 4.37915e+23 0.222976
1878 3.61177e+23 0.223475
1877 4.01304e+23 0.222549
1876 4.04684e+23 0.224962
1875 4.03609e+23 0.221872
1874 3.94162e+23 0.223217
1873 4.37206e+23 0.223151
1872 4.22471e+23 0.223276
1871 3.60454e+23 0.223083
1870 3.7905e+23 0.223818
1869 4.60942e+23 0.223769
1868 4.33116e+23 0.225211
1867 3.77668e+23 0.222984
1866 4.34885e+23 0.224154
1865 4.22508e+23 0.223513
1864 3.84896e+23 0.223774
1863 4.65453e+23 0.223786
1862 4.85457e+23 0.223688
1861 3.91625e+23 0.226213
1860 3.45298e+23 0.225193
1859 4.12553e+23 0.223458
1858 3.82934e+23 0.225888
1857 4.54346e+23 0.224798
1856 3.79769e+23 0.225686
1855 3.96651e+23 0.224873
1854 4.27807e+23 0.226149
1853 3.81191e+23 0.226091
1852 4.67224e+23 0.223538
1851 3.79033e+23 0.225813
1850 4.64231e+23 0.224785
1849 4.76605e+23 0.224393
1848 4.45806e+23 0.225616
1847 3.8993e+23 0.225538
1846 3.96487e+23 0.2242
1845 4.07429e+23 0.226492
1844 5.08882e+23 0.228977
1843 3.6688e+23 0.226972
1842 4.08072e+23 0.226601
1841 3.56918e+23 0.22784
1840 3.47582e+23 0.227473
1839 4.56287e+23 0.22775
1838 3.93433e+23 0.227484
1837 4.5481e+23 0.226147
1836 4.48913e+23 0.230533
1835 4.76537e+23 0.227991
1834 4.50519e+23 0.226357
1833 5.08852e+23 0.229133
1832 4.07323e+23 0.228028
1831 3.60705e+23 0.228397
1830 3.65807e+23 0.22825
1829 4.46225e+23 0.229139
1828 4.09423e+23 0.228851
1827 5.53584e+23 0.228054
1826 3.49949e+23 0.228099
1825 4.42324e+23 0.23041
1824 5.03895e+23 0.227725
1823 5.23441e+23 0.227471
1822 4.41433e+23 0.231032
1821 5.25069e+23 0.231028
1820 4.0207e+23 0.230917
1819 3.80564e+23 0.232397
1818 4.29425e+23 0.229771
1817 4.75443e+23 0.229803
1816 5.31646e+23 0.230821
1815 4.88066e+23 0.231501
1814 3.92184e+23 0.230848
1813 3.80715e+23 0.230794
1812 4.6746e+23 0.228144
1811 5.22444e+23 0.231823
1810 4.14239e+23 0.229707
1809 4.539e+23 0.231175
1808 4.22525e+23 0.234375
1807 4.5606e+23 0.232767
1806 4.62093e+23 0.232208
1805 4.55199e+23 0.234045
1804 4.50855e+23 0.231306
1803 4.9003e+23 0.233474
1802 4.60398e+23 0.233267
1801 5.2758e+23 0.233482
1800 3.94767e+23 0.233586
1799 4.58483e+23 0.233696
1798 5.03798e+23 0.234788
1797 4.18495e+23 0.234496
1796 4.37649e+23 0.233675
1795 4.39282e+23 0.233419
1794 4.37537e+23 0.235071
1793 3.82608e+23 0.234453
1792 3.92435e+23 0.236193
1791 4.59935e+23 0.232749
1790 3.65635e+23 0.234806
1789 5.1137e+23 0.23765
1788 4.53406e+23 0.232788
1787 4.09166e+23 0.233927
1786 4.74296e+23 0.232513
1785 4.48624e+23 0.23574
1784 3.89198e+23 0.23655
1783 4.29829e+23 0.235984
1782 3.81358e+23 0.235766
1781 4.36843e+23 0.236315
1780 5.21139e+23 0.237534
1779 4.49173e+23 0.235099
1778 5.04392e+23 0.236692
1777 4.29242e+23 0.236519
1776 4.28323e+23 0.23576
1775 4.40296e+23 0.236207
1774 4.23458e+23 0.234724
1773 3.84267e+23 0.237658
1772 4.81719e+23 0.237098
1771 4.90364e+23 0.238144
1770 5.06245e+23 0.238452
1769 4.73084e+23 0.237912
1768 4.2263e+23 0.237732
1767 4.66941e+23 0.239935
1766 4.12562e+23 0.238401
1765 4.28223e+23 0.239076
1764 4.80473e+23 0.239326
1763 4.38614e+23 0.239184
1762 4.14192e+23 0.237347
1761 5.2489e+23 0.240495
1760 4.13339e+23 0.238486
1759 5.35596e+23 0.240831
1758 3.90196e+23 0.237
1757 4.32484e+23 0.238998
1756 3.89573e+23 0.240682
1755 5.43862e+23 0.239102
1754 4.93013e+23 0.240997
1753 3.87974e+23 0.238745
1752 5.37301e+23 0.240095
1751 4.61453e+23 0.241582
1750 3.75571e+23 0.244146
1749 4.717e+23 0.239095
1748 4.101e+23 0.24113
1747 4.61252e+23 0.241556
1746 3.90528e+23 0.238678
1745 5.11828e+23 0.242346
1744 3.93901e+23 0.243039
1743 4.30937e+23 0.240954
1742 4.4657e+23 0.24173
1741 4.50185e+23 0.243125
1740 3.94327e+23 0.240799
1739 4.20189e+23 0.243859
1738 5.28671e+23 0.242847
1737 4.38267e+23 0.241206
1736 4.41265e+23 0.242661
1735 4.59701e+23 0.242097
1734 3.86128e+23 0.241475
1733 4.56579e+23 0.242964
1732 4.45229e+23 0.242361
1731 4.35625e+23 0.244458
1730 4.30952e+23 0.24336
1729 4.18341e+23 0.244704
1728 4.52316e+23 0.241418
1727 4.15121e+23 0.244411
1726 4.38615e+23 0.243283
1725 5.09174e+23 0.244381
1724 5.65834e+23 0.24343
1723 5.10041e+23 0.247039
1722 4.90078e+23 0.243565
1721 4.66513e+23 0.243893
1720 5.14206e+23 0.244528
1719 5.53709e+23 0.243564
1718 4.0827e+23 0.245635
1717 3.80926e+23 0.244883
1716 4.35646e+23 0.245828
1715 4.49779e+23 0.246944
1714 3.72918e+23 0.247077
1713 4.64869e+23 0.245481
1712 4.63574e+23 0.247067
1711 3.77717e+23 0.247216
1710 5.70683e+23 0.246316
1709 4.42959e+23 0.247101
1708 5.27869e+23 0.25031
1707 4.47133e+23 0.247726
1706 4.07236e+23 0.245878
1705 4.30802e+23 0.248477
1704 4.72671e+23 0.247041
1703 4.8516e+23 0.248871
1702 5.18698e+23 0.244853
1701 4.15338e+23 0.247035
1700 5.36203e+23 0.248084
1699 4.92279e+23 0.248649
1698 4.05018e+23 0.248506
1697 4.61116e+23 0.249036
1696 5.18934e+23 0.246966
1695 4.56344e+23 0.247705
1694 4.13734e+23 0.250709
1693 5.16335e+23 0.251852
1692 3.98321e+23 0.250419
1691 5.34501e+23 0.248343
1690 3.08073e+23 0.249748
1689 4.64178e+23 0.249777
1688 5.75726e+23 0.250455
1687 5.48425e+23 0.251579
1686 5.28029e+23 0.250927
1685 4.75191e+23 0.250876
1684 4.94344e+23 0.252258
1683 4.33333e+23 0.251827
1682 4.65872e+23 0.25299
1681 4.97958e+23 0.25213
1680 4.70214e+23 0.250876
1679 4.53336e+23 0.253428
1678 5.06381e+23 0.252558
1677 4.79144e+23 0.251206
1676 5.75793e+23 0.252221
1675 4.23782e+23 0.253383
1674 4.22884e+23 0.252566
1673 4.99024e+23 0.252316
1672 4.5321e+23 0.2531
1671 5.61912e+23 0.253827
1670 4.6072e+23 0.252251
1669 4.74749e+23 0.252514
1668 4.71146e+23 0.255511
1667 4.39416e+23 0.254099
1666 3.90783e+23 0.25326
1665 4.18433e+23 0.254494
1664 4.39075e+23 0.25482
1663 5.98824e+23 0.255548
1662 4.6829e+23 0.253916
1661 4.05743e+23 0.254235
1660 4.21509e+23 0.254967
1659 4.82115e+23 0.254901
1658 4.72461e+23 0.253183
1657 3.90649e+23 0.256705
1656 4.38218e+23 0.257064
1655 5.56779e+23 0.255945
1654 4.46334e+23 0.255852
1653 4.33417e+23 0.254163
1652 4.73774e+23 0.258152
1651 4.06873e+23 0.257735
1650 4.03551e+23 0.257018
1649 5.62302e+23 0.257352
1648 4.50421e+23 0.258401
1647 4.71147e+23 0.259446
1646 5.55435e+23 0.256403
1645 4.63341e+23 0.254908
1644 6.13841e+23 0.257976
1643 5.1937e+23 0.257343
1642 5.02056e+23 0.257874
1641 4.79674e+23 0.257168
1640 4.63973e+23 0.259978
1639 3.97142e+23 0.259968
1638 3.79127e+23 0.258931
1637 4.47973e+23 0.259096
1636 5.36742e+23 0.260474
1635 6.11734e+23 0.25992
1634 5.19363e+23 0.25963
1633 6.2284e+23 0.259164
1632 4.30346e+23 0.259368
1631 4.98179e+23 0.260598
1630 4.37377e+23 0.259211
1629 5.29222e+23 0.26301
1628 4.37729e+23 0.261678
1627 4.61273e+23 0.2618
1626 4.60987e+23 0.260103
1625 4.67179e+23 0.260334
1624 3.68422e+23 0.261468
1623 5.29537e+23 0.261589
1622 4.7164e+23 0.262324
1621 5.32183e+23 0.263575
1620 4.26451e+23 0.262392
1619 4.52082e+23 0.262179
1618 4.82313e+23 0.263154
1617 4.48536e+23 0.262762
1616 4.37605e+23 0.262617
1615 4.59878e+23 0.265655
1614 5.44784e+23 0.261907
1613 4.53393e+23 0.263141
1612 4.43947e+23 0.262436
1611 5.52783e+23 0.26314
1610 5.02466e+23 0.264276
1609 4.88168e+23 0.26416
1608 4.85724e+23 0.262755
1607 5.61492e+23 0.262376
1606 5.44696e+23 0.2647
1605 4.6653e+23 0.266103
1604 4.24216e+23 0.266215
1603 4.11678e+23 0.267201
1602 5.30734e+23 0.264558
1601 4.72204e+23 0.265068
1600 4.61122e+23 0.268147
1599 4.51976e+23 0.265067
1598 6.01958e+23 0.263624
1597 5.20809e+23 0.266739
1596 5.1796e+23 0.26789
1595 6.06021e+23 0.266773
1594 5.93138e+23 0.268895
1593 4.5351e+23 0.268106
1592 4.24675e+23 0.267969
1591 5.63076e+23 0.266279
1590 4.08426e+23 0.267862
1589 5.58873e+23 0.269411
1588 5.09213e+23 0.268485
1587 4.11298e+23 0.267945
1586 4.30123e+23 0.26673
1585 4.40701e+23 0.268548
1584 4.82758e+23 0.267591
1583 4.41783e+23 0.269901
1582 4.6984e+23 0.269116
1581 4.15076e+23 0.272048
1580 4.73817e+23 0.267929
1579 3.51222e+23 0.26917
1578 4.64182e+23 0.270378
1577 5.25972e+23 0.269741
1576 4.40822e+23 0.268967
1575 4.61915e+23 0.27065
1574 5.59612e+23 0.271347
1573 4.85271e+23 0.27151
1572 5.05847e+23 0.275612
1571 5.08258e+23 0.27098
1570 5.53234e+23 0.271979
1569 4.7197e+23 0.270644
1568 4.42081e+23 0.272101
1567 5.06359e+23 0.273039
1566 5.12754e+23 0.273951
1565 4.98316e+23 0.272638
1564 5.85682e+23 0.273966
1563 5.06122e+23 0.271667
1562 5.27297e+23 0.27217
1561 6.15662e+23 0.273797
1560 5.08144e+23 0.273768
1559 5.34511e+23 0.273573
1558 4.56641e+23 0.273647
1557 4.5939e+23 0.274957
1556 4.39824e+23 0.277572
1555 4.73201e+23 0.273462
1554 4.95784e+23 0.275276
1553 4.30523e+23 0.276185
1552 5.57996e+23 0.27543
1551 4.96844e+23 0.273778
1550 4.36485e+23 0.277302
1549 5.97926e+23 0.277192
1548 3.87611e+23 0.276802
1547 5.38299e+23 0.275646
1546 5.09344e+23 0.275797
1545 6.93717e+23 0.278294
1544 5.70918e+23 0.278228
1543 5.32642e+23 0.277329
1542 5.40463e+23 0.276042
1541 4.57238e+23 0.275598
1540 5.13031e+23 0.274633
1539 5.24706e+23 0.280003
1538 5.01523e+23 0.276723
1537 3.93054e+23 0.277847
1536 5.65571e+23 0.277664
1535 5.97471e+23 0.278764
1534 4.62076e+23 0.277899
1533 4.09628e+23 0.277733
1532 5.54559e+23 0.277237
1531 4.80411e+23 0.27952
1530 4.77062e+23 0.278757
1529 4.68716e+23 0.280112
1528 5.61024e+23 0.282547
1527 4.29876e+23 0.278878
1526 5.13084e+23 0.283542
1525 4.75379e+23 0.279585
1524 5.75786e+23 0.281186
1523 4.88136e+23 0.281553
1522 5.17595e+23 0.283657
1521 5.58002e+23 0.28199
1520 5.62627e+23 0.282713
1519 4.83283e+23 0.281151
1518 5.91136e+23 0.284278
1517 4.92138e+23 0.281754
1516 5.13489e+23 0.282082
1515 4.90792e+23 0.283563
1514 5.00802e+23 0.280915
1513 5.1686e+23 0.284286
1512 5.64226e+23 0.283145
1511 4.18189e+23 0.283308
1510 5.5618e+23 0.283627
1509 4.87774e+23 0.285936
1508 5.00046e+23 0.284676
1507 5.83574e+23 0.283347
1506 5.10086e+23 0.28408
1505 5.07208e+23 0.283683
1504 4.02407e+23 0.287007
1503 5.19765e+23 0.286169
1502 5.70435e+23 0.283936
1501 5.53875e+23 0.287176
1500 4.82393e+23 0.285843
1499 5.51046e+23 0.287691
1498 4.79431e+23 0.286098
1497 4.62056e+23 0.285745
1496 5.14038e+23 0.287065
1495 5.4209e+23 0.288921
1494 5.92571e+23 0.286115
1493 4.86302e+23 0.287402
1492 4.11549e+23 0.285636
1491 4.95211e+23 0.290341
1490 5.51796e+23 0.287047
1489 7.386e+23 0.288347
1488 5.03116e+23 0.28733
1487 4.77317e+23 0.288355
1486 5.52635e+23 0.288636
1485 5.67925e+23 0.287561
1484 5.10649e+23 0.288097
1483 5.64625e+23 0.288754
1482 5.69827e+23 0.289404
1481 6.00634e+23 0.290847
1480 5.21845e+23 0.292274
1479 5.17005e+23 0.293272
1478 5.6252e+23 0.292162
1477 5.79285e+23 0.293432
1476 4.30441e+23 0.288374
1475 4.55635e+23 0.290062
1474 4.39477e+23 0.29244
1473 5.11479e+23 0.290689
1472 5.18294e+23 0.291173
1471 5.38605e+23 0.293944
1470 6.53944e+23 0.292539
1469 5.77152e+23 0.295109
1468 5.63608e+23 0.292114
1467 5.50045e+23 0.292481
1466 5.30143e+23 0.291257
1465 4.57682e+23 0.294505
1464 4.42297e+23 0.291068
1463 5.82043e+23 0.295078
1462 4.39823e+23 0.293083
1461 4.72584e+23 0.294977
1460 5.89723e+23 0.295239
1459 5.00484e+23 0.29649
1458 5.31857e+23 0.295742
1457 5.7577e+23 0.296727
1456 5.84034e+23 0.294899
1455 6.11778e+23 0.296946
1454 6.42411e+23 0.295731
1453 5.18484e+23 0.296878
1452 5.19833e+23 0.297815
1451 4.58949e+23 0.292919
1450 5.8182e+23 0.295992
1449 7.1275e+23 0.299149
1448 5.80867e+23 0.296466
1447 5.77502e+23 0.299505
1446 5.77957e+23 0.297878
1445 5.12593e+23 0.296359
1444 6.39244e+23 0.298247
1443 5.19241e+23 0.300055
1442 5.06315e+23 0.299835
1441 5.98293e+23 0.298703
1440 6.16411e+23 0.299807
1439 5.98711e+23 0.301479
1438 6.39719e+23 0.29994
1437 5.24251e+23 0.29904
1436 6.50103e+23 0.301053
1435 5.09426e+23 0.300677
1434 6.19369e+23 0.29943
1433 5.37157e+23 0.300923
1432 5.17419e+23 0.300441
1431 4.55997e+23 0.304693
1430 6.27093e+23 0.302474
1429 5.62505e+23 0.303172
1428 5.23236e+23 0.302253
1427 6.66345e+23 0.303713
1426 6.57847e+23 0.302243
1425 5.52037e+23 0.302609
1424 4.19558e+23 0.304981
1423 6.58884e+23 0.303784
1422 5.32956e+23 0.303883
1421 5.34966e+23 0.30278
1420 4.41592e+23 0.304284
1419 5.44099e+23 0.304928
1418 5.53604e+23 0.304218
1417 5.18819e+23 0.304031
1416 6.08138e+23 0.307779
1415 6.57477e+23 0.306028
1414 7.11293e+23 0.307755
1413 5.19075e+23 0.306399
1412 4.27932e+23 0.306204
1411 4.42781e+23 0.308155
1410 5.27027e+23 0.308299
1409 6.4737e+23 0.306649
1408 4.42786e+23 0.306021
1407 6.10101e+23 0.306966
1406 5.26229e+23 0.308356
1405 5.3911e+23 0.308023
1404 5.15225e+23 0.308934
1403 6.40008e+23 0.310985
1402 5.6503e+23 0.306617
1401 5.02478e+23 0.308894
1400 4.62561e+23 0.309453
1399 4.52757e+23 0.313704
1398 4.79012e+23 0.309487
1397 4.74789e+23 0.312197
1396 6.03054e+23 0.309329
1395 5.56301e+23 0.311443
1394 5.24891e+23 0.312285
1393 4.47159e+23 0.310665
1392 5.783e+23 0.309382
1391 5.57768e+23 0.311714
1390 5.44953e+23 0.313406
1389 4.87218e+23 0.313284
1388 5.23241e+23 0.312115
1387 5.96666e+23 0.31149
1386 6.83434e+23 0.312364
1385 5.26178e+23 0.313989
1384 6.89146e+23 0.313829
1383 4.46492e+23 0.312836
1382 6.20354e+23 0.314019
1381 3.89266e+23 0.314768
1380 4.95502e+23 0.313043
1379 5.43476e+23 0.314016
1378 5.26574e+23 0.314476
1377 4.96126e+23 0.316053
1376 6.26193e+23 0.315593
1375 5.83242e+23 0.315982
1374 5.70958e+23 0.313655
1373 5.83721e+23 0.316986
1372 4.82771e+23 0.317094
1371 4.99429e+23 0.316195
1370 4.80909e+23 0.315935
1369 5.50945e+23 0.317083
1368 4.92099e+23 0.318617
1367 5.00066e+23 0.320809
1366 6.41333e+23 0.316187
1365 6.11138e+23 0.317896
1364 5.33602e+23 0.317045
1363 4.86283e+23 0.317472
1362 5.30113e+23 0.318773
1361 6.92407e+23 0.317088
1360 5.95494e+23 0.319073
1359 5.56586e+23 0.319567
1358 5.68039e+23 0.321471
1357 5.21907e+23 0.318205
1356 5.93518e+23 0.319378
1355 6.47482e+23 0.321826
1354 6.00075e+23 0.322125
1353 6.05669e+23 0.321095
1352 5.54983e+23 0.32287
1351 5.50102e+23 0.323122
1350 5.75671e+23 0.321934
1349 5.56635e+23 0.322821
1348 5.86862e+23 0.321088
1347 6.15899e+23 0.325799
1346 4.46444e+23 0.321433
1345 5.21773e+23 0.325223
1344 5.51706e+23 0.328329
1343 6.45193e+23 0.326462
1342 6.27351e+23 0.323904
1341 4.72284e+23 0.32388
1340 5.80655e+23 0.323871
1339 7.05402e+23 0.327147
1338 6.51193e+23 0.325629
1337 6.45218e+23 0.326544
1336 6.30433e+23 0.326047
1335 5.86745e+23 0.327245
1334 5.28447e+23 0.326582
1333 6.5227e+23 0.325928
1332 6.71888e+23 0.325525
1331 6.19417e+23 0.325635
1330 6.96146e+23 0.326187
1329 6.41466e+23 0.330063
1328 6.9546e+23 0.329302
1327 4.60147e+23 0.329275
1326 5.59503e+23 0.329043
1325 6.72524e+23 0.328309
1324 5.8341e+23 0.327785
1323 5.22475e+23 0.331143
1322 5.82762e+23 0.330221
1321 5.38874e+23 0.331285
1320 5.14324e+23 0.332488
1319 6.27793e+23 0.331064
1318 6.04049e+23 0.333322
1317 7.06843e+23 0.331628
1316 5.84698e+23 0.334714
1315 6.24224e+23 0.333796
1314 7.56482e+23 0.333573
1313 6.46611e+23 0.333505
1312 5.76687e+23 0.332055
1311 5.79308e+23 0.332686
1310 5.2532e+23 0.333167
1309 5.86704e+23 0.332654
1308 5.43122e+23 0.332413
1307 5.89522e+23 0.336438
1306 5.12924e+23 0.334621
1305 6.05262e+23 0.333459
1304 5.56208e+23 0.334383
1303 5.47231e+23 0.333784
1302 5.82669e+23 0.335477
1301 5.99728e+23 0.339421
1300 5.83731e+23 0.33777
1299 6.95654e+23 0.335267
1298 4.92625e+23 0.337079
1297 6.46457e+23 0.337622
1296 5.84058e+23 0.338159
1295 7.29379e+23 0.337935
1294 6.76822e+23 0.337993
1293 6.1635e+23 0.341164
1292 6.48004e+23 0.338825
1291 6.29444e+23 0.336308
1290 4.75107e+23 0.338654
1289 6.15678e+23 0.339351
1288 5.05424e+23 0.34074
1287 6.32146e+23 0.339206
1286 5.33554e+23 0.340501
1285 6.4834e+23 0.338711
1284 6.75138e+23 0.341126
1283 5.57781e+23 0.341889
1282 5.83532e+23 0.343785
1281 6.40632e+23 0.342458
1280 6.34369e+23 0.341233
1279 6.13516e+23 0.343088
1278 7.90346e+23 0.342935
1277 6.28652e+23 0.342892
1276 6.36319e+23 0.343235
1275 5.89055e+23 0.342396
1274 6.2333e+23 0.34535
1273 5.76353e+23 0.343663
1272 6.56883e+23 0.343936
1271 5.87059e+23 0.346325
1270 6.0615e+23 0.344614
1269 6.15197e+23 0.344598
1268 6.19135e+23 0.346468
1267 5.65799e+23 0.345811
1266 5.53319e+23 0.345531
1265 8.19958e+23 0.347367
1264 6.9897e+23 0.348624
1263 5.93663e+23 0.346657
1262 6.40857e+23 0.346348
1261 7.08951e+23 0.349854
1260 6.76153e+23 0.348439
1259 5.83977e+23 0.348075
1258 6.94106e+23 0.348219
1257 5.97254e+23 0.349927
1256 6.31297e+23 0.348881
1255 5.18594e+23 0.350829
1254 5.26445e+23 0.348906
1253 5.7998e+23 0.348783
1252 6.34365e+23 0.351507
1251 6.34454e+23 0.351885
1250 6.47897e+23 0.355179
1249 5.80244e+23 0.351517
1248 5.90362e+23 0.352412
1247 4.90648e+23 0.354958
1246 5.62406e+23 0.352425
1245 6.63843e+23 0.351775
1244 6.55579e+23 0.353487
1243 5.32716e+23 0.353096
1242 5.94121e+23 0.353428
1241 7.40552e+23 0.353315
1240 5.53374e+23 0.356014
1239 5.25698e+23 0.353511
1238 6.71327e+23 0.355543
1237 5.44838e+23 0.35503
1236 6.30395e+23 0.357874
1235 4.70791e+23 0.356176
1234 6.89817e+23 0.356046
1233 5.76504e+23 0.356188
1232 6.90979e+23 0.357365
1231 6.22223e+23 0.355301
1230 6.56904e+23 0.35846
1229 5.56914e+23 0.359146
1228 6.31832e+23 0.358658
1227 5.80046e+23 0.357991
1226 6.86178e+23 0.359918
1225 7.45064e+23 0.359323
1224 6.66344e+23 0.358271
1223 7.54605e+23 0.361107
1222 6.99089e+23 0.360887
1221 6.18845e+23 0.36116
1220 5.25742e+23 0.361155
1219 5.97379e+23 0.361438
1218 8.32848e+23 0.361804
1217 7.24548e+23 0.361313
1216 4.92525e+23 0.361889
1215 5.43852e+23 0.362113
1214 6.38367e+23 0.361518
1213 5.19274e+23 0.363613
1212 6.87836e+23 0.364499
1211 6.47145e+23 0.364174
1210 9.0579e+23 0.364415
1209 7.25014e+23 0.364741
1208 5.37878e+23 0.362472
1207 6.04351e+23 0.36493
1206 6.14316e+23 0.365676
1205 7.30007e+23 0.367445
1204 6.21281e+23 0.368088
1203 5.58162e+23 0.366829
1202 6.66056e+23 0.368509
1201 6.93522e+23 0.369359
1200 6.30954e+23 0.366137
1199 6.47731e+23 0.37004
1198 6.74993e+23 0.367874
1197 5.84756e+23 0.372311
1196 6.58003e+23 0.371354
1195 4.9996e+23 0.368768
1194 6.42518e+23 0.369282
1193 5.08337e+23 0.371442
1192 6.76578e+23 0.373322
1191 5.75591e+23 0.37136
1190 7.43631e+23 0.371944
1189 5.92071e+23 0.372755
1188 6.20425e+23 0.374356
1187 5.78037e+23 0.373618
1186 7.88023e+23 0.371914
1185 7.16e+23 0.372904
1184 6.17661e+23 0.375837
1183 6.37089e+23 0.373735
1182 5.21387e+23 0.373585
1181 6.91904e+23 0.372702
1180 7.95639e+23 0.374139
1179 7.69462e+23 0.375226
1178 6.45316e+23 0.37558
1177 5.75238e+23 0.374835
1176 5.18413e+23 0.378883
1175 6.65937e+23 0.375443
1174 7.36507e+23 0.377303
1173 6.80233e+23 0.37906
1172 6.47466e+23 0.378913
1171 6.75316e+23 0.375061
1170 5.77945e+23 0.378172
1169 6.48742e+23 0.380571
1168 5.10272e+23 0.377726
1167 5.69442e+23 0.380872
1166 7.54645e+23 0.380094
1165 5.57483e+23 0.381849
1164 6.17536e+23 0.378562
1163 6.08613e+23 0.380839
1162 6.78775e+23 0.380895
1161 6.2904e+23 0.382672
1160 4.62502e+23 0.381578
1159 6.03253e+23 0.382281
1158 6.79546e+23 0.383842
1157 7.3934e+23 0.383991
1156 6.78304e+23 0.383632
1155 7.72086e+23 0.383735
1154 6.95913e+23 0.386327
1153 6.25389e+23 0.384071
1152 7.5141e+23 0.386536
1151 6.05842e+23 0.385041
1150 6.9626e+23 0.385996
1149 6.08602e+23 0.38888
1148 7.71493e+23 0.38638
1147 6.28819e+23 0.388787
1146 8.15451e+23 0.38782
1145 9.24358e+23 0.386339
1144 5.55683e+23 0.389445
1143 6.10014e+23 0.392029
1142 5.76676e+23 0.388219
1141 7.11448e+23 0.388004
1140 5.87433e+23 0.39024
1139 6.02518e+23 0.390865
1138 7.62985e+23 0.390851
1137 6.67733e+23 0.391771
1136 6.68992e+23 0.391483
1135 6.79559e+23 0.391963
1134 6.82553e+23 0.390289
1133 6.98702e+23 0.391219
1132 6.87101e+23 0.392758
1131 5.98164e+23 0.391466
1130 7.0001e+23 0.394534
1129 6.22245e+23 0.390837
1128 7.46822e+23 0.394902
1127 6.29119e+23 0.393076
1126 7.63989e+23 0.397105
1125 5.8559e+23 0.395119
1124 6.57905e+23 0.39749
1123 6.85409e+23 0.394872
1122 6.71414e+23 0.396562
1121 6.00051e+23 0.39638
1120 7.66912e+23 0.396436
1119 7.59714e+23 0.399588
1118 7.25276e+23 0.394075
1117 7.47045e+23 0.398142
1116 5.90461e+23 0.399696
1115 5.50636e+23 0.396844
1114 6.50709e+23 0.399631
1113 5.49343e+23 0.400954
1112 6.4237e+23 0.400956
1111 6.5598e+23 0.400752
1110 7.37112e+23 0.402114
1109 5.62518e+23 0.403547
1108 8.37993e+23 0.403436
1107 8.54117e+23 0.40422
1106 6.70611e+23 0.402954
1105 6.90432e+23 0.403279
1104 7.26686e+23 0.405105
1103 8.38674e+23 0.404442
1102 6.49486e+23 0.404075
1101 7.05886e+23 0.408182
1100 6.0006e+23 0.405719
1099 6.10482e+23 0.409552
1098 7.00701e+23 0.406476
1097 6.35507e+23 0.406295
1096 7.17494e+23 0.407941
1095 7.13962e+23 0.408066
1094 6.34639e+23 0.40743
1093 6.27141e+23 0.407215
1092 4.79098e+23 0.409297
1091 5.47201e+23 0.411341
1090 6.4462e+23 0.408969
1089 6.28045e+23 0.410749
1088 6.13478e+23 0.413103
1087 6.3494e+23 0.411068
1086 5.87073e+23 0.412391
1085 6.13656e+23 0.412022
1084 9.40602e+23 0.411657
1083 6.00458e+23 0.41086
1082 7.12589e+23 0.412118
1081 7.1217e+23 0.411682
1080 6.56825e+23 0.415181
1079 7.97337e+23 0.416364
1078 6.18208e+23 0.41368
1077 7.86069e+23 0.413893
1076 7.18173e+23 0.417489
1075 6.87271e+23 0.417144
1074 8.41262e+23 0.415536
1073 6.15458e+23 0.41703
1072 7.11908e+23 0.418572
1071 7.53993e+23 0.418156
1070 6.17252e+23 0.415384
1069 6.68711e+23 0.417795
1068 6.94927e+23 0.418077
1067 7.32483e+23 0.421013
1066 7.61053e+23 0.418838
1065 5.18377e+23 0.420879
1064 7.47059e+23 0.419907
1063 6.37471e+23 0.420346
1062 5.18219e+23 0.42097
1061 7.16667e+23 0.420631
1060 5.86863e+23 0.42108
1059 7.26838e+23 0.4225
1058 6.63523e+23 0.423969
1057 7.79409e+23 0.424485
1056 6.40527e+23 0.424997
1055 8.17386e+23 0.426646
1054 6.01895e+23 0.424693
1053 6.77884e+23 0.421907
1052 7.72033e+23 0.42564
1051 8.12341e+23 0.425772
1050 5.87503e+23 0.425384
1049 6.90054e+23 0.427744
1048 5.11213e+23 0.428041
1047 6.42085e+23 0.430425
1046 5.32867e+23 0.42992
1045 7.32926e+23 0.428351
1044 8.1831e+23 0.428216
1043 7.45055e+23 0.43035
1042 6.4835e+23 0.430062
1041 8.87295e+23 0.429668
1040 6.81683e+23 0.431973
1039 8.79178e+23 0.432501
1038 7.1618e+23 0.431327
1037 7.47757e+23 0.435168
1036 6.90588e+23 0.434993
1035 5.99848e+23 0.433138
1034 9.53919e+23 0.433227
1033 7.87312e+23 0.435689
1032 8.76055e+23 0.435761
1031 6.54141e+23 0.436486
1030 7.25211e+23 0.434358
1029 6.50402e+23 0.434902
1028 7.57507e+23 0.438486
1027 6.1808e+23 0.434951
1026 6.46755e+23 0.440888
1025 5.81917e+23 0.439562
1024 7.8013e+23 0.44094
1023 6.7514e+23 0.441597
1022 6.97662e+23 0.442375
1021 7.79561e+23 0.441222
1020 6.60694e+23 0.441742
1019 6.56061e+23 0.441742
1018 6.67428e+23 0.441139
1017 8.77308e+23 0.440996
1016 6.52934e+23 0.438982
1015 7.25241e+23 0.443891
1014 7.00129e+23 0.44423
1013 7.50581e+23 0.443727
1012 7.22559e+23 0.443995
1011 7.81019e+23 0.443849
1010 6.93863e+23 0.447169
1009 6.8497e+23 0.444559
1008 6.78522e+23 0.446965
1007 6.43354e+23 0.448114
1006 6.98491e+23 0.4481
1005 7.97809e+23 0.446186
1004 7.90879e+23 0.450443
1003 8.01311e+23 0.449615
1002 6.30306e+23 0.450128
1001 5.45442e+23 0.445779
1000 7.5847e+23 0.451547
999 9.60234e+23 0.450736
998 7.64167e+23 0.451717
997 6.43429e+23 0.449425
996 8.69572e+23 0.450641
995 6.83714e+23 0.453595
994 7.77318e+23 0.453552
993 7.72524e+23 0.45294
992 6.0581e+23 0.452632
991 6.38331e+23 0.457209
990 7.49881e+23 0.457945
989 7.41194e+23 0.455395
988 8.31409e+23 0.457283
987 7.01418e+23 0.456229
986 7.41383e+23 0.456783
985 8.16012e+23 0.460171
984 9.17395e+23 0.457741
983 6.61901e+23 0.45759
982 7.29071e+23 0.459267
981 7.2945e+23 0.458968
980 7.2892e+23 0.459847
979 7.2784e+23 0.461709
978 6.61386e+23 0.46272
977 6.4823e+23 0.462029
976 6.13474e+23 0.466364
975 8.94454e+23 0.462043
974 7.3353e+23 0.466451
973 6.78458e+23 0.465509
972 9.15445e+23 0.463892
971 8.70533e+23 0.465941
970 7.41015e+23 0.465187
969 7.19022e+23 0.466222
968 7.91684e+23 0.465755
967 8.51131e+23 0.466749
966 9.33527e+23 0.467952
965 8.85314e+23 0.468079
964 7.7368e+23 0.46974
963 8.07231e+23 0.46938
962 7.3547e+23 0.471547
961 6.72575e+23 0.471362
960 6.82642e+23 0.467978
959 6.74842e+23 0.469304
958 6.41025e+23 0.471212
957 9.02165e+23 0.472474
956 7.92848e+23 0.472594
955 6.98762e+23 0.473548
954 6.77854e+23 0.473812
953 9.10545e+23 0.475633
952 6.4782e+23 0.474794
951 7.92981e+23 0.475936
950 7.15034e+23 0.476123
949 6.57753e+23 0.474949
948 7.93284e+23 0.47473
947 8.9268e+23 0.476241
946 8.44594e+23 0.479543
945 7.77011e+23 0.477118
944 7.27433e+23 0.47832
943 7.19724e+23 0.478773
942 7.74582e+23 0.483483
941 7.13535e+23 0.479293
940 6.47005e+23 0.483184
939 7.44861e+23 0.481249
938 1.02063e+24 0.484079
937 8.9199e+23 0.48453
936 8.57965e+23 0.484635
935 6.00771e+23 0.487486
934 7.65829e+23 0.486196
933 7.67752e+23 0.486398
932 7.17724e+23 0.484771
931 7.80388e+23 0.490917
930 7.59577e+23 0.484563
929 6.75962e+23 0.487652
928 7.53663e+23 0.488201
927 8.08263e+23 0.48812
926 7.66329e+23 0.488331
925 6.53425e+23 0.491083
924 6.83772e+23 0.49028
923 6.72866e+23 0.489483
922 9.41184e+23 0.491816
921 7.81558e+23 0.492682
920 6.14374e+23 0.49449
919 7.29741e+23 0.492016
918 6.6289e+23 0.489662
917 9.48643e+23 0.494674
916 8.20107e+23 0.495768
915 8.01285e+23 0.4934
914 7.47729e+23 0.497764
913 6.46108e+23 0.495581
912 8.37169e+23 0.496579
911 5.37521e+23 0.496697
910 7.50436e+23 0.500189
909 6.44287e+23 0.497931
908 5.94191e+23 0.500049
907 6.81145e+23 0.500271
906 7.00703e+23 0.49833
905 8.7094e+23 0.49881
904 7.43709e+23 0.500707
903 7.44193e+23 0.501475
902 8.69037e+23 0.501967
901 8.42148e+23 0.501707
900 7.56477e+23 0.504621
899 7.44677e+23 0.505091
898 6.05902e+23 0.502936
897 8.52906e+23 0.506183
896 6.93627e+23 0.50677
895 1.00062e+24 0.509552
894 6.47225e+23 0.507238
893 6.73785e+23 0.506915
892 7.17858e+23 0.510589
891 7.6707e+23 0.509051
890 7.62493e+23 0.510911
889 8.10226e+23 0.509364
888 6.7005e+23 0.512058
887 8.77318e+23 0.513333
886 7.5929e+23 0.511533
885 6.42409e+23 0.511485
884 7.61111e+23 0.512208
883 6.77172e+23 0.517668
882 8.47483e+23 0.515664
881 6.98523e+23 0.515816
880 6.25926e+23 0.516213
879 9.14474e+23 0.51691
878 1.05184e+24 0.518749
877 6.58902e+23 0.516417
876 7.13015e+23 0.516711
875 7.47362e+23 0.521407
874 7.28439e+23 0.522321
873 5.94576e+23 0.522443
872 5.97881e+23 0.524004
871 6.5274e+23 0.52128
870 7.27143e+23 0.523272
869 8.4879e+23 0.521688
868 9.20788e+23 0.522498
867 8.65726e+23 0.522786
866 8.2669e+23 0.52651
865 6.49711e+23 0.524715
864 7.20154e+23 0.527001
863 7.34083e+23 0.526642
862 7.60633e+23 0.526499
861 5.5795e+23 0.529935
860 7.08079e+23 0.527906
859 8.81563e+23 0.530978
858 7.85896e+23 0.529964
857 8.95673e+23 0.531723
856 7.14401e+23 0.530406
855 1.08989e+24 0.533353
854 7.12599e+23 0.531888
853 8.23793e+23 0.535345
852 7.1567e+23 0.534476
851 6.47123e+23 0.534911
850 7.62099e+23 0.534779
849 5.21488e+23 0.532707
848 7.33577e+23 0.538085
847 1.00783e+24 0.539381
846 6.04861e+23 0.540894
845 9.67814e+23 0.536657
844 7.93648e+23 0.541014
843 9.05688e+23 0.541441
842 8.77801e+23 0.54139
841 7.23652e+23 0.539367
840 8.79914e+23 0.541166
839 8.22497e+23 0.542374
838 8.30231e+23 0.54403
837 6.60589e+23 0.544422
836 6.3059e+23 0.544972
835 8.05978e+23 0.541831
834 7.19201e+23 0.546472
833 9.14659e+23 0.545773
832 5.75833e+23 0.546985
831 9.67636e+23 0.548016
830 7.65964e+23 0.548849
829 6.6787e+23 0.547638
828 7.32671e+23 0.551023
827 9.51083e+23 0.552314
826 9.95758e+23 0.550307
825 7.12641e+23 0.551954
824 8.81602e+23 0.550476
823 6.9846e+23 0.553001
822 8.32338e+23 0.553451
821 6.02538e+23 0.554694
820 8.48882e+23 0.554834
819 8.63283e+23 0.554096
818 8.0562e+23 0.554033
817 8.25294e+23 0.558812
816 1.05028e+24 0.554115
815 8.59815e+23 0.554838
814 7.48298e+23 0.559351
813 7.00923e+23 0.560221
812 6.19689e+23 0.562512
811 8.38001e+23 0.559657
810 8.39981e+23 0.56124
809 7.97393e+23 0.563449
808 7.02649e+23 0.562743
807 7.80846e+23 0.563489
806 8.13964e+23 0.564775
805 7.44394e+23 0.563026
804 1.01943e+24 0.566033
803 8.27337e+23 0.564917
802 9.25513e+23 0.567832
801 8.02082e+23 0.568394
800 7.7931e+23 0.568431
799 7.72495e+23 0.56936
798 7.34874e+23 0.572851
797 6.96273e+23 0.572238
796 6.37033e+23 0.571872
795 9.39744e+23 0.572001
794 9.91007e+23 0.571747
793 7.16965e+23 0.576323
792 6.1701e+23 0.574347
791 7.29094e+23 0.573754
790 7.31696e+23 0.575508
789 7.18945e+23 0.576758
788 1.00075e+24 0.578625
787 8.39303e+23 0.579898
786 1.01426e+24 0.579952
785 8.33073e+23 0.58015
784 7.24448e+23 0.583412
783 7.39555e+23 0.579356
782 9.24911e+23 0.581942
781 7.64023e+23 0.584151
780 7.04916e+23 0.582049
779 6.79576e+23 0.583118
778 7.52698e+23 0.585445
777 8.37117e+23 0.585302
776 8.10555e+23 0.586072
775 8.15309e+23 0.587191
774 7.08361e+23 0.585548
773 1.02796e+24 0.589703
772 8.60371e+23 0.588017
771 7.625e+23 0.587905
770 7.04744e+23 0.590152
769 6.897e+23 0.590458
768 6.98639e+23 0.59445
767 7.10494e+23 0.594469
766 9.55658e+23 0.593263
765 1.0649e+24 0.596284
764 7.44816e+23 0.595463
763 6.28618e+23 0.597522
762 7.63397e+23 0.596336
761 6.67867e+23 0.598235
760 7.66593e+23 0.596459
759 8.078e+23 0.600937
758 9.81699e+23 0.599726
757 8.06396e+23 0.602983
756 8.19119e+23 0.601516
755 7.94698e+23 0.601589
754 6.91114e+23 0.602251
753 7.42978e+23 0.60406
752 6.51182e+23 0.604683
751 8.42335e+23 0.608055
750 5.65318e+23 0.607368
749 7.13835e+23 0.607398
748 8.63396e+23 0.608461
747 9.87339e+23 0.606181
746 7.29009e+23 0.60946
745 8.096e+23 0.60984
744 9.70831e+23 0.610496
743 7.43105e+23 0.613395
742 8.5948e+23 0.612934
741 8.95464e+23 0.612273
740 7.16443e+23 0.613209
739 6.66803e+23 0.614378
738 5.78458e+23 0.615807
737 9.13932e+23 0.615576
736 5.69933e+23 0.615119
735 7.12791e+23 0.616973
734 7.04791e+23 0.61876
733 7.29733e+23 0.617128
732 8.61276e+23 0.619613
731 8.8448e+23 0.62051
730 9.34775e+23 0.620723
729 8.20924e+23 0.623914
728 7.58694e+23 0.623605
727 7.24291e+23 0.625529
726 7.73954e+23 0.625138
725 8.60141e+23 0.627293
724 7.52737e+23 0.62582
723 7.33136e+23 0.630055
722 8.41039e+23 0.627294
721 8.91081e+23 0.628905
720 9.50551e+23 0.62911
719 7.58614e+23 0.628734
718 8.8299e+23 0.628154
717 8.48286e+23 0.631437
716 8.57614e+23 0.633568
715 9.04132e+23 0.635942
714 1.01336e+24 0.632817
713 8.43712e+23 0.635102
712 7.99956e+23 0.635952
711 6.6424e+23 0.638766
710 7.25429e+23 0.637115
709 7.38974e+23 0.637852
708 8.23104e+23 0.63862
707 7.6924e+23 0.640958
706 6.17611e+23 0.639797
705 7.79526e+23 0.643027
704 1.04076e+24 0.643152
703 8.17649e+23 0.642276
702 8.60604e+23 0.643901
701 1.01674e+24 0.643818
700 6.31183e+23 0.644943
699 5.86934e+23 0.646368
698 6.44486e+23 0.646849
697 8.03698e+23 0.648987
696 7.5182e+23 0.648634
695 8.05209e+23 0.64936
694 7.47709e+23 0.650236
693 7.36511e+23 0.650195
692 6.71629e+23 0.653913
691 8.2396e+23 0.654732
690 7.8946e+23 0.652363
689 7.7436e+23 0.65559
688 8.72183e+23 0.652299
687 8.31736e+23 0.654772
686 5.93263e+23 0.65877
685 7.50417e+23 0.658459
684 9.52611e+23 0.658221
683 6.38773e+23 0.65976
682 1.03004e+24 0.659529
681 6.21741e+23 0.664582
680 8.17855e+23 0.661296
679 8.01646e+23 0.66431
678 1.01999e+24 0.662671
677 7.4592e+23 0.66493
676 7.5219e+23 0.66726
675 8.19864e+23 0.666151
674 6.45315e+23 0.666709
673 7.70479e+23 0.668343
672 8.57395e+23 0.669918
671 6.64735e+23 0.668541
670 7.22564e+23 0.671045
669 7.53367e+23 0.671353
668 7.63881e+23 0.672119
667 8.12022e+23 0.670873
666 7.12115e+23 0.673446
665 7.94183e+23 0.674974
664 7.81423e+23 0.67559
663 9.41318e+23 0.675566
662 7.95019e+23 0.678031
661 6.97492e+23 0.679185
660 6.81624e+23 0.680722
659 6.77554e+23 0.67987
658 8.65671e+23 0.683004
657 6.37476e+23 0.683123
656 7.81213e+23 0.682553
655 6.31327e+23 0.684601
654 7.7038e+23 0.685378
653 8.00086e+23 0.687204
652 7.64955e+23 0.688417
651 7.76648e+23 0.688441
650 7.78524e+23 0.690098
649 6.31183e+23 0.689817
648 8.37589e+23 0.690625
647 8.42199e+23 0.691785
646 7.39818e+23 0.693662
645 8.6623e+23 0.69386
644 9.09296e+23 0.693425
643 9.06886e+23 0.69191
642 7.64359e+23 0.694794
641 9.27528e+23 0.697565
640 8.7089e+23 0.697536
639 6.97658e+23 0.699752
638 4.98765e+23 0.697847
637 6.75887e+23 0.702838
636 8.80012e+23 0.698773
635 6.40239e+23 0.702886
634 6.76486e+23 0.704237
633 5.29874e+23 0.704306
632 6.23855e+23 0.704034
631 6.91997e+23 0.70495
630 7.08298e+23 0.708322
629 7.69636e+23 0.710011
628 6.12241e+23 0.707316
627 8.54013e+23 0.707924
626 5.75897e+23 0.709468
625 7.31261e+23 0.710089
624 8.75294e+23 0.712873
623 5.56981e+23 0.711519
622 8.41988e+23 0.713209
621 7.66604e+23 0.715897
620 6.06323e+23 0.716546
619 6.42747e+23 0.715318
618 6.30751e+23 0.715805
617 6.39108e+23 0.718134
616 6.80134e+23 0.71776
615 8.25129e+23 0.719978
614 8.54838e+23 0.721015
613 8.65808e+23 0.720819
612 7.45096e+23 0.722889
611 6.64147e+23 0.723718
610 8.38471e+23 0.72393
609 7.73232e+23 0.72529
608 6.97214e+23 0.725636
607 6.98433e+23 0.726655
606 7.63181e+23 0.727906
605 9.92756e+23 0.727879
604 7.77487e+23 0.729641
603 8.72051e+23 0.731242
602 9.27129e+23 0.73291
601 7.33567e+23 0.7319
600 6.71877e+23 0.735521
599 6.95618e+23 0.734631
598 1.04802e+24 0.734306
597 7.05595e+23 0.735631
596 5.72833e+23 0.739039
595 5.87753e+23 0.738408
594 6.88481e+23 0.740451
593 7.5265e+23 0.740099
592 6.42926e+23 0.740566
591 8.14055e+23 0.74209
590 6.69265e+23 0.743456
589 8.02747e+23 0.744101
588 6.74559e+23 0.74591
587 6.67093e+23 0.745915
586 6.6606e+23 0.748341
585 8.2812e+23 0.74769
584 6.66026e+23 0.748818
583 7.0055e+23 0.747754
582 4.99955e+23 0.749999
581 8.06908e+23 0.751711
580 5.68983e+23 0.753764
579 8.09548e+23 0.75414
578 7.00581e+23 0.754425
577 9.23687e+23 0.756512
576 8.23371e+23 0.757319
575 5.71134e+23 0.757515
574 6.97427e+23 0.757947
573 6.12823e+23 0.758545
572 6.83533e+23 0.760162
571 6.44371e+23 0.759052
570 7.44824e+23 0.763033
569 6.66464e+23 0.762575
568 7.99042e+23 0.764385
567 5.82513e+23 0.76366
566 6.90415e+23 0.763789
565 5.7838e+23 0.765718
564 9.30386e+23 0.76726
563 8.35648e+23 0.769551
562 8.51699e+23 0.769575
561 7.27649e+23 0.768677
560 7.23822e+23 0.771048
559 6.59793e+23 0.772324
558 8.09173e+23 0.772269
557 5.27619e+23 0.77381
556 7.01273e+23 0.775187
555 6.09042e+23 0.776572
554 8.54287e+23 0.776482
553 7.20511e+23 0.779076
552 8.15565e+23 0.778059
551 5.33e+23 0.779135
550 7.02192e+23 0.779633
549 5.71082e+23 0.781028
548 5.17946e+23 0.78233
547 5.63716e+23 0.782449
546 8.12102e+23 0.784747
545 7.02768e+23 0.783752
544 5.84072e+23 0.785562
543 6.11213e+23 0.786234
542 7.4579e+23 0.788446
541 5.4585e+23 0.789177
540 5.82366e+23 0.788827
539 5.51498e+23 0.792061
538 5.20329e+23 0.792167
537 5.10263e+23 0.792792
536 7.05095e+23 0.793008
535 4.83473e+23 0.793824
534 7.90128e+23 0.796149
533 5.50642e+23 0.796357
532 6.41004e+23 0.795546
531 5.69342e+23 0.798605
530 4.86802e+23 0.799548
529 6.11482e+23 0.799968
528 6.02793e+23 0.802041
527 4.82691e+23 0.800687
526 4.48744e+23 0.80241
525 7.41235e+23 0.803812
524 6.74318e+23 0.804425
523 5.74376e+23 0.807296
522 5.67408e+23 0.807284
521 5.66072e+23 0.805239
520 5.19526e+23 0.808021
519 7.69495e+23 0.810203
518 6.49889e+23 0.811208
517 5.75535e+23 0.810536
516 4.95692e+23 0.811765
515 7.35193e+23 0.813797
514 5.47608e+23 0.815234
513 4.6129e+23 0.815828
512 6.17433e+23 0.812917
511 5.33759e+23 0.816153
510 7.24357e+23 0.818468
509 6.4345e+23 0.816575
508 5.58394e+23 0.820996
507 5.9294e+23 0.821378
506 7.27513e+23 0.82275
505 6.17245e+23 0.822339
504 5.3289e+23 0.822254
503 4.64188e+23 0.822686
502 5.73236e+23 0.826025
501 5.32371e+23 0.826585
500 5.58094e+23 0.826457
499 5.38444e+23 0.828351
498 5.1442e+23 0.829426
497 7.84678e+23 0.830342
496 5.09413e+23 0.831509
495 6.74772e+23 0.831342
494 4.54349e+23 0.832304
493 6.33299e+23 0.833301
492 5.86876e+23 0.833993
491 5.42968e+23 0.837064
490 6.67463e+23 0.835749
489 4.33087e+23 0.837136
488 6.37271e+23 0.838058
487 5.69925e+23 0.837773
486 5.00322e+23 0.839896
485 5.45996e+23 0.841142
484 5.75965e+23 0.842188
483 4.67196e+23 0.842228
482 6.59501e+23 0.842403
481 5.32697e+23 0.844468
480 5.41885e+23 0.845151
479 3.90285e+23 0.847848
478 7.26239e+23 0.84878
477 5.46762e+23 0.849325
476 4.73821e+23 0.849645
475 7.2961e+23 0.850201
474 5.89405e+23 0.851551
473 5.04972e+23 0.852192
472 5.34778e+23 0.854391
471 5.35019e+23 0.854233
470 3.71174e+23 0.855011
469 4.844e+23 0.855562
468 4.85133e+23 0.855249
467 5.93565e+23 0.859346
466 4.43124e+23 0.858075
465 4.29245e+23 0.85637
464 4.20824e+23 0.860047
463 3.95747e+23 0.860224
462 4.12663e+23 0.861848
461 5.37355e+23 0.862141
460 3.58198e+23 0.865053
459 6.80908e+23 0.863631
458 3.92783e+23 0.865586
457 4.82109e+23 0.865767
456 5.84881e+23 0.867535
455 3.46299e+23 0.868735
454 4.37702e+23 0.868505
453 4.783e+23 0.868295
452 5.29625e+23 0.870507
451 4.49627e+23 0.870222
450 4.37379e+23 0.870855
449 3.12849e+23 0.871585
448 4.42851e+23 0.874209
447 3.98848e+23 0.874986
446 3.49862e+23 0.875407
445 4.45329e+23 0.875395
444 3.53496e+23 0.876744
443 3.8877e+23 0.878018
442 5.68682e+23 0.878707
441 4.05084e+23 0.879555
440 4.86398e+23 0.879857
439 3.78794e+23 0.882913
438 4.91643e+23 0.881018
437 3.02034e+23 0.883137
436 3.28569e+23 0.884856
435 4.48509e+23 0.884851
434 5.2508e+23 0.885114
433 3.62611e+23 0.886785
432 3.92163e+23 0.88802
431 4.52476e+23 0.886677
430 3.37313e+23 0.889174
429 4.47815e+23 0.889305
428 2.70978e+23 0.890597
427 4.22178e+23 0.891414
426 4.38411e+23 0.892218
425 4.23389e+23 0.894813
424 4.09728e+23 0.894497
423 3.56232e+23 0.894503
422 3.63555e+23 0.89547
421 2.76648e+23 0.89642
420 3.44341e+23 0.896492
419 3.5914e+23 0.89773
418 5.26961e+23 0.899367
417 3.51143e+23 0.899238
416 3.61075e+23 0.899109
415 2.96024e+23 0.900956
414 4.29364e+23 0.902467
413 3.45733e+23 0.902141
412 5.02179e+23 0.903048
411 4.09647e+23 0.905478
410 3.95586e+23 0.904999
409 3.5167e+23 0.907073
408 3.49386e+23 0.906625
407 3.39956e+23 0.907865
406 3.72657e+23 0.907389
405 3.22323e+23 0.909124
404 3.73473e+23 0.908159
403 3.31632e+23 0.909818
402 3.45622e+23 0.909795
401 3.1041e+23 0.911494
400 3.26208e+23 0.912688
399 3.74626e+23 0.913177
398 2.69329e+23 0.914391
397 3.43611e+23 0.915639
396 2.5369e+23 0.915195
395 3.23678e+23 0.915421
394 2.59587e+23 0.917334
393 2.94057e+23 0.91849
392 3.32924e+23 0.918256
391 4.20148e+23 0.919358
390 2.50807e+23 0.919916
389 3.41128e+23 0.920447
388 2.9319e+23 0.921288
387 2.71123e+23 0.922382
386 3.35811e+23 0.922738
385 3.02346e+23 0.923903
384 2.56433e+23 0.923706
383 2.89899e+23 0.925949
382 3.52829e+23 0.925124
381 2.63461e+23 0.926131
380 3.08608e+23 0.927062
379 2.30125e+23 0.927774
378 2.78474e+23 0.928309
377 2.85766e+23 0.928431
376 2.3961e+23 0.931039
375 2.08411e+23 0.931338
374 2.04656e+23 0.930974
373 2.5322e+23 0.931366
372 2.47044e+23 0.931603
371 3.04114e+23 0.933516
370 2.25819e+23 0.933062
369 3.18582e+23 0.934329
368 2.67418e+23 0.936692
367 2.37023e+23 0.935151
366 3.02228e+23 0.937194
365 2.2308e+23 0.937268
364 2.89828e+23 0.937441
363 2.81158e+23 0.938554
362 2.65378e+23 0.938614
361 2.56761e+23 0.939404
360 2.09686e+23 0.941106
359 2.18803e+23 0.941079
358 1.62866e+23 0.942223
357 2.21097e+23 0.942176
356 1.86576e+23 0.94278
355 3.04675e+23 0.943365
354 1.85315e+23 0.944764
353 2.35427e+23 0.94535
352 2.7629e+23 0.944234
351 2.37125e+23 0.946093
350 1.8607e+23 0.946041
349 1.56747e+23 0.94666
348 1.94954e+23 0.948288
347 1.71007e+23 0.948742
346 1.97479e+23 0.948632
345 2.29957e+23 0.949828
344 2.5963e+23 0.950635
343 2.72235e+23 0.951162
342 1.92538e+23 0.95066
341 2.26323e+23 0.951583
340 1.87415e+23 0.951905
339 2.09112e+23 0.953118
338 2.13197e+23 0.95383
337 2.30776e+23 0.954924
336 2.00308e+23 0.954381
335 2.40408e+23 0.954437
334 1.70863e+23 0.955306
333 1.89925e+23 0.955832
332 2.54249e+23 0.956722
331 2.11859e+23 0.957529
330 1.80993e+23 0.957806
329 1.93075e+23 0.958971
328 1.81843e+23 0.957933
327 1.69055e+23 0.959472
326 1.80446e+23 0.959759
325 2.0319e+23 0.960023
324 1.6283e+23 0.961164
323 1.95087e+23 0.961006
322 1.54051e+23 0.96141
321 1.36881e+23 0.962958
320 1.19148e+23 0.962891
319 2.18559e+23 0.963643
318 1.76087e+23 0.964091
317 1.44375e+23 0.963899
316 1.35031e+23 0.96477
315 1.32681e+23 0.965224
314 1.34282e+23 0.966719
313 1.26158e+23 0.966339
312 9.18058e+22 0.967447
311 2.04064e+23 0.967263
310 1.41293e+23 0.967668
309 1.26578e+23 0.968464
308 1.27232e+23 0.96879
307 1.23568e+23 0.969511
306 1.30784e+23 0.969786
305 1.22997e+23 0.969001
304 1.12906e+23 0.970269
303 1.18149e+23 0.970237
302 1.45083e+23 0.971035
301 1.20761e+23 0.971474
300 1.16806e+23 0.972477
299 1.17648e+23 0.972107
298 1.2947e+23 0.973258
297 1.34939e+23 0.973009
296 1.49257e+23 0.974392
295 9.10336e+22 0.974528
294 1.12039e+23 0.97439
293 1.17764e+23 0.974864
292 1.05711e+23 0.975442
291 8.14868e+22 0.975489
290 9.17934e+22 0.976458
289 9.29728e+22 0.977204
288 9.70493e+22 0.976899
287 7.30667e+22 0.977329
286 9.10393e+22 0.977218
285 1.05988e+23 0.977962
284 7.57554e+22 0.979034
283 8.24916e+22 0.978424
282 8.0621e+22 0.979208
281 8.01106e+22 0.979762
280 6.1165e+22 0.980001
279 6.95717e+22 0.980517
278 9.28487e+22 0.980251
277 8.24664e+22 0.980673
276 1.04892e+23 0.981126
275 7.4151e+22 0.981154
274 6.23669e+22 0.981746
273 5.96063e+22 0.982503
272 5.10334e+22 0.982434
271 7.37861e+22 0.982826
270 5.12006e+22 0.982577
269 7.64292e+22 0.983916
268 7.80842e+22 0.983907
267 6.64473e+22 0.983943
266 4.31095e+22 0.984257
265 6.92577e+22 0.984697
264 7.9309e+22 0.984596
263 7.88088e+22 0.984442
262 9.71781e+22 0.985014
261 4.13305e+22 0.985793
260 4.25955e+22 0.985755
259 5.06185e+22 0.986517
258 5.55638e+22 0.986147
257 5.37425e+22 0.9869
256 2.72594e+22 0.986864
255 3.79237e+22 0.987593
254 4.30136e+22 0.987601
253 3.1615e+22 0.987924
252 4.0176e+22 0.988106
251 7.15727e+22 0.988547
250 3.40809e+22 0.988486
249 2.96609e+22 0.989004
248 2.7088e+22 0.989305
247 2.57344e+22 0.989489
246 2.71093e+22 0.989429
245 4.11108e+22 0.990017
244 1.89444e+22 0.990032
243 3.68794e+22 0.990195
242 5.17767e+22 0.990402
241 2.25814e+22 0.990666
240 2.26945e+22 0.99066
239 3.89727e+22 0.991165
238 1.24257e+22 0.991357
237 2.40336e+22 0.991518
236 3.12263e+22 0.991712
235 2.68481e+22 0.991972
234 1.72402e+22 0.991859
233 2.14731e+22 0.992169
232 1.85724e+22 0.99211
231 1.34711e+22 0.992603
230 8.51636e+21 0.992902
229 1.52131e+22 0.99303
228 1.29417e+22 0.993038
227 1.52053e+22 0.993219
226 1.23544e+22 0.993558
225 1.44762e+22 0.993517
224 1.93195e+22 0.993854
223 -8.42365e+20 0.994185
222 3.61957e+21 0.994399
221 1.85012e+21 0.994486
220 8.85827e+21 0.994191
219 2.97287e+21 0.994867
218 2.61065e+20 0.994516
217 -3.13805e+21 0.994936
216 1.03076e+21 0.995029
215 1.3933e+21 0.995192
214 -7.97187e+21 0.995527
213 3.18617e+21 0.995729
212 -8.30059e+21 0.995536
211 -7.84463e+21 0.995926
210 -1.34831e+22 0.99596
209 -1.6471e+22 0.996035
208 -1.45481e+22 0.996108
207 -5.94444e+21 0.996281
206 -1.09362e+22 0.996513
205 -1.37841e+22 0.996209
204 -9.74515e+21 0.996565
203 -1.37746e+22 0.996554
202 -1.59792e+22 0.996888
201 -1.39071e+22 0.996601
200 -1.37989e+22 0.996865
199 -1.39438e+22 0.997139
198 -1.98805e+22 0.997116
197 -1.53257e+22 0.997397
196 -2.12217e+22 0.997583
195 -1.53409e+22 0.997239
194 -1.93463e+22 0.997444
193 -2.12517e+22 0.997464
192 -2.21275e+22 0.997725
191 -2.26566e+22 0.997773
190 -2.13781e+22 0.99795
189 -2.20902e+22 0.998084
188 -2.14018e+22 0.997904
187 -2.72436e+22 0.99822
186 -2.11398e+22 0.998091
185 -2.372e+22 0.998283
184 -2.9839e+22 0.998455
183 -2.46856e+22 0.998365
182 -2.21593e+22 0.998409
181 -2.94984e+22 0.998542
180 -3.13165e+22 0.998485
179 -2.96406e+22 0.998706
178 -3.07557e+22 0.998732
177 -2.97268e+22 0.998695
176 -3.09549e+22 0.998837
175 -3.24976e+22 0.998792
174 -3.43707e+22 0.998967
173 -3.2975e+22 0.998861
172 -3.29874e+22 0.998861
171 -3.55038e+22 0.998926
170 -3.46813e+22 0.999064
169 -3.59774e+22 0.999102
168 -3.61317e+22 0.999147
167 -3.68302e+22 0.999124
166 -3.68584e+22 0.999332
165 -3.55706e+22 0.999113
164 -3.8559e+22 0.999336
163 -3.68573e+22 0.999331
162 -3.64883e+22 0.999241
161 -3.89375e+22 0.999409
160 -4.06e+22 0.999433
159 -4.0196e+22 0.999468
158 -4.12602e+22 0.999507
157 -4.01594e+22 0.99946
156 -4.17583e+22 0.999522
155 -4.20681e+22 0.999557
154 -4.2708e+22 0.999563
153 -4.35899e+22 0.999554
152 -4.37255e+22 0.999575
151 -4.48542e+22 0.999643
150 -4.5316e+22 0.999667
149 -4.4082e+22 0.999664
148 -4.66116e+22 0.999722
147 -4.63519e+22 0.999699
146 -4.67068e+22 0.999709
145 -4.71074e+22 0.999746
144 -4.80906e+22 0.999806
143 -4.82847e+22 0.999763
142 -4.79478e+22 0.99976
141 -4.96281e+22 0.999817
140 -5.03245e+22 0.999864
139 -5.00953e+22 0.99984
138 -5.07188e+22 0.999823
137 -5.15387e+22 0.999872
136 -5.22381e+22 0.999865
135 -5.2462e+22 0.999896
134 -5.1781e+22 0.999845
133 -5.3159e+22 0.999892
132 -5.38596e+22 0.999907
131 -5.39198e+22 0.999886
130 -5.43799e+22 0.999886
129 -5.48881e+22 0.999889
128 -5.58787e+22 0.999933
127 -5.62165e+22 0.999918
126 -5.69646e+22 0.999956
125 -5.69289e+22 0.999935
124 -5.75107e+22 0.999933
123 -5.85656e+22 0.999975
122 -5.90963e+22 0.999977
121 -5.93834e+22 0.99996
120 -5.99881e+22 0.99997
119 -6.03537e+22 0.999961
118 -6.10295e+22 0.999968
117 -6.17747e+22 0.99999
116 -6.19706e+22 0.999977
115 -6.26049e+22 0.999974
114 -6.33166e+22 0.999985
113 -6.39031e+22 0.999987
112 -6.44955e+22 0.999987
111 -6.50453e+22 0.999984
110 -6.56562e+22 0.999986
109 -6.63043e+22 0.99999
108 -6.68129e+22 0.99998
107 -6.7623e+22 0.999996
106 -6.83014e+22 0.999999
105 -6.89577e+22 0.999999
104 -6.95665e+22 0.999995
103 -7.03068e+22 1
102 -7.0934e+22 0.999996
101 -7.16439e+22 0.999996
100 -7.24008e+22 0.999999
99 -7.31479e+22 1
98 -7.37843e+22 0.999992
97 -7.46589e+22 1
96 -7.54405e+22 1
95 -7.62346e+22 1
94 -7.7053e+22 1
93 -7.78575e+22 0.999999
92 -7.86525e+22 0.999996
91 -7.95465e+22 0.999998
90 -8.04775e+22 1
89 -8.13394e+22 0.999998
88 -8.23066e+22 1
87 -8.31883e+22 0.999997
86 -8.42207e+22 1
85 -8.51552e+22 0.999998
84 -8.62259e+22 1
83 -8.72648e+22 1
82 -8.8329e+22 1
81 -8.94195e+22 1
80 -9.05372e+22 1
79 -9.16833e+22 1
78 -9.28587e+22 1
77 -9.40646e+22 1
76 -9.53023e+22 1
75 -9.6573e+22 1
74 -9.78781e+22 1
73 -9.92189e+22 1
72 -1.00597e+23 1
71 -1.02014e+23 1
70 -1.03471e+23 1
69 -1.04971e+23 1
68 -1.06514e+23 1
67 -1.08104e+23 1
66 -1.09742e+23 1
65 -1.1143e+23 1
64 -1.13172e+23 1
63 -1.14968e+23 1
62 -1.16822e+23 1
61 -1.18737e+23 1
60 -1.20716e+23 1
59 -1.22762e+23 1
58 -1.24879e+23 1
57 -1.2707e+23 1
56 -1.29339e+23 1
55 -1.31691e+23 1
54 -1.34129e+23 1
53 -1.3666e+23 1
52 -1.39288e+23 1
51 -1.42019e+23 1
50 -1.4486e+23 1
49 -1.47816e+23 1
48 -1.50895e+23 1
47 -1.54106e+23 1
46 -1.57456e+23 1
45 -1.60955e+23 1
44 -1.64613e+23 1
43 -1.68441e+23 1
42 -1.72452e+23 1
41 -1.76658e+23 1
40 -1.81074e+23 1
39 -1.85717e+23 1
38 -1.90605e+23 1
37 -1.95756e+23 1
36 -2.01194e+23 1
35 -2.06942e+23 1
34 -2.13029e+23 1
33 -2.19484e+23 1
32 -2.26343e+23 1
31 -2.33644e+23 1
30 -2.41433e+23 1
29 -2.49758e+23 1
28 -2.58678e+23 1
27 -2.68258e+23 1
26 -2.78576e+23 1
25 -2.89719e+23 1
24 -3.01791e+23 1
23 -3.14912e+23 1
22 -3.29226e+23 1
21 -3.44904e+23 1
20 -3.62149e+23 1
19 -3.81209e+23 1
18 -4.02388e+23 1
17 -4.26058e+23 1
16 -4.52686e+23 1
15 -4.82865e+23 1
14 -5.17356e+23 1
13 -5.57152e+23 1
12 -6.03581e+23 1
11 -6.58453e+23 1
10 -7.24298e+23 1
9 -8.04775e+23 1
8 -9.05372e+23 1
7 -1.03471e+24 1
6 -1.20716e+24 1
5 -1.4486e+24 1
4 -1.81074e+24 1
3 -2.41433e+24 1
2 -3.62149e+24 1
1 -7.24298e+24 1
