600 1.06253e+22 -73.3167
599 1.09649e+22 -84.8497
598 6.0031e+21 58.8578
597 1.0743e+22 64.0818
596 1.71253e+22 26.6689
595 1.9168e+22 -18.8314
594 8.84363e+21 29.7192
593 1.16065e+22 -10.2174
592 1.28259e+22 -1.98758
591 1.00677e+22 15.4217
590 1.59966e+22 6.66657
589 1.92032e+22 145.472
588 1.70091e+22 58.6384
587 9.66361e+21 5.7339
586 1.34873e+22 142.661
585 1.24989e+22 109.264
584 2.12291e+22 170.407
583 1.30039e+22 -74.7916
582 9.16992e+21 -0.985967
581 1.55084e+22 -9.80469
580 1.75958e+22 90.7158
579 1.47357e+22 -42.0395
578 1.48303e+22 47.6665
577 1.19055e+22 -39.1963
576 1.57787e+22 -98.6206
575 1.57178e+22 55.3149
574 7.8015e+21 -90.2558
573 3.17392e+22 142.424
572 6.84603e+21 36.4759
571 1.81092e+22 -62.6155
570 1.42522e+22 85.9253
569 1.01194e+22 44.8124
568 1.689e+22 -55.1772
567 1.38475e+22 37.2292
566 7.42214e+21 126.228
565 1.67073e+22 -25.5371
564 6.25545e+21 79.4354
563 1.74728e+22 -113.939
562 1.47137e+22 55.6076
561 1.75374e+22 -28.9786
560 1.45462e+22 -145.848
559 2.1524e+22 -95.8589
558 1.66245e+22 -120.594
557 1.25226e+22 -52.7722
556 3.05224e+22 105.707
555 2.4419e+22 -145.222
554 1.33166e+22 96.2282
553 8.89655e+21 -50.3369
552 1.56557e+22 -19.8036
551 1.16122e+22 -108.064
550 8.08141e+21 -104.722
549 1.28173e+22 45.5663
548 1.51861e+22 2.31246
547 2.01152e+22 -77.3508
546 1.63718e+22 21.6205
545 2.11315e+22 -194.795
544 1.35986e+22 20.5447
543 1.22046e+22 -72.3684
542 1.4447e+22 71.3275
541 1.31061e+22 74.1043
540 1.12748e+22 40.1966
539 1.70412e+22 126.955
538 1.26523e+22 -184.036
537 2.1323e+22 24.4052
536 2.53419e+22 -23.9778
535 1.1683e+22 99.3638
534 2.26159e+22 -26.5911
533 3.28845e+22 2.04215
532 1.73713e+22 38.5946
531 3.42318e+22 32.2783
530 2.31818e+22 -2.32117
529 1.67436e+22 61.418
528 1.88177e+22 26.5399
527 1.52405e+22 -27.1614
526 1.65453e+22 17.145
525 2.49344e+22 79.1197
524 1.96733e+22 -38.2165
523 7.88921e+21 -17.8704
522 3.76501e+22 -129.666
521 1.41665e+22 18.0344
520 1.61189e+22 -14.6647
519 2.05029e+22 15.5307
518 1.81953e+22 130.457
517 1.61443e+22 22.3612
516 1.66641e+22 -137.573
515 3.93688e+22 -85.5584
514 2.50355e+22 -275.058
513 1.40789e+22 -72.4754
512 2.62174e+22 -49.9253
511 1.3416e+22 20.0881
510 1.38848e+22 10.0689
509 1.63797e+22 -87.4524
508 1.52126e+22 29.5357
507 1.26828e+22 36.8911
506 2.08177e+22 75.5927
505 1.15668e+22 201.425
504 2.91429e+22 58.1938
503 2.28825e+22 -9.72771
502 2.7835e+22 -83.2594
501 2.8022e+22 -33.2867
500 2.01927e+22 77.4763
499 1.55689e+22 -74.0471
498 2.31573e+22 -25.8933
497 1.87123e+22 163.727
496 1.99638e+22 161.653
495 1.66264e+22 5.36736
494 2.03294e+22 44.9912
493 2.59647e+22 69.0137
492 1.61076e+22 0.434624
491 4.60425e+22 -140.684
490 1.1964e+22 -129.248
489 1.67971e+22 134.622
488 1.32277e+22 11.8284
487 1.68667e+22 48.9842
486 1.71981e+22 -85.1027
485 4.1928e+22 -121.141
484 1.27941e+22 -11.093
483 2.22029e+22 -3.82444
482 2.47919e+22 -54.2
481 2.26893e+22 -42.6281
480 2.2204e+22 34.522
479 2.98574e+22 27.5249
478 3.15186e+22 -96.2888
477 1.66139e+22 -131.337
476 1.22945e+22 80.1719
475 4.51408e+22 19.5884
474 4.32867e+22 -51.203
473 2.54841e+22 293.867
472 2.80063e+22 4.93294
471 1.87745e+22 57.2257
470 3.9567e+22 -6.4396
469 1.96463e+22 33.4857
468 3.84523e+22 -131.489
467 2.01869e+22 26.8278
466 1.54337e+22 16.6909
465 2.38847e+22 23.4652
464 2.16757e+22 -42.1517
463 2.616e+22 14.7549
462 1.67525e+22 58.3538
461 2.16846e+22 -79.5633
460 3.57905e+22 -86.3269
459 1.80822e+22 -16.6647
458 2.73175e+22 91.9248
457 3.6744e+22 -86.4001
456 3.19694e+22 34.7536
455 1.97394e+22 -79.5943
454 2.31694e+22 -1.99948
453 1.56995e+22 -48.7278
452 1.93468e+22 60.9374
451 3.91943e+22 110.958
450 3.3778e+22 -30.0483
449 1.67589e+22 16.3686
448 2.51397e+22 -100.58
447 3.24457e+22 115.688
446 3.77079e+22 -27.8312
445 2.10616e+22 -151.896
444 2.40026e+22 39.459
443 3.48024e+22 -48.5635
442 3.02315e+22 99.2745
441 3.35649e+22 -19.6665
440 1.66135e+22 -129.823
439 2.985e+22 80.3759
438 2.72751e+22 72.5388
437 2.83482e+22 -148.357
436 2.39468e+22 13.1705
435 2.18039e+22 -62.0179
434 3.75627e+22 190.886
433 2.00438e+22 65.3007
432 3.3764e+22 9.53805
431 2.63477e+22 -110.911
430 4.49797e+22 -119.146
429 2.96127e+22 74.7803
428 3.19217e+22 -54.8762
427 2.95729e+22 -63.7125
426 4.91714e+22 -122.028
425 3.11695e+22 -14.3332
424 3.04403e+22 12.2397
423 2.3791e+22 -225.941
422 6.02225e+22 108.91
421 2.73612e+22 6.03675
420 3.86658e+22 148.362
419 3.22891e+22 70.193
418 2.25208e+22 -40.2493
417 4.6111e+22 -75.3853
416 3.38411e+22 -83.3135
415 1.8903e+22 54.6697
414 5.05603e+22 108.373
413 4.35736e+22 -108.686
412 7.87671e+22 -103.577
411 2.41021e+22 -160
410 4.3261e+22 22.1944
409 2.76308e+22 39.8259
408 2.87829e+22 -149.021
407 2.98367e+22 84.6348
406 5.11726e+22 35.5473
405 2.91871e+22 245.026
404 7.33369e+22 -118.484
403 4.57346e+22 -135.647
402 6.38755e+22 -11.6632
401 2.1684e+22 26.3381
400 4.37227e+22 11.3037
399 2.50874e+22 45.2022
398 2.09654e+22 164.398
397 3.47707e+22 21.4321
396 7.60912e+22 99.4811
395 5.39515e+22 -129.465
394 3.75969e+22 -104.443
393 4.86914e+22 -31.2546
392 1.97775e+22 124.31
391 6.10058e+22 126.803
390 6.85836e+22 125.051
389 1.57597e+22 -113.2
388 2.95759e+22 193.407
387 5.83698e+22 215.378
386 4.74112e+22 6.63297
385 8.95077e+22 77.6502
384 5.94572e+22 40.9319
383 4.79159e+22 -183.367
382 5.13244e+22 -68.8075
381 2.48592e+22 37.3965
380 4.46673e+22 -121.885
379 3.69931e+22 -40.7968
378 5.28149e+22 -110.492
377 4.89346e+22 -62.6325
376 2.97472e+22 -68.9517
375 4.16682e+22 -145.792
374 7.75576e+22 -86.183
373 7.72078e+22 194.514
372 5.32243e+22 213.2
371 5.28919e+22 -68.7476
370 4.9933e+22 101.572
369 3.37642e+22 218.469
368 3.53942e+22 -165.363
367 4.39398e+22 -95.7148
366 6.11491e+22 -25.8491
365 8.01378e+22 299.65
364 7.83219e+22 -200.13
363 3.26787e+22 187.492
362 5.0852e+22 139.83
361 6.27474e+22 198.814
360 3.67198e+22 -70.6697
359 4.03155e+22 123.639
358 2.56772e+22 27.7928
357 2.84171e+22 -140.758
356 6.17254e+22 -124.736
355 9.15162e+22 -46.9817
354 3.77914e+22 43.9527
353 7.01999e+22 -184.147
352 6.48738e+22 -78.5794
351 6.49346e+22 -112.723
350 6.05723e+22 -180.93
349 4.16155e+22 55.0126
348 8.35115e+22 18.3326
347 6.51762e+22 102.176
346 5.21685e+22 136.878
345 5.93235e+22 139.277
344 9.77797e+22 -129.616
343 3.81177e+22 114.079
342 3.20602e+22 -164.978
341 3.94541e+22 137.28
340 4.44324e+22 311.11
339 4.80612e+22 117.1
338 4.9434e+22 -55.274
337 5.56486e+22 252.19
336 1.15311e+23 -80.5121
335 4.28525e+22 63.3316
334 1.00319e+23 -162.356
333 6.08091e+22 30.0476
332 6.23167e+22 -220.385
331 7.22693e+22 126.515
330 6.04802e+22 1.06467
329 5.02563e+22 -209.959
328 9.72393e+22 -128.028
327 7.98488e+22 -32.4884
326 3.94764e+22 -368.183
325 6.39687e+22 -241.367
324 3.5677e+22 60.6672
323 4.03164e+22 60.3946
322 6.73942e+22 -9.06985
321 8.89838e+22 -143.417
320 5.37558e+22 141.092
319 6.13e+22 -138.377
318 1.39275e+23 -255.333
317 8.75562e+22 -441.953
316 1.57596e+23 249.258
315 7.87546e+22 87.1873
314 8.97863e+22 76.2153
313 9.30593e+22 -94.756
312 9.20071e+22 -30.8063
311 1.46477e+23 -156.33
310 6.5332e+22 -35.733
309 7.00311e+22 -76.833
308 6.52229e+22 -223.75
307 1.1781e+23 -277.259
306 4.89543e+22 -47.8461
305 1.02681e+23 -46.6477
304 9.4315e+22 23.041
303 5.15817e+22 -5.73856
302 1.15488e+23 213.749
301 4.80021e+22 17.5502
300 8.60217e+22 -30.4041
299 3.80879e+22 104.876
298 7.29513e+22 -306.778
297 8.67935e+22 99.8998
296 1.04476e+23 81.0467
295 1.0328e+23 53.9695
294 8.45231e+22 232.417
293 1.02787e+23 18.1276
292 1.29515e+23 -448.571
291 7.86954e+22 -232.739
290 9.48862e+22 131.627
289 5.69155e+22 -245.686
288 1.03161e+23 -162.245
287 4.24751e+22 60.3831
286 1.71912e+23 5.45182
285 4.20245e+22 203.845
284 7.8384e+22 -288.631
283 1.26682e+23 -20.9885
282 1.59411e+23 65.9896
281 2.067e+23 222.665
280 1.13896e+23 247.902
279 1.11689e+23 -16.589
278 6.44928e+22 411.745
277 1.57586e+23 225.066
276 1.59784e+23 -340.083
275 1.5383e+23 -383.767
274 1.01453e+23 162.72
273 1.80715e+23 -8.28988
272 9.27527e+22 -28.0405
271 1.33059e+23 188.4
270 2.89611e+23 -100.169
269 1.47498e+23 -330.293
268 2.26044e+23 544.125
267 1.39424e+23 387.982
266 1.04992e+23 -259.844
265 1.70253e+23 -290.939
264 4.83434e+22 -118.422
263 1.12385e+23 131.389
262 7.04032e+22 98.1139
261 7.01697e+22 -316.542
260 4.44103e+23 451.508
259 1.39824e+23 -371.644
258 7.84547e+22 -274.482
257 2.09451e+23 -292.42
256 2.15608e+23 -473.241
255 1.39044e+23 343.439
254 1.02432e+23 -365.23
253 9.22794e+22 -334.266
252 8.77684e+22 126.208
251 4.19732e+23 314.799
250 2.81445e+23 447.275
249 1.13682e+23 -398.744
248 2.39301e+23 -12.9665
247 2.95632e+23 212.602
246 6.76263e+22 366.899
245 2.05909e+23 640.522
244 1.00287e+23 194.809
243 2.41598e+23 688.745
242 1.68973e+23 921.089
241 1.80362e+23 268.943
240 1.43394e+23 11.229
239 3.67143e+23 104.645
238 1.0232e+23 -186.263
237 4.05851e+23 -669.325
236 3.97594e+23 -657.95
235 8.84616e+22 -339.623
234 2.19925e+23 -564.542
233 1.42941e+23 -149.333
232 1.14414e+23 26.2189
231 5.57695e+23 163.82
230 2.84416e+23 -69.8561
229 3.34144e+23 469.154
228 2.19858e+23 890.263
227 1.56564e+23 -137.157
226 1.35331e+23 199.286
225 1.25701e+23 -129.934
224 2.99683e+23 2.91559
223 2.08517e+23 585.14
222 4.77239e+23 310.365
221 1.53216e+23 480.845
220 2.78991e+23 65.9545
219 1.17734e+23 -12.4811
218 2.15903e+23 -86.1479
217 2.34027e+23 -210.794
216 3.5155e+23 -92.0766
215 1.63594e+23 821.175
214 2.20013e+24 1013.13
213 4.58186e+23 -751.687
212 2.77831e+23 -51.0007
211 3.81231e+23 -694.983
210 1.84541e+23 -140.864
209 1.8784e+23 -4.86532
208 1.99002e+23 -163.581
207 2.08992e+23 600.898
206 3.08771e+23 -17.6799
205 5.0954e+23 637.924
204 9.04141e+22 144.894
203 2.3224e+23 749.403
202 2.25679e+23 1488.28
201 1.68864e+23 1745.93
200 1.47118e+23 1137.78
199 1.92776e+23 996.248
198 2.98157e+23 1122.46
197 3.50054e+23 1092.43
196 2.14416e+23 1340.43
195 3.05299e+23 868.476
194 4.42315e+23 156.525
193 3.99427e+23 1641.86
192 1.07684e+23 1450.74
191 2.67982e+23 1198.2
190 5.33239e+23 1036.66
189 4.43387e+23 474.452
188 1.10422e+23 1381.17
187 2.30987e+23 330.484
186 4.48181e+23 -426.792
185 7.91936e+23 486.963
184 4.88689e+23 803.009
183 1.5636e+23 -1370.46
182 2.3905e+23 -701.83
181 1.03558e+23 -394.221
180 1.37978e+23 -368.803
179 8.78496e+23 590.694
178 1.32604e+23 838.107
177 5.65645e+23 1190.67
176 3.5864e+23 179.737
175 2.15255e+23 -117.137
174 3.02794e+23 -482.516
173 3.94597e+23 -925.324
172 1.66689e+23 -558.453
171 1.88335e+23 -1357.04
170 1.03504e+24 -1822.39
169 3.4712e+23 -2758.64
168 3.96369e+23 -2011.59
167 1.98097e+23 -3132.28
166 4.73787e+23 -2596.7
165 1.80083e+23 -2303.73
164 2.29296e+23 -2332.57
163 3.72857e+23 -3744.2
162 2.60284e+23 -4923.04
161 2.61776e+23 -4851.43
160 2.42846e+23 -4676.25
159 5.32393e+23 -5247.02
158 1.26465e+23 -5475.45
157 4.37267e+23 -5198.43
156 8.66755e+22 -4886.26
155 8.44103e+23 -5937.05
154 7.61209e+22 -6713.3
153 1.24241e+23 -6401.22
152 7.22288e+22 -6670.39
151 2.23495e+23 -7234.47
150 2.6404e+22 -7605.17
149 8.18789e+22 -7953.3
148 7.25091e+22 -8322.24
147 7.48159e+22 -8509.43
146 9.48698e+22 -8744.4
145 1.12263e+23 -9301.06
144 2.76368e+23 -9289.99
143 2.20747e+23 -9522.04
142 7.7525e+22 -9957.42
141 6.56586e+22 -10034.2
140 2.04853e+23 -10134.5
139 8.16737e+22 -10471.5
138 2.55202e+23 -11016.1
137 1.5388e+23 -11303.1
136 3.42666e+23 -11950.2
135 9.23012e+22 -12458.5
134 9.11203e+22 -12365.3
133 1.28633e+23 -12758.4
132 6.06538e+22 -12925.7
131 5.09194e+22 -12735.9
130 1.9901e+22 -12460.8
129 1.36902e+23 -12622.9
128 1.04638e+23 -12942.5
127 2.18091e+23 -13160.6
126 1.79461e+23 -12514.6
125 1.73632e+23 -12729.6
124 3.70263e+22 -13174.9
123 6.85423e+22 -13291.1
122 1.11817e+23 -13310.2
121 1.02837e+23 -13392.3
120 1.51687e+23 -13864.9
119 1.44827e+23 -14085.6
118 7.75217e+22 -14422.3
117 1.73579e+22 -14472
116 3.09219e+22 -14632.4
115 3.11653e+22 -14719
114 3.99695e+22 -14718.1
113 1.2089e+23 -15008.5
112 7.33232e+22 -15482.1
111 7.01456e+22 -15537
110 7.66613e+22 -15281.3
109 3.16186e+22 -15559.8
108 3.59673e+22 -15520.8
107 3.4718e+22 -15647.6
106 2.85733e+22 -15724.7
105 2.0767e+22 -15610.4
104 6.20005e+22 -16016.6
103 1.1592e+23 -16179.5
102 6.4873e+22 -16603.5
101 4.92646e+22 -16872.8
100 5.47972e+22 -16914.9
99 1.35736e+23 -17132.5
98 3.05134e+22 -17343.2
97 2.23241e+22 -17510.8
96 1.15757e+23 -17599.9
95 2.60011e+22 -17743.8
94 2.7384e+23 -18025.8
93 1.92738e+22 -18357.4
92 2.91992e+22 -18465.5
91 2.43652e+22 -18532.4
90 7.65319e+22 -18750.8
89 6.41274e+22 -18896.3
88 6.04018e+22 -19206.7
87 5.64101e+22 -19480.2
86 2.47018e+22 -19816.6
85 2.8353e+22 -19805.1
84 2.35191e+23 -20021.8
83 1.42196e+23 -20498.2
82 6.33956e+22 -20684
81 2.97652e+23 -21108
80 2.34003e+22 -21328.3
79 2.53114e+22 -21351.4
78 1.31723e+23 -21645
77 6.82561e+22 -21858.7
76 5.55275e+22 -21893.2
75 3.11451e+22 -22085.6
74 9.37895e+22 -22215.9
73 4.63188e+22 -22523.8
72 7.6003e+22 -22796
71 2.30419e+23 -23052.9
70 4.26248e+22 -23322.7
69 4.65163e+22 -23239.4
68 3.54454e+23 -23648.5
67 3.12412e+22 -23977.1
66 1.55684e+23 -24198.1
65 3.68518e+23 -24564.3
64 3.40662e+22 -24879.4
63 4.71238e+23 -25272.6
62 1.53908e+23 -25685
61 9.81236e+22 -25849.5
60 3.28443e+22 -26050.4
59 1.4753e+23 -26156.3
58 1.04011e+23 -26379.6
57 2.68421e+23 -26662.1
56 5.23513e+22 -26923.6
55 2.15358e+23 -27156.4
54 3.20036e+22 -27345.4
53 1.47312e+23 -27588.1
52 2.80797e+23 -27895.3
51 2.14844e+23 -28191
50 2.70164e+23 -28539.8
49 6.71839e+22 -28705.5
48 6.02024e+22 -28801.7
47 7.63819e+22 -28833.4
46 1.04273e+23 -29104.7
45 1.36091e+23 -29284.2
44 7.62219e+22 -29403.9
43 9.93206e+22 -29585.2
42 2.59484e+23 -29812.3
41 4.41031e+22 -29943.1
40 1.68599e+23 -30082.3
39 2.89755e+22 -30181.5
38 1.24469e+23 -30247
37 2.37774e+23 -30455.4
36 1.02404e+24 -30728
35 1.00933e+23 -30994.1
34 2.19859e+23 -31168.9
33 2.04233e+23 -31386.9
32 1.08598e+24 -31618.7
31 3.26779e+23 -31969.6
30 4.97993e+23 -32139.4
29 5.16983e+22 -32370.1
28 1.49959e+23 -32442.8
27 8.54605e+23 -32672.9
26 8.24474e+23 -32952.2
25 1.08281e+24 -33339.1
24 5.77055e+23 -33548.3
23 4.14627e+23 -33739.8
22 7.35065e+23 -33923.4
21 2.91577e+23 -34157.3
20 2.26407e+24 -34365.5
19 1.07097e+24 -34637.6
18 1.84485e+24 -34896.1
17 8.50831e+23 -35144.5
16 7.30264e+23 -35294
15 9.27567e+23 -35455.7
14 1.45456e+24 -35734.5
13 7.04225e+24 -36002.7
12 2.00515e+24 -36252.6
11 3.3399e+24 -36431.3
10 4.67328e+23 -36563.5
9 4.77772e+24 -36723.1
8 4.28517e+24 -36962.7
7 2.72967e+24 -37150.5
6 6.50133e+24 -37327
5 1.4389e+25 -37571
4 3.48499e+25 -37820.9
3 6.20318e+25 -38064.2
2 1.60625e+25 -38309.7
1 4.66847e+26 -38508.6
