3000 7.52834e+23 0.258278
2999 3.08004e+23 0.260878
2998 2.46773e+23 0.260527
2997 2.27203e+23 0.259253
2996 2.61061e+23 0.258232
2995 2.29415e+23 0.259506
2994 2.25029e+23 0.26326
2993 2.39782e+23 0.260502
2992 2.57432e+23 0.262115
2991 2.18074e+23 0.257632
2990 3.08333e+23 0.260295
2989 2.42051e+23 0.258687
2988 2.2141e+23 0.260717
2987 2.45716e+23 0.262143
2986 2.53271e+23 0.262562
2985 2.29282e+23 0.260481
2984 1.94431e+23 0.260756
2983 2.55655e+23 0.262185
2982 2.45129e+23 0.263389
2981 2.26303e+23 0.261471
2980 2.55972e+23 0.26072
2979 2.42107e+23 0.26137
2978 2.69321e+23 0.263373
2977 2.3029e+23 0.262406
2976 2.81403e+23 0.261032
2975 2.49437e+23 0.263247
2974 2.31969e+23 0.260904
2973 2.36353e+23 0.264599
2972 2.43728e+23 0.262642
2971 2.9852e+23 0.26371
2970 2.52639e+23 0.26169
2969 2.43492e+23 0.260486
2968 2.25993e+23 0.262718
2967 2.57461e+23 0.262669
2966 2.95699e+23 0.264143
2965 2.13404e+23 0.26241
2964 2.34306e+23 0.262579
2963 3.01012e+23 0.263136
2962 2.19825e+23 0.264217
2961 2.03152e+23 0.263761
2960 2.40378e+23 0.264417
2959 2.29011e+23 0.263473
2958 2.64098e+23 0.263055
2957 2.44347e+23 0.263006
2956 2.52509e+23 0.265899
2955 1.97185e+23 0.264579
2954 2.17189e+23 0.264648
2953 2.21011e+23 0.265692
2952 2.3197e+23 0.265063
2951 1.9988e+23 0.264476
2950 2.59142e+23 0.266292
2949 2.90243e+23 0.263112
2948 2.37185e+23 0.266269
2947 1.97292e+23 0.26723
2946 2.7543e+23 0.266763
2945 2.61976e+23 0.265369
2944 3.16766e+23 0.264964
2943 2.46786e+23 0.264843
2942 2.59107e+23 0.264991
2941 1.97547e+23 0.266056
2940 2.4441e+23 0.264156
2939 2.36265e+23 0.265766
2938 2.68562e+23 0.26566
2937 2.57794e+23 0.268092
2936 2.72645e+23 0.265857
2935 2.80967e+23 0.266498
2934 2.52971e+23 0.264402
2933 2.2875e+23 0.264851
2932 2.41395e+23 0.266512
2931 2.95773e+23 0.265659
2930 2.3594e+23 0.267261
2929 2.73322e+23 0.265302
2928 2.74717e+23 0.265177
2927 2.45405e+23 0.266987
2926 3.09249e+23 0.264783
2925 2.60125e+23 0.265743
2924 2.59293e+23 0.265493
2923 2.68715e+23 0.26937
2922 2.231e+23 0.265676
2921 2.38386e+23 0.268611
2920 3.12063e+23 0.266624
2919 2.1315e+23 0.267363
2918 2.68451e+23 0.267059
2917 2.77367e+23 0.26724
2916 2.53558e+23 0.267844
2915 2.404e+23 0.267093
2914 2.47942e+23 0.267972
2913 2.1611e+23 0.267511
2912 2.6682e+23 0.267297
2911 2.29272e+23 0.266335
2910 2.86748e+23 0.267662
2909 2.25702e+23 0.269111
2908 2.54288e+23 0.267811
2907 1.91897e+23 0.264779
2906 2.6061e+23 0.269278
2905 2.8677e+23 0.268475
2904 2.44771e+23 0.265272
2903 2.32135e+23 0.267928
2902 2.59911e+23 0.267962
2901 2.43764e+23 0.268933
2900 2.56979e+23 0.27089
2899 1.98703e+23 0.268848
2898 2.48138e+23 0.268646
2897 2.59359e+23 0.269529
2896 2.11837e+23 0.269328
2895 2.76979e+23 0.26947
2894 2.71714e+23 0.27104
2893 2.45025e+23 0.271108
2892 3.01024e+23 0.268643
2891 2.17622e+23 0.268528
2890 2.27917e+23 0.270646
2889 2.51239e+23 0.271246
2888 2.58548e+23 0.272346
2887 2.58535e+23 0.269894
2886 2.47751e+23 0.269438
2885 2.51093e+23 0.271175
2884 2.34356e+23 0.2691
2883 2.40945e+23 0.269512
2882 2.18533e+23 0.270459
2881 2.49492e+23 0.271676
2880 2.11295e+23 0.271416
2879 2.37617e+23 0.27124
2878 2.43462e+23 0.274183
2877 1.94184e+23 0.273319
2876 2.78832e+23 0.273275
2875 2.70734e+23 0.271751
2874 2.59376e+23 0.271889
2873 2.47122e+23 0.271596
2872 2.22952e+23 0.271203
2871 2.49751e+23 0.272681
2870 1.83369e+23 0.272833
2869 1.96816e+23 0.270732
2868 2.93518e+23 0.27084
2867 2.44546e+23 0.271353
2866 2.72782e+23 0.273049
2865 3.59647e+23 0.273495
2864 2.91076e+23 0.271405
2863 2.07232e+23 0.272239
2862 2.77877e+23 0.273001
2861 2.42393e+23 0.27023
2860 2.56809e+23 0.273907
2859 2.86584e+23 0.273256
2858 2.95278e+23 0.270318
2857 2.45513e+23 0.272342
2856 2.23469e+23 0.273814
2855 2.82013e+23 0.272342
2854 2.36011e+23 0.273165
2853 2.28823e+23 0.274925
2852 2.68687e+23 0.273322
2851 2.18008e+23 0.272416
2850 2.81325e+23 0.273123
2849 3.02043e+23 0.272631
2848 2.78802e+23 0.274706
2847 3.05162e+23 0.275081
2846 2.43237e+23 0.273849
2845 2.74921e+23 0.274396
2844 2.68023e+23 0.274524
2843 2.74429e+23 0.273556
2842 2.11641e+23 0.27452
2841 2.72535e+23 0.275761
2840 2.41306e+23 0.273605
2839 2.25268e+23 0.276531
2838 2.39227e+23 0.275601
2837 2.44692e+23 0.275291
2836 2.6763e+23 0.277147
2835 2.74868e+23 0.27645
2834 2.00766e+23 0.274899
2833 2.7163e+23 0.277994
2832 2.90837e+23 0.278616
2831 3.03176e+23 0.277525
2830 2.89946e+23 0.274548
2829 2.85563e+23 0.274843
2828 2.27988e+23 0.276617
2827 2.57014e+23 0.276166
2826 2.59443e+23 0.275588
2825 2.6909e+23 0.277081
2824 2.35832e+23 0.277045
2823 2.50642e+23 0.277075
2822 2.23779e+23 0.277518
2821 2.80371e+23 0.278151
2820 2.68404e+23 0.278753
2819 3.06437e+23 0.276752
2818 2.41597e+23 0.279617
2817 2.5858e+23 0.276638
2816 2.53671e+23 0.275336
2815 2.9803e+23 0.276818
2814 2.29529e+23 0.278264
2813 3.36334e+23 0.276855
2812 2.45582e+23 0.27852
2811 2.74036e+23 0.27682
2810 2.38681e+23 0.278721
2809 2.27913e+23 0.277979
2808 2.60783e+23 0.278832
2807 2.5012e+23 0.280472
2806 2.87373e+23 0.279912
2805 2.21489e+23 0.278362
2804 2.26736e+23 0.280451
2803 2.72333e+23 0.278288
2802 1.93873e+23 0.28048
2801 2.63989e+23 0.279183
2800 2.26766e+23 0.280779
2799 2.32355e+23 0.278668
2798 2.89291e+23 0.277852
2797 2.1231e+23 0.279924
2796 2.78406e+23 0.279085
2795 2.68278e+23 0.277594
2794 2.53642e+23 0.279985
2793 2.28799e+23 0.279487
2792 2.46614e+23 0.279245
2791 2.43069e+23 0.27997
2790 3.04434e+23 0.28173
2789 2.90587e+23 0.280165
2788 2.18561e+23 0.279142
2787 3.44351e+23 0.280714
2786 2.77136e+23 0.280512
2785 2.58189e+23 0.281202
2784 2.97744e+23 0.281571
2783 2.11029e+23 0.279397
2782 2.4054e+23 0.27946
2781 2.81681e+23 0.280812
2780 2.4557e+23 0.282181
2779 2.22325e+23 0.282208
2778 2.66186e+23 0.282203
2777 2.84766e+23 0.281822
2776 2.55872e+23 0.283353
2775 2.62204e+23 0.282667
2774 2.77283e+23 0.282944
2773 3.06894e+23 0.282005
2772 2.21965e+23 0.283112
2771 2.80766e+23 0.283967
2770 2.60162e+23 0.2828
2769 2.64985e+23 0.282885
2768 2.87914e+23 0.280978
2767 3.39266e+23 0.282956
2766 2.58317e+23 0.282402
2765 2.59874e+23 0.282951
2764 2.67256e+23 0.282913
2763 2.83546e+23 0.282078
2762 2.60694e+23 0.284447
2761 1.83934e+23 0.284141
2760 2.82883e+23 0.283331
2759 2.28884e+23 0.285202
2758 2.36134e+23 0.283109
2757 2.55415e+23 0.28315
2756 2.70045e+23 0.281768
2755 1.87067e+23 0.286028
2754 2.42605e+23 0.283761
2753 2.89297e+23 0.282883
2752 2.70967e+23 0.283626
2751 3.08711e+23 0.284426
2750 2.23685e+23 0.284278
2749 2.55992e+23 0.283622
2748 2.85358e+23 0.283849
2747 2.77164e+23 0.286531
2746 2.61358e+23 0.286067
2745 2.64538e+23 0.286882
2744 2.4722e+23 0.284235
2743 2.89485e+23 0.285929
2742 3.13389e+23 0.28526
2741 2.33597e+23 0.287493
2740 2.57423e+23 0.28488
2739 2.36343e+23 0.284942
2738 2.89675e+23 0.285164
2737 2.26106e+23 0.285964
2736 2.94805e+23 0.287097
2735 2.04978e+23 0.287531
2734 2.71118e+23 0.285669
2733 2.35882e+23 0.286242
2732 2.05763e+23 0.286783
2731 3.22095e+23 0.287474
2730 2.8427e+23 0.28486
2729 2.79907e+23 0.287263
2728 2.33029e+23 0.285556
2727 2.8669e+23 0.287364
2726 2.66944e+23 0.287691
2725 2.86227e+23 0.286802
2724 2.11033e+23 0.285482
2723 3.34017e+23 0.288594
2722 2.91514e+23 0.287868
2721 2.42788e+23 0.288365
2720 2.30028e+23 0.28947
2719 2.96133e+23 0.288355
2718 2.15759e+23 0.287982
2717 2.52295e+23 0.288559
2716 3.59994e+23 0.287257
2715 2.41211e+23 0.289966
2714 2.57778e+23 0.288518
2713 2.51365e+23 0.291006
2712 2.45873e+23 0.286716
2711 2.5791e+23 0.287267
2710 2.58226e+23 0.287967
2709 2.52926e+23 0.286012
2708 2.65458e+23 0.29055
2707 2.48403e+23 0.28923
2706 2.81778e+23 0.29096
2705 2.82828e+23 0.290057
2704 3.07085e+23 0.289849
2703 2.87702e+23 0.290753
2702 2.44409e+23 0.290456
2701 3.1783e+23 0.291131
2700 2.77173e+23 0.28922
2699 3.27643e+23 0.291547
2698 2.22997e+23 0.290589
2697 2.93775e+23 0.289733
2696 2.53547e+23 0.289104
2695 3.01834e+23 0.290977
2694 2.75307e+23 0.292469
2693 2.01963e+23 0.288488
2692 2.63896e+23 0.290253
2691 3.32407e+23 0.289141
2690 2.59429e+23 0.2919
2689 2.62256e+23 0.293054
2688 3.1163e+23 0.291203
2687 2.78929e+23 0.291922
2686 2.29303e+23 0.291598
2685 2.22971e+23 0.291721
2684 2.78595e+23 0.293045
2683 2.16314e+23 0.291662
2682 2.53935e+23 0.291783
2681 2.47611e+23 0.290486
2680 2.72683e+23 0.291565
2679 2.67516e+23 0.292379
2678 2.70712e+23 0.293243
2677 2.77306e+23 0.292821
2676 3.27336e+23 0.290943
2675 3.08601e+23 0.292504
2674 2.66378e+23 0.292282
2673 3.01274e+23 0.293346
2672 2.3936e+23 0.293432
2671 2.24448e+23 0.291993
2670 2.33791e+23 0.295279
2669 2.9943e+23 0.292894
2668 2.27601e+23 0.291532
2667 2.96541e+23 0.294573
2666 2.56783e+23 0.293869
2665 2.8618e+23 0.293238
2664 2.54992e+23 0.292699
2663 2.9081e+23 0.294571
2662 2.57866e+23 0.294717
2661 2.00793e+23 0.295537
2660 3.15463e+23 0.293999
2659 2.45766e+23 0.296572
2658 2.37798e+23 0.293495
2657 2.61948e+23 0.294208
2656 2.41075e+23 0.294657
2655 2.38383e+23 0.294815
2654 2.40437e+23 0.294013
2653 2.79902e+23 0.297123
2652 2.37703e+23 0.295768
2651 3.14381e+23 0.295058
2650 3.04631e+23 0.295718
2649 2.74264e+23 0.29648
2648 2.57252e+23 0.295596
2647 2.57222e+23 0.296711
2646 2.47197e+23 0.295689
2645 2.87461e+23 0.29759
2644 2.4942e+23 0.293829
2643 2.89063e+23 0.298717
2642 2.97471e+23 0.297231
2641 3.18633e+23 0.29632
2640 2.96339e+23 0.298215
2639 3.06933e+23 0.297869
2638 2.93008e+23 0.298115
2637 2.46799e+23 0.295162
2636 3.04259e+23 0.295971
2635 2.71633e+23 0.297259
2634 3.13415e+23 0.295914
2633 3.15223e+23 0.298708
2632 2.70654e+23 0.29678
2631 3.04113e+23 0.295966
2630 2.38715e+23 0.298893
2629 2.82064e+23 0.298725
2628 3.44322e+23 0.297105
2627 2.64445e+23 0.29749
2626 2.47562e+23 0.299048
2625 2.85529e+23 0.301576
2624 3.12712e+23 0.299597
2623 2.71704e+23 0.297028
2622 2.50598e+23 0.29822
2621 3.06071e+23 0.302053
2620 2.46714e+23 0.29987
2619 3.14783e+23 0.298137
2618 2.51419e+23 0.299327
2617 1.92484e+23 0.299274
2616 2.85029e+23 0.300019
2615 3.13141e+23 0.299703
2614 2.78463e+23 0.298793
2613 2.88991e+23 0.299049
2612 3.17911e+23 0.302594
2611 2.4927e+23 0.299985
2610 2.58857e+23 0.299787
2609 2.84989e+23 0.300668
2608 3.05344e+23 0.301868
2607 2.61814e+23 0.298248
2606 2.34223e+23 0.302702
2605 2.45402e+23 0.302184
2604 2.924e+23 0.299957
2603 2.40198e+23 0.301589
2602 3.50636e+23 0.301515
2601 2.29332e+23 0.301088
2600 2.66712e+23 0.302353
2599 2.71794e+23 0.301392
2598 2.83465e+23 0.303418
2597 2.31466e+23 0.301421
2596 2.67284e+23 0.301632
2595 2.57136e+23 0.302191
2594 2.81043e+23 0.304114
2593 2.55081e+23 0.302869
2592 3.11141e+23 0.301782
2591 2.95855e+23 0.304556
2590 3.18759e+23 0.30334
2589 2.50437e+23 0.303254
2588 2.74334e+23 0.305807
2587 3.2497e+23 0.300083
2586 2.43685e+23 0.303228
2585 2.68176e+23 0.304448
2584 2.5654e+23 0.305046
2583 2.62307e+23 0.303034
2582 2.57932e+23 0.301353
2581 3.26158e+23 0.303954
2580 2.86887e+23 0.304685
2579 2.1658e+23 0.305898
2578 3.30718e+23 0.30526
2577 3.19383e+23 0.302456
2576 2.28823e+23 0.304237
2575 3.06478e+23 0.305857
2574 2.4333e+23 0.303403
2573 2.74489e+23 0.30463
2572 3.19442e+23 0.304804
2571 2.58745e+23 0.306412
2570 2.41645e+23 0.304465
2569 3.04709e+23 0.304274
2568 2.38817e+23 0.305641
2567 2.7291e+23 0.305946
2566 3.0932e+23 0.306689
2565 3.02214e+23 0.304281
2564 2.6933e+23 0.304892
2563 2.62629e+23 0.304915
2562 2.8236e+23 0.304111
2561 2.6382e+23 0.304784
2560 2.82195e+23 0.304505
2559 2.41559e+23 0.310268
2558 2.82767e+23 0.306817
2557 3.33991e+23 0.307498
2556 2.7989e+23 0.307974
2555 3.09879e+23 0.30691
2554 3.09096e+23 0.307397
2553 3.04269e+23 0.304767
2552 2.74126e+23 0.307474
2551 2.46538e+23 0.306587
2550 2.87549e+23 0.307363
2549 2.53349e+23 0.30548
2548 2.84658e+23 0.305894
2547 2.89614e+23 0.308225
2546 2.99562e+23 0.309791
2545 2.70664e+23 0.306932
2544 2.17314e+23 0.310028
2543 2.56853e+23 0.307514
2542 2.63983e+23 0.310341
2541 3.38818e+23 0.307458
2540 2.93963e+23 0.309383
2539 2.64516e+23 0.309032
2538 3.8148e+23 0.308478
2537 3.09096e+23 0.310913
2536 3.09801e+23 0.310877
2535 3.07751e+23 0.30949
2534 2.45348e+23 0.310315
2533 2.86266e+23 0.309576
2532 2.61459e+23 0.311977
2531 2.8191e+23 0.308434
2530 2.59251e+23 0.311383
2529 3.03486e+23 0.310513
2528 2.27145e+23 0.311593
2527 3.06015e+23 0.310855
2526 2.7515e+23 0.309121
2525 2.7007e+23 0.312648
2524 3.40296e+23 0.310098
2523 2.50962e+23 0.312786
2522 2.59503e+23 0.312805
2521 2.89038e+23 0.312765
2520 3.19867e+23 0.311311
2519 3.18785e+23 0.311839
2518 2.9811e+23 0.313411
2517 2.72551e+23 0.3128
2516 3.02265e+23 0.312868
2515 2.80946e+23 0.311821
2514 3.02839e+23 0.312485
2513 2.96231e+23 0.309973
2512 3.3663e+23 0.314385
2511 2.98566e+23 0.313435
2510 3.13481e+23 0.309632
2509 2.51055e+23 0.312058
2508 2.78745e+23 0.314302
2507 3.25884e+23 0.312375
2506 2.91656e+23 0.312671
2505 3.37806e+23 0.314568
2504 2.46395e+23 0.313252
2503 3.05301e+23 0.315322
2502 2.78915e+23 0.313827
2501 3.37882e+23 0.312845
2500 2.616e+23 0.315329
2499 2.68638e+23 0.312051
2498 3.251e+23 0.313181
2497 2.65729e+23 0.314299
2496 2.88276e+23 0.312887
2495 3.50566e+23 0.313869
2494 3.38844e+23 0.315355
2493 2.70408e+23 0.314869
2492 2.9687e+23 0.316506
2491 2.738e+23 0.316595
2490 3.04355e+23 0.315357
2489 2.73515e+23 0.314932
2488 2.53833e+23 0.315433
2487 2.78217e+23 0.317078
2486 2.95441e+23 0.31405
2485 2.81413e+23 0.316737
2484 2.47115e+23 0.316967
2483 2.78548e+23 0.316108
2482 2.57402e+23 0.314956
2481 2.83948e+23 0.317134
2480 2.22691e+23 0.315738
2479 2.5458e+23 0.317185
2478 2.95676e+23 0.31764
2477 2.93839e+23 0.316153
2476 3.05033e+23 0.317838
2475 2.55524e+23 0.316574
2474 2.8314e+23 0.319284
2473 2.82865e+23 0.319716
2472 2.99898e+23 0.318361
2471 2.86435e+23 0.318032
2470 2.9326e+23 0.317779
2469 3.33145e+23 0.318966
2468 3.56181e+23 0.318617
2467 2.72069e+23 0.316385
2466 3.21991e+23 0.319429
2465 2.54377e+23 0.320061
2464 3.1112e+23 0.321454
2463 2.93389e+23 0.319778
2462 2.40063e+23 0.318094
2461 3.18352e+23 0.321268
2460 2.76571e+23 0.318288
2459 2.44345e+23 0.320268
2458 3.27407e+23 0.321929
2457 2.82018e+23 0.319875
2456 3.97139e+23 0.321496
2455 2.60427e+23 0.322376
2454 3.01571e+23 0.319081
2453 2.01518e+23 0.319988
2452 3.37017e+23 0.320286
2451 3.34581e+23 0.319533
2450 2.99587e+23 0.320394
2449 2.60011e+23 0.321017
2448 2.67334e+23 0.321547
2447 2.45353e+23 0.320321
2446 2.78303e+23 0.32078
2445 2.57463e+23 0.32073
2444 2.80308e+23 0.321913
2443 3.41059e+23 0.320287
2442 2.63018e+23 0.322525
2441 2.61457e+23 0.322053
2440 2.69619e+23 0.321395
2439 2.66852e+23 0.323225
2438 2.89501e+23 0.322179
2437 2.21445e+23 0.321235
2436 2.61287e+23 0.322692
2435 2.68201e+23 0.322978
2434 2.74947e+23 0.323078
2433 2.53869e+23 0.32422
2432 2.71835e+23 0.323863
2431 2.87084e+23 0.324929
2430 2.65893e+23 0.322832
2429 3.4522e+23 0.324201
2428 2.73898e+23 0.322543
2427 3.06835e+23 0.324392
2426 2.91588e+23 0.322478
2425 2.94103e+23 0.323612
2424 2.70991e+23 0.324775
2423 2.71539e+23 0.324868
2422 3.59469e+23 0.323286
2421 2.5216e+23 0.326077
2420 2.54605e+23 0.323105
2419 3.13804e+23 0.324947
2418 2.81372e+23 0.32543
2417 3.28018e+23 0.326122
2416 2.71287e+23 0.323419
2415 3.22128e+23 0.324577
2414 2.49692e+23 0.324774
2413 3.0982e+23 0.324667
2412 2.65332e+23 0.326837
2411 3.86897e+23 0.325843
2410 2.49827e+23 0.325658
2409 3.56306e+23 0.325744
2408 3.23102e+23 0.325813
2407 2.9176e+23 0.32799
2406 3.2469e+23 0.328196
2405 2.98952e+23 0.328312
2404 2.64231e+23 0.327262
2403 3.16577e+23 0.328259
2402 3.56147e+23 0.327562
2401 2.94258e+23 0.327505
2400 3.18295e+23 0.327239
2399 2.80196e+23 0.327691
2398 3.51348e+23 0.328891
2397 2.3744e+23 0.326726
2396 2.47283e+23 0.328832
2395 3.06948e+23 0.328776
2394 2.55502e+23 0.329664
2393 2.87356e+23 0.32728
2392 2.51734e+23 0.329116
2391 3.02343e+23 0.329674
2390 3.1571e+23 0.328278
2389 2.53898e+23 0.329395
2388 2.68993e+23 0.32877
2387 2.35001e+23 0.330031
2386 3.14743e+23 0.330112
2385 2.49689e+23 0.330513
2384 2.37133e+23 0.330339
2383 3.22266e+23 0.328223
2382 3.24313e+23 0.329451
2381 3.038e+23 0.333222
2380 2.72803e+23 0.329374
2379 3.15861e+23 0.332032
2378 3.00607e+23 0.330218
2377 3.20915e+23 0.329226
2376 2.60949e+23 0.33286
2375 3.28797e+23 0.332311
2374 2.96538e+23 0.331362
2373 2.34244e+23 0.332511
2372 2.7525e+23 0.330768
2371 2.82687e+23 0.330975
2370 2.80849e+23 0.332405
2369 3.00847e+23 0.332376
2368 2.9081e+23 0.334031
2367 3.24172e+23 0.334574
2366 3.14195e+23 0.331548
2365 3.2485e+23 0.33482
2364 3.2711e+23 0.333728
2363 2.6069e+23 0.332082
2362 3.0505e+23 0.334853
2361 2.86497e+23 0.332497
2360 2.6878e+23 0.332861
2359 3.06555e+23 0.333653
2358 2.61226e+23 0.332582
2357 2.80036e+23 0.334085
2356 3.09108e+23 0.33629
2355 2.483e+23 0.333429
2354 3.36593e+23 0.333579
2353 3.26489e+23 0.334982
2352 2.54571e+23 0.333663
2351 2.70241e+23 0.336579
2350 2.42848e+23 0.336958
2349 3.04868e+23 0.332109
2348 3.10644e+23 0.337848
2347 2.8976e+23 0.335143
2346 2.92882e+23 0.336476
2345 2.47081e+23 0.335288
2344 2.49957e+23 0.33374
2343 2.97717e+23 0.3367
2342 3.1331e+23 0.337684
2341 2.93963e+23 0.334652
2340 2.93621e+23 0.335775
2339 3.26878e+23 0.335379
2338 2.94974e+23 0.33598
2337 2.69652e+23 0.337402
2336 2.76019e+23 0.340111
2335 2.97995e+23 0.336583
2334 3.26624e+23 0.337499
2333 2.86158e+23 0.335719
2332 3.09956e+23 0.336344
2331 3.32063e+23 0.337344
2330 3.77131e+23 0.338947
2329 3.76677e+23 0.336292
2328 2.93455e+23 0.33766
2327 2.82356e+23 0.338031
2326 3.09688e+23 0.336958
2325 3.76199e+23 0.337863
2324 3.34966e+23 0.338489
2323 3.08355e+23 0.33896
2322 2.99694e+23 0.338738
2321 3.14818e+23 0.337872
2320 3.57101e+23 0.338949
2319 2.62359e+23 0.339824
2318 2.72584e+23 0.339378
2317 4.15259e+23 0.339352
2316 3.33752e+23 0.341358
2315 3.01121e+23 0.340023
2314 3.60924e+23 0.340838
2313 3.13415e+23 0.341783
2312 3.09397e+23 0.340736
2311 2.84201e+23 0.339279
2310 2.66796e+23 0.34146
2309 3.48529e+23 0.338053
2308 3.03387e+23 0.33986
2307 3.76264e+23 0.338478
2306 2.84605e+23 0.342241
2305 3.33431e+23 0.340284
2304 2.82224e+23 0.342378
2303 3.89221e+23 0.342159
2302 3.22508e+23 0.34326
2301 3.31565e+23 0.342617
2300 2.83141e+23 0.341341
2299 3.60243e+23 0.341859
2298 3.13799e+23 0.344043
2297 2.77868e+23 0.342871
2296 2.4803e+23 0.342467
2295 3.02258e+23 0.343291
2294 2.96272e+23 0.342635
2293 2.61243e+23 0.345292
2292 2.96527e+23 0.344082
2291 3.5504e+23 0.341753
2290 2.87702e+23 0.342357
2289 2.93035e+23 0.346509
2288 2.59161e+23 0.341991
2287 4.08602e+23 0.344276
2286 3.46668e+23 0.346479
2285 2.9618e+23 0.345276
2284 2.81653e+23 0.342927
2283 3.17845e+23 0.34626
2282 2.75742e+23 0.345293
2281 2.82714e+23 0.347041
2280 2.3621e+23 0.347828
2279 2.74311e+23 0.345919
2278 3.4187e+23 0.346028
2277 2.63045e+23 0.344484
2276 2.9978e+23 0.348018
2275 2.97818e+23 0.348522
2274 3.95501e+23 0.34694
2273 2.84296e+23 0.348982
2272 3.05828e+23 0.345532
2271 2.23123e+23 0.348125
2270 3.47531e+23 0.346547
2269 3.5443e+23 0.347318
2268 2.77837e+23 0.345889
2267 3.12548e+23 0.34916
2266 2.91316e+23 0.348851
2265 2.77063e+23 0.348633
2264 2.87065e+23 0.347606
2263 3.2421e+23 0.346746
2262 3.30133e+23 0.349443
2261 3.40176e+23 0.348009
2260 2.9705e+23 0.34698
2259 2.67429e+23 0.347748
2258 3.14515e+23 0.348265
2257 2.96576e+23 0.347988
2256 3.363e+23 0.351345
2255 3.70636e+23 0.349103
2254 3.42414e+23 0.350518
2253 2.94915e+23 0.34992
2252 3.45432e+23 0.349349
2251 2.70841e+23 0.350041
2250 2.68106e+23 0.348467
2249 3.63064e+23 0.351848
2248 2.69174e+23 0.351851
2247 2.59841e+23 0.349894
2246 3.28996e+23 0.349539
2245 3.27032e+23 0.350882
2244 3.38184e+23 0.352184
2243 3.13483e+23 0.351978
2242 2.8232e+23 0.353397
2241 3.73797e+23 0.353231
2240 2.51746e+23 0.352518
2239 2.80198e+23 0.352631
2238 3.30113e+23 0.352079
2237 3.28323e+23 0.353394
2236 3.62538e+23 0.352321
2235 2.93421e+23 0.352371
2234 3.6548e+23 0.350738
2233 3.10295e+23 0.354769
2232 2.71806e+23 0.353229
2231 3.31265e+23 0.352534
2230 3.44077e+23 0.353147
2229 2.67742e+23 0.350596
2228 3.27289e+23 0.354454
2227 2.87355e+23 0.352309
2226 3.067e+23 0.352157
2225 3.19985e+23 0.354229
2224 2.86207e+23 0.35703
2223 2.48844e+23 0.355736
2222 2.78174e+23 0.353014
2221 3.28068e+23 0.352818
2220 3.57779e+23 0.354414
2219 2.9778e+23 0.355633
2218 3.2961e+23 0.355304
2217 2.43248e+23 0.355233
2216 2.72722e+23 0.356701
2215 2.98594e+23 0.356479
2214 3.8841e+23 0.355913
2213 2.91774e+23 0.356112
2212 2.83731e+23 0.355
2211 3.96867e+23 0.356797
2210 3.48579e+23 0.358602
2209 2.93897e+23 0.356973
2208 3.40324e+23 0.357398
2207 3.2967e+23 0.357457
2206 2.93073e+23 0.359179
2205 3.31282e+23 0.357385
2204 3.07e+23 0.35817
2203 3.25774e+23 0.355699
2202 2.6573e+23 0.358199
2201 2.62196e+23 0.357227
2200 2.97365e+23 0.357094
2199 3.18407e+23 0.357748
2198 4.03038e+23 0.359257
2197 3.13641e+23 0.360735
2196 3.5207e+23 0.35902
2195 3.21965e+23 0.358472
2194 2.74602e+23 0.358331
2193 4.02045e+23 0.358342
2192 3.04763e+23 0.362137
2191 3.63988e+23 0.359141
2190 3.45131e+23 0.360253
2189 2.98748e+23 0.35999
2188 3.79001e+23 0.360081
2187 3.67188e+23 0.36097
2186 3.19627e+23 0.36097
2185 2.65961e+23 0.360016
2184 3.38173e+23 0.359385
2183 3.05626e+23 0.361815
2182 3.14407e+23 0.36273
2181 2.92929e+23 0.362152
2180 2.60601e+23 0.362296
2179 3.89188e+23 0.363724
2178 3.77504e+23 0.362918
2177 3.55919e+23 0.362556
2176 2.62337e+23 0.362844
2175 2.57374e+23 0.361362
2174 3.11843e+23 0.363588
2173 2.9635e+23 0.361901
2172 3.80344e+23 0.363228
2171 3.36063e+23 0.361119
2170 3.36929e+23 0.364578
2169 3.75766e+23 0.362864
2168 3.01296e+23 0.363141
2167 3.24137e+23 0.364831
2166 2.61406e+23 0.36203
2165 3.67989e+23 0.363246
2164 3.379e+23 0.365345
2163 3.40677e+23 0.364149
2162 3.34638e+23 0.363568
2161 3.63966e+23 0.363232
2160 3.99834e+23 0.36705
2159 2.53165e+23 0.364297
2158 2.56552e+23 0.367192
2157 3.39179e+23 0.365666
2156 3.74217e+23 0.366553
2155 3.20881e+23 0.362972
2154 2.66171e+23 0.365151
2153 2.71326e+23 0.367161
2152 3.24229e+23 0.366134
2151 2.61635e+23 0.365787
2150 3.18224e+23 0.364907
2149 2.85804e+23 0.369875
2148 3.34515e+23 0.365109
2147 2.47429e+23 0.365557
2146 2.86228e+23 0.368047
2145 2.28685e+23 0.367198
2144 3.88239e+23 0.368604
2143 2.94933e+23 0.367471
2142 3.27934e+23 0.368123
2141 4.18489e+23 0.368018
2140 2.98903e+23 0.368323
2139 2.84337e+23 0.3696
2138 3.53356e+23 0.36958
2137 3.26857e+23 0.368155
2136 3.41919e+23 0.369412
2135 4.33449e+23 0.370203
2134 2.89236e+23 0.369682
2133 3.55757e+23 0.369885
2132 3.42963e+23 0.370992
2131 3.82919e+23 0.370884
2130 3.47265e+23 0.369359
2129 3.19579e+23 0.370493
2128 3.38383e+23 0.369378
2127 3.54656e+23 0.370566
2126 4.22454e+23 0.36908
2125 2.35889e+23 0.372036
2124 4.31152e+23 0.37216
2123 3.1178e+23 0.371649
2122 2.84454e+23 0.371671
2121 3.23471e+23 0.371016
2120 3.42939e+23 0.370282
2119 3.80493e+23 0.373502
2118 3.77809e+23 0.371029
2117 4.10794e+23 0.370826
2116 3.64986e+23 0.374722
2115 3.36629e+23 0.372376
2114 4.0312e+23 0.374152
2113 3.30513e+23 0.374542
2112 3.38593e+23 0.373234
2111 4.05514e+23 0.373734
2110 3.80977e+23 0.373252
2109 3.18966e+23 0.373859
2108 2.77849e+23 0.375209
2107 4.25791e+23 0.374017
2106 3.14193e+23 0.374666
2105 3.36295e+23 0.373849
2104 3.50813e+23 0.375759
2103 3.19583e+23 0.375005
2102 3.51369e+23 0.376616
2101 3.71477e+23 0.37862
2100 2.7053e+23 0.376085
2099 3.35026e+23 0.375593
2098 3.23041e+23 0.377224
2097 3.52436e+23 0.378681
2096 3.31328e+23 0.377064
2095 3.05919e+23 0.376606
2094 4.16189e+23 0.376869
2093 3.51107e+23 0.377686
2092 2.81371e+23 0.376373
2091 3.90762e+23 0.379045
2090 3.28355e+23 0.378047
2089 3.42373e+23 0.37957
2088 3.49444e+23 0.37994
2087 3.0432e+23 0.377272
2086 3.81319e+23 0.378094
2085 3.05915e+23 0.378106
2084 3.03144e+23 0.379524
2083 2.93001e+23 0.379276
2082 2.59232e+23 0.376181
2081 2.7508e+23 0.379867
2080 3.40646e+23 0.380458
2079 3.09168e+23 0.380129
2078 3.71406e+23 0.379196
2077 2.90949e+23 0.379845
2076 3.69806e+23 0.381067
2075 3.5343e+23 0.38112
2074 2.6051e+23 0.380567
2073 3.31617e+23 0.379661
2072 2.85469e+23 0.379779
2071 3.63955e+23 0.381788
2070 3.7368e+23 0.380776
2069 4.33068e+23 0.381279
2068 3.39368e+23 0.381508
2067 3.53545e+23 0.384127
2066 3.38607e+23 0.381184
2065 2.54663e+23 0.383196
2064 3.40374e+23 0.381209
2063 3.97176e+23 0.382987
2062 3.14231e+23 0.383319
2061 3.4822e+23 0.383979
2060 3.89843e+23 0.382947
2059 3.42433e+23 0.386599
2058 3.40458e+23 0.382093
2057 3.56913e+23 0.382561
2056 3.01463e+23 0.381884
2055 3.32227e+23 0.384427
2054 2.72948e+23 0.3862
2053 2.90113e+23 0.387511
2052 3.6723e+23 0.38216
2051 4.16627e+23 0.384681
2050 2.80147e+23 0.385545
2049 3.1678e+23 0.384336
2048 2.85147e+23 0.38582
2047 4.14389e+23 0.383706
2046 3.68814e+23 0.384118
2045 3.07619e+23 0.382965
2044 3.57547e+23 0.385695
2043 3.12752e+23 0.385621
2042 3.12294e+23 0.387599
2041 3.17209e+23 0.384643
2040 2.66066e+23 0.385286
2039 3.66117e+23 0.386433
2038 3.96436e+23 0.387301
2037 3.05796e+23 0.389173
2036 3.20033e+23 0.387542
2035 3.50054e+23 0.386775
2034 4.70781e+23 0.387077
2033 3.21665e+23 0.390807
2032 3.33043e+23 0.388149
2031 2.87272e+23 0.388207
2030 2.92495e+23 0.387302
2029 3.65916e+23 0.386808
2028 4.45981e+23 0.388298
2027 4.6096e+23 0.392472
2026 2.99592e+23 0.389184
2025 3.64275e+23 0.388145
2024 3.36398e+23 0.388558
2023 3.23984e+23 0.390603
2022 3.32278e+23 0.390235
2021 3.27322e+23 0.389718
2020 2.99419e+23 0.390189
2019 3.25632e+23 0.391495
2018 3.13664e+23 0.39276
2017 4.19993e+23 0.392588
2016 3.52123e+23 0.391782
2015 3.67303e+23 0.39098
2014 3.65937e+23 0.393032
2013 3.47613e+23 0.391158
2012 3.75616e+23 0.393179
2011 3.68998e+23 0.391301
2010 3.70785e+23 0.392108
2009 3.67665e+23 0.392371
2008 2.8577e+23 0.395079
2007 3.52794e+23 0.392157
2006 3.72765e+23 0.393783
2005 3.60188e+23 0.393818
2004 3.96874e+23 0.39328
2003 3.11501e+23 0.394479
2002 3.96335e+23 0.395486
2001 2.85646e+23 0.392379
2000 2.75892e+23 0.395732
1999 3.08948e+23 0.395413
1998 3.03282e+23 0.394759
1997 3.81053e+23 0.393619
1996 2.96353e+23 0.394843
1995 2.70281e+23 0.395473
1994 3.37704e+23 0.396489
1993 3.40203e+23 0.397067
1992 3.27557e+23 0.39753
1991 3.72007e+23 0.394118
1990 3.42733e+23 0.397169
1989 3.50878e+23 0.399022
1988 3.21914e+23 0.397309
1987 3.44006e+23 0.3968
1986 3.89248e+23 0.399284
1985 4.02684e+23 0.399105
1984 3.34066e+23 0.398159
1983 3.23212e+23 0.397593
1982 3.22993e+23 0.398615
1981 3.30789e+23 0.398063
1980 3.28011e+23 0.398444
1979 3.56169e+23 0.398695
1978 3.1285e+23 0.398318
1977 3.46766e+23 0.398872
1976 3.77576e+23 0.39893
1975 3.39925e+23 0.400074
1974 3.53488e+23 0.401779
1973 3.97066e+23 0.398992
1972 3.31344e+23 0.400986
1971 3.04484e+23 0.400467
1970 3.34176e+23 0.400114
1969 3.88881e+23 0.403132
1968 3.82824e+23 0.400347
1967 3.90443e+23 0.402239
1966 3.40606e+23 0.400176
1965 3.27403e+23 0.404419
1964 3.98462e+23 0.399521
1963 3.08882e+23 0.401244
1962 3.7342e+23 0.402902
1961 4.30071e+23 0.404046
1960 3.09868e+23 0.405631
1959 4.04162e+23 0.402615
1958 3.2732e+23 0.40509
1957 4.51213e+23 0.402666
1956 3.36763e+23 0.403855
1955 2.94125e+23 0.401641
1954 3.78569e+23 0.405715
1953 2.82085e+23 0.405545
1952 3.00933e+23 0.406898
1951 3.5422e+23 0.406808
1950 3.5832e+23 0.406054
1949 3.60481e+23 0.40552
1948 3.77575e+23 0.405603
1947 3.29655e+23 0.405476
1946 3.45189e+23 0.40529
1945 3.4156e+23 0.407411
1944 3.28902e+23 0.405631
1943 4.27705e+23 0.406828
1942 3.33698e+23 0.407953
1941 3.49591e+23 0.409826
1940 3.53458e+23 0.409791
1939 3.10607e+23 0.407583
1938 3.88149e+23 0.408108
1937 3.68259e+23 0.409831
1936 3.95859e+23 0.406219
1935 3.33411e+23 0.408864
1934 3.49757e+23 0.406164
1933 2.83525e+23 0.408093
1932 3.09895e+23 0.408222
1931 3.40617e+23 0.409127
1930 4.02674e+23 0.409267
1929 3.76173e+23 0.408894
1928 3.3905e+23 0.4116
1927 3.93538e+23 0.410883
1926 3.17736e+23 0.410055
1925 3.57603e+23 0.408755
1924 3.33591e+23 0.411135
1923 3.46683e+23 0.409306
1922 3.85553e+23 0.410228
1921 3.82875e+23 0.409605
1920 3.36479e+23 0.409329
1919 4.54415e+23 0.411082
1918 4.10863e+23 0.410483
1917 3.89243e+23 0.410446
1916 3.53768e+23 0.413373
1915 3.10307e+23 0.413376
1914 3.16674e+23 0.414491
1913 4.07244e+23 0.413765
1912 3.17467e+23 0.413353
1911 3.80168e+23 0.41424
1910 4.03531e+23 0.41383
1909 4.00528e+23 0.413493
1908 3.39185e+23 0.41423
1907 4.36016e+23 0.414856
1906 4.25382e+23 0.415488
1905 2.61414e+23 0.415855
1904 3.35424e+23 0.415437
1903 4.31059e+23 0.41599
1902 3.69911e+23 0.416902
1901 3.51963e+23 0.417477
1900 2.99509e+23 0.416855
1899 4.53008e+23 0.414823
1898 3.96746e+23 0.419451
1897 3.49213e+23 0.41615
1896 3.47991e+23 0.41506
1895 3.61537e+23 0.418109
1894 3.59023e+23 0.418596
1893 3.67515e+23 0.4165
1892 3.14659e+23 0.417341
1891 3.30058e+23 0.418729
1890 3.42167e+23 0.416636
1889 3.20853e+23 0.420826
1888 3.21265e+23 0.417208
1887 3.31042e+23 0.418805
1886 3.79085e+23 0.420863
1885 2.60653e+23 0.42009
1884 4.36632e+23 0.420159
1883 3.56778e+23 0.417369
1882 3.46287e+23 0.419988
1881 3.60569e+23 0.417606
1880 3.13378e+23 0.419019
1879 4.06815e+23 0.419825
1878 4.02814e+23 0.420113
1877 4.06691e+23 0.419846
1876 4.07596e+23 0.423006
1875 3.71516e+23 0.422326
1874 3.86765e+23 0.422549
1873 3.15027e+23 0.423091
1872 3.15414e+23 0.422526
1871 4.34449e+23 0.422506
1870 3.72689e+23 0.423824
1869 3.53304e+23 0.423738
1868 3.39987e+23 0.421468
1867 3.33506e+23 0.426075
1866 3.23046e+23 0.422791
1865 3.87264e+23 0.422101
1864 3.18787e+23 0.424421
1863 2.92743e+23 0.425889
1862 4.52472e+23 0.42411
1861 3.76192e+23 0.425169
1860 3.6213e+23 0.427313
1859 3.78211e+23 0.425233
1858 3.48248e+23 0.424614
1857 3.71033e+23 0.425703
1856 3.81418e+23 0.425012
1855 4.62137e+23 0.425845
1854 3.9187e+23 0.425677
1853 4.19747e+23 0.426053
1852 3.42131e+23 0.427094
1851 3.42421e+23 0.42882
1850 3.74299e+23 0.42792
1849 3.10476e+23 0.426209
1848 4.18984e+23 0.427196
1847 2.90152e+23 0.42732
1846 4.59035e+23 0.427398
1845 3.25645e+23 0.42878
1844 3.83793e+23 0.427632
1843 4.02574e+23 0.428884
1842 2.83944e+23 0.429846
1841 3.728e+23 0.427429
1840 3.61623e+23 0.429324
1839 3.74554e+23 0.429757
1838 3.98993e+23 0.430788
1837 3.02256e+23 0.431015
1836 3.12734e+23 0.429712
1835 3.79001e+23 0.432013
1834 3.6192e+23 0.431464
1833 5.47717e+23 0.431554
1832 3.85556e+23 0.429142
1831 3.84644e+23 0.431167
1830 3.74016e+23 0.429423
1829 3.71108e+23 0.430396
1828 3.66828e+23 0.432795
1827 3.67107e+23 0.433634
1826 3.63832e+23 0.433611
1825 4.61739e+23 0.43174
1824 3.75809e+23 0.433011
1823 3.74396e+23 0.43329
1822 3.60293e+23 0.434185
1821 4.0813e+23 0.434269
1820 2.73562e+23 0.432246
1819 3.4683e+23 0.432848
1818 3.51232e+23 0.43212
1817 3.07143e+23 0.435656
1816 3.73369e+23 0.433286
1815 3.65344e+23 0.434622
1814 3.68382e+23 0.435856
1813 3.13344e+23 0.437661
1812 4.26814e+23 0.437783
1811 3.3568e+23 0.436433
1810 3.43829e+23 0.437134
1809 4.09772e+23 0.435589
1808 4.31062e+23 0.436668
1807 3.09492e+23 0.43794
1806 3.29494e+23 0.437761
1805 3.18894e+23 0.438582
1804 3.68237e+23 0.438267
1803 3.34888e+23 0.439916
1802 3.44534e+23 0.435188
1801 3.4376e+23 0.439838
1800 5.27881e+23 0.441156
1799 2.8995e+23 0.441332
1798 3.51797e+23 0.438798
1797 3.9229e+23 0.440457
1796 4.02353e+23 0.438586
1795 4.09207e+23 0.438778
1794 3.39918e+23 0.441544
1793 2.89221e+23 0.441096
1792 3.30598e+23 0.438399
1791 4.99082e+23 0.441147
1790 3.5156e+23 0.440678
1789 3.57419e+23 0.443193
1788 3.50012e+23 0.441641
1787 3.2827e+23 0.442478
1786 3.53723e+23 0.441979
1785 3.18219e+23 0.44216
1784 2.97164e+23 0.441565
1783 3.68678e+23 0.441679
1782 4.00961e+23 0.442403
1781 4.62107e+23 0.442778
1780 3.03636e+23 0.440567
1779 2.68841e+23 0.442477
1778 3.8878e+23 0.443862
1777 3.69261e+23 0.443571
1776 4.47174e+23 0.44205
1775 3.59559e+23 0.44117
1774 3.13531e+23 0.443062
1773 3.63272e+23 0.446131
1772 3.27461e+23 0.447316
1771 4.42286e+23 0.446352
1770 3.61455e+23 0.445859
1769 3.68504e+23 0.447046
1768 3.32575e+23 0.44703
1767 3.56747e+23 0.446867
1766 3.98945e+23 0.448224
1765 3.91644e+23 0.447168
1764 3.00776e+23 0.448257
1763 3.91322e+23 0.446143
1762 3.45051e+23 0.447123
1761 3.87387e+23 0.446441
1760 3.36462e+23 0.449001
1759 3.39142e+23 0.447198
1758 3.73062e+23 0.44766
1757 3.01334e+23 0.44928
1756 3.53631e+23 0.449034
1755 2.8554e+23 0.45147
1754 3.01822e+23 0.450405
1753 4.07076e+23 0.450921
1752 3.97326e+23 0.450814
1751 3.90673e+23 0.450838
1750 3.32583e+23 0.451068
1749 4.1866e+23 0.45386
1748 3.84204e+23 0.450541
1747 3.07093e+23 0.453718
1746 3.95652e+23 0.452127
1745 4.00679e+23 0.453579
1744 3.51116e+23 0.452966
1743 4.22113e+23 0.452718
1742 4.2328e+23 0.449985
1741 3.66372e+23 0.453939
1740 4.19355e+23 0.456985
1739 3.45169e+23 0.453645
1738 3.06707e+23 0.452612
1737 4.14072e+23 0.454931
1736 3.85203e+23 0.454378
1735 4.10448e+23 0.455462
1734 3.28896e+23 0.454619
1733 3.7245e+23 0.454779
1732 3.53118e+23 0.454085
1731 3.50301e+23 0.456086
1730 3.93984e+23 0.456261
1729 4.01381e+23 0.45854
1728 4.09896e+23 0.457839
1727 2.77562e+23 0.458894
1726 3.4667e+23 0.458059
1725 4.69041e+23 0.455822
1724 4.44061e+23 0.459333
1723 2.86728e+23 0.455351
1722 3.37707e+23 0.459551
1721 3.39607e+23 0.458905
1720 4.19914e+23 0.459896
1719 4.29764e+23 0.460431
1718 3.42033e+23 0.458676
1717 3.42297e+23 0.459547
1716 3.88386e+23 0.46045
1715 4.05185e+23 0.462631
1714 4.26871e+23 0.460118
1713 4.45321e+23 0.460492
1712 4.1872e+23 0.46115
1711 3.34739e+23 0.464125
1710 4.04066e+23 0.463577
1709 3.76554e+23 0.463214
1708 3.64234e+23 0.461606
1707 3.64113e+23 0.460937
1706 4.24584e+23 0.462572
1705 4.11481e+23 0.462904
1704 3.61916e+23 0.462496
1703 4.59605e+23 0.462537
1702 3.50789e+23 0.464017
1701 3.8498e+23 0.46349
1700 3.85471e+23 0.465256
1699 4.12199e+23 0.46207
1698 4.53467e+23 0.464961
1697 3.35021e+23 0.46451
1696 4.53651e+23 0.465368
1695 3.86185e+23 0.466499
1694 3.56414e+23 0.467197
1693 3.66243e+23 0.465178
1692 3.88092e+23 0.466492
1691 3.26111e+23 0.466238
1690 3.54007e+23 0.468492
1689 3.42234e+23 0.466818
1688 3.79713e+23 0.467441
1687 3.5326e+23 0.467468
1686 3.71098e+23 0.467455
1685 2.84725e+23 0.467918
1684 3.65326e+23 0.467347
1683 4.07607e+23 0.46656
1682 4.13378e+23 0.468736
1681 3.62053e+23 0.469159
1680 3.77446e+23 0.468868
1679 4.21712e+23 0.46789
1678 3.56733e+23 0.469989
1677 2.71979e+23 0.469858
1676 3.9792e+23 0.471941
1675 4.47079e+23 0.471303
1674 3.77095e+23 0.469525
1673 4.16933e+23 0.471191
1672 3.78064e+23 0.470746
1671 3.97964e+23 0.470398
1670 3.67204e+23 0.471432
1669 3.49525e+23 0.472402
1668 5.28062e+23 0.471222
1667 3.35087e+23 0.471622
1666 3.34534e+23 0.475246
1665 3.26486e+23 0.473787
1664 3.93001e+23 0.475772
1663 2.94592e+23 0.47429
1662 2.86224e+23 0.473591
1661 4.13016e+23 0.474428
1660 3.55499e+23 0.4745
1659 3.6707e+23 0.47543
1658 3.72783e+23 0.473969
1657 4.25901e+23 0.477418
1656 3.85341e+23 0.476522
1655 3.92612e+23 0.477253
1654 4.20464e+23 0.477843
1653 3.96088e+23 0.47694
1652 3.87067e+23 0.478221
1651 2.69504e+23 0.478883
1650 3.84259e+23 0.475463
1649 3.6047e+23 0.47445
1648 3.49412e+23 0.479833
1647 3.44269e+23 0.478065
1646 3.62785e+23 0.478371
1645 2.78208e+23 0.481821
1644 4.58914e+23 0.480687
1643 3.76899e+23 0.481039
1642 4.49578e+23 0.479208
1641 4.5116e+23 0.479799
1640 3.66446e+23 0.48126
1639 2.77087e+23 0.481977
1638 3.28438e+23 0.482131
1637 4.5472e+23 0.481367
1636 3.39226e+23 0.480582
1635 3.68597e+23 0.481504
1634 4.00658e+23 0.483419
1633 3.81222e+23 0.482307
1632 3.29144e+23 0.481244
1631 4.64327e+23 0.483632
1630 4.03922e+23 0.482195
1629 4.37875e+23 0.482645
1628 3.83817e+23 0.487551
1627 4.13004e+23 0.48141
1626 3.58475e+23 0.484261
1625 3.76035e+23 0.484564
1624 4.53008e+23 0.485213
1623 4.35002e+23 0.485562
1622 3.36034e+23 0.487293
1621 4.0466e+23 0.486165
1620 3.91645e+23 0.487808
1619 3.5604e+23 0.487727
1618 3.14568e+23 0.48702
1617 3.69169e+23 0.485375
1616 3.78157e+23 0.486258
1615 3.30021e+23 0.487985
1614 4.26252e+23 0.487859
1613 2.90188e+23 0.487786
1612 3.86659e+23 0.488703
1611 2.96654e+23 0.489017
1610 3.82552e+23 0.489555
1609 4.45752e+23 0.491097
1608 3.25735e+23 0.488141
1607 3.7174e+23 0.489375
1606 3.69497e+23 0.490771
1605 3.72575e+23 0.491608
1604 4.00956e+23 0.490795
1603 3.89028e+23 0.489337
1602 3.93717e+23 0.488742
1601 3.19365e+23 0.491848
1600 3.34153e+23 0.491817
1599 4.09823e+23 0.492958
1598 2.99504e+23 0.492353
1597 3.25688e+23 0.492655
1596 5.02417e+23 0.492637
1595 4.31139e+23 0.494041
1594 4.30958e+23 0.495706
1593 3.87539e+23 0.494627
1592 3.63885e+23 0.492021
1591 4.2638e+23 0.495325
1590 3.91283e+23 0.495335
1589 3.61504e+23 0.495746
1588 3.12811e+23 0.49482
1587 3.33132e+23 0.495139
1586 3.74515e+23 0.497362
1585 4.30193e+23 0.495946
1584 2.8265e+23 0.497137
1583 3.25741e+23 0.497198
1582 4.56503e+23 0.496745
1581 3.61289e+23 0.498127
1580 3.53417e+23 0.496121
1579 4.13711e+23 0.498249
1578 3.59324e+23 0.498309
1577 4.4605e+23 0.49804
1576 4.40921e+23 0.500065
1575 4.59102e+23 0.499629
1574 3.6579e+23 0.500544
1573 3.49539e+23 0.502929
1572 3.61123e+23 0.499189
1571 3.67514e+23 0.499888
1570 3.23298e+23 0.498785
1569 4.89683e+23 0.502598
1568 3.71275e+23 0.500921
1567 4.05998e+23 0.501214
1566 4.18896e+23 0.502273
1565 3.957e+23 0.503609
1564 3.45612e+23 0.503909
1563 4.3026e+23 0.505849
1562 3.14894e+23 0.503432
1561 4.46832e+23 0.503211
1560 5.02364e+23 0.503012
1559 3.61375e+23 0.503305
1558 3.14877e+23 0.505794
1557 4.27901e+23 0.506087
1556 3.73686e+23 0.504765
1555 3.97292e+23 0.505891
1554 3.6447e+23 0.506239
1553 4.14879e+23 0.504899
1552 5.23839e+23 0.507783
1551 4.15241e+23 0.506841
1550 3.8975e+23 0.507493
1549 3.92493e+23 0.505946
1548 3.98348e+23 0.508218
1547 4.1032e+23 0.508031
1546 3.47823e+23 0.508593
1545 4.7727e+23 0.508207
1544 2.93554e+23 0.506682
1543 4.51319e+23 0.509711
1542 3.77044e+23 0.510116
1541 3.97135e+23 0.510592
1540 3.85682e+23 0.507561
1539 4.4888e+23 0.509408
1538 3.20161e+23 0.511185
1537 4.06861e+23 0.512042
1536 5.09211e+23 0.510126
1535 3.62153e+23 0.510906
1534 3.77667e+23 0.510867
1533 3.4594e+23 0.511058
1532 3.71345e+23 0.515657
1531 3.21941e+23 0.513521
1530 4.1018e+23 0.515047
1529 3.79416e+23 0.514072
1528 3.41995e+23 0.514035
1527 3.51844e+23 0.514866
1526 4.73523e+23 0.515526
1525 4.37195e+23 0.514253
1524 3.72064e+23 0.513413
1523 5.22182e+23 0.515841
1522 4.52815e+23 0.512894
1521 3.9013e+23 0.515469
1520 3.52288e+23 0.516079
1519 3.82196e+23 0.51636
1518 3.94859e+23 0.516756
1517 3.39015e+23 0.517636
1516 3.95545e+23 0.516526
1515 4.59969e+23 0.516915
1514 5.2086e+23 0.519397
1513 3.69396e+23 0.519114
1512 3.23502e+23 0.51923
1511 3.3829e+23 0.519272
1510 3.17078e+23 0.519734
1509 3.78626e+23 0.518338
1508 3.49023e+23 0.521215
1507 4.58718e+23 0.520963
1506 4.48312e+23 0.520009
1505 4.17212e+23 0.520721
1504 4.08946e+23 0.521911
1503 4.25671e+23 0.521045
1502 3.87888e+23 0.521716
1501 4.13057e+23 0.521586
1500 3.17284e+23 0.525627
1499 4.53139e+23 0.522408
1498 4.82495e+23 0.523601
1497 4.10692e+23 0.524275
1496 3.36245e+23 0.524282
1495 4.8284e+23 0.522926
1494 3.79508e+23 0.527059
1493 4.0237e+23 0.525333
1492 4.44338e+23 0.523709
1491 4.16442e+23 0.526211
1490 3.71627e+23 0.526974
1489 3.87365e+23 0.527472
1488 3.56698e+23 0.524996
1487 4.41109e+23 0.529145
1486 4.64311e+23 0.527587
1485 4.92115e+23 0.527972
1484 4.74079e+23 0.526613
1483 4.81227e+23 0.529786
1482 3.9756e+23 0.529151
1481 4.09783e+23 0.528545
1480 4.56156e+23 0.529868
1479 3.77492e+23 0.532043
1478 4.56952e+23 0.527925
1477 4.33109e+23 0.531226
1476 3.93751e+23 0.530577
1475 4.26163e+23 0.532168
1474 3.87782e+23 0.53184
1473 3.9674e+23 0.531266
1472 2.77749e+23 0.530793
1471 4.83545e+23 0.532777
1470 3.62611e+23 0.535008
1469 5.34614e+23 0.534621
1468 3.32359e+23 0.534792
1467 4.82916e+23 0.534054
1466 3.65933e+23 0.534869
1465 3.56907e+23 0.532703
1464 3.19685e+23 0.534211
1463 3.59259e+23 0.535788
1462 4.09902e+23 0.535147
1461 3.78794e+23 0.536109
1460 4.05474e+23 0.535001
1459 5.56218e+23 0.538415
1458 3.80114e+23 0.538079
1457 5.37668e+23 0.538179
1456 4.70149e+23 0.537912
1455 3.75506e+23 0.539343
1454 4.82399e+23 0.539618
1453 3.60105e+23 0.539281
1452 4.17344e+23 0.538663
1451 3.87757e+23 0.538572
1450 3.22492e+23 0.539597
1449 4.71783e+23 0.540132
1448 3.40677e+23 0.539431
1447 4.01877e+23 0.53919
1446 3.71783e+23 0.541924
1445 4.0891e+23 0.541316
1444 3.73199e+23 0.542029
1443 4.4705e+23 0.54112
1442 4.98058e+23 0.54222
1441 3.8539e+23 0.542154
1440 3.24155e+23 0.543715
1439 4.3499e+23 0.543167
1438 3.25998e+23 0.54363
1437 4.00559e+23 0.543672
1436 5.22945e+23 0.545348
1435 3.43517e+23 0.547186
1434 5.03147e+23 0.546735
1433 3.89278e+23 0.541614
1432 3.40947e+23 0.545802
1431 4.1075e+23 0.546381
1430 4.17026e+23 0.547186
1429 4.19788e+23 0.546485
1428 4.81342e+23 0.546892
1427 3.94547e+23 0.54594
1426 4.14604e+23 0.549087
1425 4.30315e+23 0.54719
1424 3.68992e+23 0.546369
1423 4.63015e+23 0.547624
1422 4.20607e+23 0.55017
1421 3.99918e+23 0.548803
1420 3.97406e+23 0.550509
1419 4.34596e+23 0.549303
1418 4.24066e+23 0.551764
1417 3.39199e+23 0.550236
1416 4.28011e+23 0.551942
1415 4.24445e+23 0.550085
1414 3.74163e+23 0.553392
1413 4.07642e+23 0.552785
1412 3.48043e+23 0.551536
1411 4.67761e+23 0.552923
1410 4.18603e+23 0.553814
1409 3.50947e+23 0.554824
1408 3.70853e+23 0.555992
1407 3.84023e+23 0.555425
1406 4.52804e+23 0.55448
1405 3.9272e+23 0.555442
1404 3.5989e+23 0.555552
1403 3.6129e+23 0.555779
1402 5.33167e+23 0.555872
1401 3.80378e+23 0.556835
1400 5.12999e+23 0.557079
1399 4.15332e+23 0.556967
1398 3.6102e+23 0.559113
1397 3.25824e+23 0.558441
1396 4.57275e+23 0.5565
1395 4.02688e+23 0.560916
1394 3.91074e+23 0.560329
1393 4.53597e+23 0.559485
1392 3.50942e+23 0.560663
1391 4.24343e+23 0.562205
1390 3.9729e+23 0.560711
1389 4.05437e+23 0.561438
1388 4.05219e+23 0.562914
1387 3.39394e+23 0.559848
1386 4.68334e+23 0.562555
1385 3.82575e+23 0.562858
1384 4.36974e+23 0.56149
1383 3.37728e+23 0.561797
1382 4.19943e+23 0.563145
1381 3.94111e+23 0.564925
1380 2.94457e+23 0.5668
1379 3.5648e+23 0.565072
1378 4.43943e+23 0.564536
1377 4.93187e+23 0.566506
1376 3.59629e+23 0.566614
1375 3.75226e+23 0.566974
1374 3.55949e+23 0.566724
1373 3.96167e+23 0.567246
1372 3.24179e+23 0.566957
1371 4.01921e+23 0.566693
1370 4.34061e+23 0.569116
1369 4.5533e+23 0.568081
1368 4.75872e+23 0.568993
1367 3.77168e+23 0.568607
1366 3.73964e+23 0.568426
1365 4.59997e+23 0.570163
1364 4.83065e+23 0.56935
1363 4.29807e+23 0.573693
1362 4.65377e+23 0.570964
1361 4.37994e+23 0.57021
1360 4.33455e+23 0.570609
1359 3.61636e+23 0.573715
1358 3.99008e+23 0.571726
1357 3.8309e+23 0.575823
1356 4.35554e+23 0.574858
1355 3.31594e+23 0.572313
1354 4.88993e+23 0.571823
1353 4.3694e+23 0.574971
1352 3.79112e+23 0.57264
1351 4.36444e+23 0.574143
1350 5.28524e+23 0.574799
1349 3.79205e+23 0.573575
1348 3.64599e+23 0.577158
1347 3.18727e+23 0.57526
1346 5.91609e+23 0.577264
1345 3.603e+23 0.578108
1344 4.31456e+23 0.576294
1343 3.64605e+23 0.577949
1342 4.63645e+23 0.579154
1341 4.12308e+23 0.577642
1340 4.26972e+23 0.578669
1339 3.68671e+23 0.58048
1338 4.41363e+23 0.5792
1337 2.94627e+23 0.579723
1336 3.22577e+23 0.583948
1335 3.82707e+23 0.581263
1334 4.22361e+23 0.579214
1333 4.60456e+23 0.58231
1332 3.9318e+23 0.580629
1331 3.5541e+23 0.583518
1330 3.87747e+23 0.582849
1329 2.90192e+23 0.582684
1328 3.55302e+23 0.58326
1327 3.49887e+23 0.583383
1326 3.74707e+23 0.585502
1325 4.4803e+23 0.584257
1324 3.14915e+23 0.585159
1323 3.65544e+23 0.586141
1322 4.84206e+23 0.586294
1321 4.20737e+23 0.585668
1320 3.44376e+23 0.58835
1319 3.16295e+23 0.59036
1318 4.84596e+23 0.587683
1317 3.63654e+23 0.58584
1316 4.10648e+23 0.590661
1315 3.88122e+23 0.589131
1314 3.94966e+23 0.591514
1313 4.38928e+23 0.589257
1312 4.88254e+23 0.591374
1311 3.75431e+23 0.591302
1310 3.94496e+23 0.591522
1309 3.61381e+23 0.592262
1308 4.33077e+23 0.590673
1307 4.85073e+23 0.591582
1306 3.85605e+23 0.591802
1305 3.7804e+23 0.592112
1304 4.25224e+23 0.592636
1303 3.9756e+23 0.593512
1302 3.69709e+23 0.592784
1301 3.86731e+23 0.592942
1300 3.48487e+23 0.595263
1299 3.9081e+23 0.593274
1298 4.58281e+23 0.595635
1297 4.22573e+23 0.598155
1296 5.0591e+23 0.595589
1295 3.77274e+23 0.595651
1294 3.67066e+23 0.598121
1293 3.93654e+23 0.596237
1292 3.70238e+23 0.598214
1291 4.04384e+23 0.597707
1290 4.33641e+23 0.598737
1289 4.14224e+23 0.59952
1288 3.42528e+23 0.599012
1287 4.18178e+23 0.602518
1286 4.2587e+23 0.599658
1285 4.84874e+23 0.600054
1284 4.12989e+23 0.601518
1283 4.65809e+23 0.601456
1282 3.63889e+23 0.599474
1281 4.32974e+23 0.602998
1280 3.94992e+23 0.604549
1279 3.3644e+23 0.602052
1278 4.63265e+23 0.605332
1277 4.51958e+23 0.602866
1276 4.63126e+23 0.605434
1275 2.84898e+23 0.605639
1274 5.09856e+23 0.604729
1273 3.00937e+23 0.605372
1272 3.55051e+23 0.608535
1271 3.93532e+23 0.606834
1270 4.63806e+23 0.605573
1269 4.59412e+23 0.607777
1268 4.3205e+23 0.606687
1267 3.13829e+23 0.607301
1266 3.45322e+23 0.609259
1265 3.47167e+23 0.60701
1264 4.19527e+23 0.608277
1263 3.21214e+23 0.608864
1262 4.20523e+23 0.609818
1261 3.06994e+23 0.609886
1260 4.15992e+23 0.61135
1259 3.95492e+23 0.611638
1258 5.05334e+23 0.610848
1257 3.09804e+23 0.613611
1256 5.03511e+23 0.615801
1255 4.13285e+23 0.612499
1254 5.18651e+23 0.614091
1253 3.61861e+23 0.614744
1252 5.04664e+23 0.613089
1251 4.13147e+23 0.616853
1250 4.29643e+23 0.615128
1249 3.79846e+23 0.614727
1248 3.47387e+23 0.616058
1247 4.40883e+23 0.616089
1246 5.23919e+23 0.615017
1245 4.45262e+23 0.616428
1244 3.8921e+23 0.617796
1243 4.14508e+23 0.619821
1242 4.64199e+23 0.616829
1241 4.15681e+23 0.62009
1240 5.15997e+23 0.618725
1239 4.198e+23 0.619816
1238 5.71924e+23 0.619056
1237 4.35537e+23 0.621506
1236 4.75023e+23 0.621268
1235 4.15465e+23 0.621241
1234 3.89366e+23 0.621938
1233 3.15581e+23 0.622288
1232 3.54118e+23 0.623116
1231 3.83072e+23 0.622387
1230 4.70632e+23 0.624104
1229 4.48875e+23 0.622673
1228 5.26486e+23 0.62326
1227 4.28588e+23 0.625113
1226 3.45186e+23 0.625748
1225 4.43477e+23 0.626045
1224 3.04416e+23 0.625898
1223 4.11253e+23 0.625124
1222 3.10047e+23 0.625784
1221 3.60529e+23 0.627552
1220 4.30624e+23 0.627151
1219 4.11413e+23 0.629193
1218 3.72752e+23 0.628393
1217 3.56609e+23 0.629339
1216 5.25076e+23 0.630702
1215 4.41704e+23 0.629025
1214 6.7136e+23 0.628737
1213 4.56356e+23 0.630151
1212 3.83769e+23 0.631336
1211 4.55046e+23 0.630397
1210 4.28604e+23 0.630619
1209 3.78912e+23 0.632648
1208 4.38427e+23 0.633253
1207 4.60035e+23 0.632631
1206 3.38348e+23 0.634172
1205 3.8858e+23 0.630066
1204 4.19953e+23 0.634653
1203 3.86769e+23 0.633842
1202 4.87593e+23 0.634788
1201 4.53714e+23 0.636169
1200 4.69368e+23 0.635927
1199 4.79386e+23 0.637761
1198 4.22188e+23 0.637999
1197 2.95248e+23 0.638681
1196 3.61635e+23 0.639612
1195 3.77521e+23 0.638779
1194 4.1361e+23 0.639378
1193 4.24773e+23 0.639918
1192 4.38041e+23 0.637421
1191 4.41865e+23 0.639859
1190 4.5342e+23 0.640622
1189 3.76393e+23 0.641768
1188 3.03282e+23 0.641125
1187 4.33121e+23 0.643652
1186 3.49279e+23 0.641153
1185 4.02179e+23 0.643029
1184 4.70439e+23 0.642073
1183 3.90822e+23 0.643447
1182 3.93719e+23 0.644631
1181 3.92769e+23 0.644218
1180 4.11469e+23 0.645622
1179 4.05667e+23 0.644523
1178 4.18124e+23 0.643816
1177 4.85383e+23 0.644359
1176 3.83131e+23 0.645965
1175 4.36215e+23 0.647054
1174 4.449e+23 0.6466
1173 4.37709e+23 0.648621
1172 3.99302e+23 0.647597
1171 4.43088e+23 0.649537
1170 3.06219e+23 0.648066
1169 3.42205e+23 0.652608
1168 3.74873e+23 0.649443
1167 3.88458e+23 0.651971
1166 3.50297e+23 0.652443
1165 4.52489e+23 0.65202
1164 4.56944e+23 0.652125
1163 4.6698e+23 0.652235
1162 4.33885e+23 0.652126
1161 3.17954e+23 0.652364
1160 3.95736e+23 0.652914
1159 4.45556e+23 0.652216
1158 4.45937e+23 0.653648
1157 4.28728e+23 0.654949
1156 4.23273e+23 0.653321
1155 4.00917e+23 0.654858
1154 3.95539e+23 0.655616
1153 3.65919e+23 0.654788
1152 3.90807e+23 0.657738
1151 3.8297e+23 0.656204
1150 3.76645e+23 0.657834
1149 4.10914e+23 0.657433
1148 3.47362e+23 0.6614
1147 4.33619e+23 0.658749
1146 3.80267e+23 0.660086
1145 4.90239e+23 0.660604
1144 3.45017e+23 0.660875
1143 3.99187e+23 0.661065
1142 6.40013e+23 0.662729
1141 4.29001e+23 0.661772
1140 4.06008e+23 0.662496
1139 4.12841e+23 0.663501
1138 3.45441e+23 0.664197
1137 3.77527e+23 0.663889
1136 4.96106e+23 0.664758
1135 3.56832e+23 0.663581
1134 4.23406e+23 0.666202
1133 3.81814e+23 0.665481
1132 3.98788e+23 0.665734
1131 3.54493e+23 0.666425
1130 3.51713e+23 0.668946
1129 3.77857e+23 0.668138
1128 4.66361e+23 0.668775
1127 3.33146e+23 0.666727
1126 3.77814e+23 0.667393
1125 5.17472e+23 0.668997
1124 4.00524e+23 0.672077
1123 4.3964e+23 0.669512
1122 3.51769e+23 0.670325
1121 4.46216e+23 0.672723
1120 4.12564e+23 0.669832
1119 4.37218e+23 0.673707
1118 3.85339e+23 0.673474
1117 3.83747e+23 0.673891
1116 5.17777e+23 0.672486
1115 4.27985e+23 0.673695
1114 3.5257e+23 0.674814
1113 3.39266e+23 0.675121
1112 4.71488e+23 0.676
1111 3.31841e+23 0.675824
1110 3.61781e+23 0.677855
1109 4.1544e+23 0.676072
1108 5.19119e+23 0.67736
1107 3.09815e+23 0.676662
1106 3.82679e+23 0.677825
1105 4.64905e+23 0.679002
1104 3.9701e+23 0.680128
1103 3.80999e+23 0.678557
1102 4.1088e+23 0.681083
1101 3.21962e+23 0.680727
1100 4.1271e+23 0.682891
1099 3.64146e+23 0.681769
1098 3.88884e+23 0.681511
1097 2.73343e+23 0.68164
1096 3.39348e+23 0.68196
1095 4.8078e+23 0.683759
1094 4.47002e+23 0.683401
1093 3.45944e+23 0.683875
1092 4.05121e+23 0.685927
1091 4.96091e+23 0.684459
1090 3.65345e+23 0.686508
1089 4.26254e+23 0.686838
1088 4.12345e+23 0.686705
1087 3.03299e+23 0.686588
1086 4.70417e+23 0.688637
1085 4.03747e+23 0.689062
1084 3.97495e+23 0.688007
1083 3.47072e+23 0.689996
1082 3.8695e+23 0.688604
1081 3.79699e+23 0.691328
1080 3.33288e+23 0.690797
1079 4.89028e+23 0.692294
1078 4.76607e+23 0.6918
1077 4.72889e+23 0.690658
1076 3.4815e+23 0.690707
1075 5.5698e+23 0.692272
1074 4.96896e+23 0.694237
1073 3.87399e+23 0.69485
1072 2.90346e+23 0.69419
1071 3.40148e+23 0.696294
1070 4.58954e+23 0.695462
1069 3.2983e+23 0.696718
1068 3.27633e+23 0.698537
1067 3.8011e+23 0.69861
1066 2.54216e+23 0.698675
1065 4.06557e+23 0.697913
1064 3.60422e+23 0.698102
1063 3.90958e+23 0.699756
1062 3.57015e+23 0.699524
1061 3.84466e+23 0.700632
1060 3.19089e+23 0.699353
1059 3.25738e+23 0.70114
1058 5.92711e+23 0.699573
1057 4.00521e+23 0.703167
1056 3.60775e+23 0.700829
1055 4.77611e+23 0.701603
1054 3.6793e+23 0.703588
1053 5.00872e+23 0.703631
1052 5.61673e+23 0.702751
1051 4.63213e+23 0.704588
1050 3.39969e+23 0.706344
1049 3.95726e+23 0.705357
1048 4.10545e+23 0.706214
1047 4.25855e+23 0.707436
1046 2.93894e+23 0.706202
1045 3.6331e+23 0.707558
1044 3.703e+23 0.710506
1043 3.7798e+23 0.708794
1042 3.10087e+23 0.709092
1041 3.78644e+23 0.709456
1040 4.11465e+23 0.708641
1039 4.05908e+23 0.711119
1038 4.65606e+23 0.710831
1037 3.43343e+23 0.709675
1036 4.21743e+23 0.710843
1035 4.18014e+23 0.711632
1034 3.12503e+23 0.713334
1033 4.0248e+23 0.71301
1032 3.49785e+23 0.712356
1031 3.61012e+23 0.714988
1030 4.44405e+23 0.713875
1029 4.05041e+23 0.715138
1028 4.70998e+23 0.715367
1027 3.65211e+23 0.717191
1026 4.72469e+23 0.71661
1025 4.21259e+23 0.716472
1024 4.16104e+23 0.717842
1023 3.42589e+23 0.715983
1022 4.25382e+23 0.718491
1021 4.64406e+23 0.71969
1020 4.30277e+23 0.72011
1019 3.86223e+23 0.719714
1018 4.89162e+23 0.721588
1017 4.96945e+23 0.723002
1016 2.97739e+23 0.722404
1015 5.08641e+23 0.722169
1014 4.22543e+23 0.723365
1013 3.57253e+23 0.721997
1012 3.74363e+23 0.724534
1011 4.10165e+23 0.726447
1010 3.58976e+23 0.723974
1009 2.99184e+23 0.724471
1008 3.96055e+23 0.72511
1007 3.4363e+23 0.725702
1006 3.01833e+23 0.727386
1005 3.03474e+23 0.728184
1004 3.39347e+23 0.727383
1003 3.64759e+23 0.728985
1002 3.45346e+23 0.727929
1001 2.94769e+23 0.730224
1000 3.75761e+23 0.73087
999 5.08169e+23 0.732168
998 3.10641e+23 0.732435
997 3.80926e+23 0.73125
996 2.93695e+23 0.73187
995 4.32937e+23 0.732079
994 3.20901e+23 0.7346
993 4.56872e+23 0.733204
992 3.69584e+23 0.732973
991 4.97941e+23 0.734062
990 3.97988e+23 0.734904
989 4.5671e+23 0.735078
988 4.02107e+23 0.734654
987 3.65474e+23 0.733834
986 3.63855e+23 0.735339
985 5.25637e+23 0.737778
984 4.06379e+23 0.737418
983 2.94164e+23 0.740366
982 4.39261e+23 0.738873
981 3.40925e+23 0.740261
980 5.53279e+23 0.739789
979 2.91528e+23 0.739147
978 3.35951e+23 0.742108
977 4.15484e+23 0.741688
976 2.95851e+23 0.742198
975 3.83795e+23 0.742088
974 3.46318e+23 0.742994
973 3.54016e+23 0.743185
972 4.3034e+23 0.743906
971 4.07137e+23 0.744771
970 3.70752e+23 0.744648
969 2.72867e+23 0.746985
968 3.85889e+23 0.745912
967 3.70482e+23 0.745027
966 3.79731e+23 0.747036
965 4.75045e+23 0.746362
964 4.88937e+23 0.747249
963 3.67411e+23 0.747402
962 4.29292e+23 0.749586
961 3.63938e+23 0.749861
960 3.10516e+23 0.751672
959 5.29516e+23 0.75024
958 3.94187e+23 0.752695
957 3.31549e+23 0.752579
956 2.9815e+23 0.752653
955 3.91596e+23 0.754314
954 3.58957e+23 0.753867
953 4.12017e+23 0.756614
952 2.90641e+23 0.753662
951 4.33971e+23 0.755508
950 2.67067e+23 0.756045
949 3.8912e+23 0.755781
948 3.47587e+23 0.757776
947 4.78085e+23 0.757328
946 3.60432e+23 0.758649
945 4.66114e+23 0.75715
944 4.15791e+23 0.759379
943 3.85905e+23 0.758733
942 3.64833e+23 0.758366
941 2.90808e+23 0.759732
940 3.63289e+23 0.76026
939 3.86655e+23 0.761816
938 3.72327e+23 0.760417
937 2.88086e+23 0.761478
936 4.50414e+23 0.763033
935 4.63619e+23 0.762714
934 3.11968e+23 0.763183
933 3.623e+23 0.76468
932 3.84772e+23 0.764435
931 3.97648e+23 0.763438
930 4.04381e+23 0.764976
929 3.90931e+23 0.765721
928 2.85342e+23 0.7668
927 3.52224e+23 0.766803
926 3.05929e+23 0.767438
925 3.7364e+23 0.767988
924 3.234e+23 0.768699
923 3.39686e+23 0.769899
922 4.09453e+23 0.768176
921 3.11898e+23 0.768061
920 3.24498e+23 0.770616
919 4.02814e+23 0.771527
918 3.90747e+23 0.772764
917 4.08112e+23 0.773696
916 4.66187e+23 0.771775
915 3.66227e+23 0.772804
914 3.1924e+23 0.773823
913 3.57274e+23 0.773474
912 3.6185e+23 0.774706
911 3.18735e+23 0.775067
910 3.40942e+23 0.777134
909 2.88567e+23 0.775579
908 2.89201e+23 0.776111
907 3.22443e+23 0.776784
906 3.05507e+23 0.779569
905 2.77899e+23 0.778972
904 2.931e+23 0.779909
903 3.48278e+23 0.779993
902 3.84969e+23 0.778782
901 3.75366e+23 0.78048
900 3.21738e+23 0.780015
899 3.63609e+23 0.781782
898 3.33808e+23 0.782078
897 3.62885e+23 0.783592
896 3.62401e+23 0.782132
895 3.35134e+23 0.782165
894 3.60178e+23 0.785229
893 3.63448e+23 0.783483
892 2.48668e+23 0.784079
891 2.90023e+23 0.785425
890 2.84066e+23 0.783768
889 3.06371e+23 0.786828
888 3.29696e+23 0.786464
887 3.32549e+23 0.789227
886 3.51498e+23 0.790212
885 3.5624e+23 0.789407
884 4.0992e+23 0.789498
883 2.86687e+23 0.788287
882 3.36639e+23 0.79268
881 2.82501e+23 0.792521
880 2.5052e+23 0.789608
879 3.36895e+23 0.791827
878 3.49254e+23 0.791916
877 2.54484e+23 0.79235
876 4.00287e+23 0.792969
875 3.14639e+23 0.79468
874 2.97066e+23 0.795105
873 3.81146e+23 0.795032
872 3.31124e+23 0.795005
871 2.74677e+23 0.796357
870 3.11735e+23 0.796533
869 3.03966e+23 0.796363
868 3.37364e+23 0.798051
867 2.35335e+23 0.798855
866 2.84002e+23 0.796278
865 3.19665e+23 0.800229
864 3.54729e+23 0.799129
863 4.16351e+23 0.801071
862 4.07136e+23 0.801075
861 2.93685e+23 0.800776
860 2.88215e+23 0.802357
859 2.80364e+23 0.803003
858 3.08027e+23 0.803392
857 3.06522e+23 0.803628
856 4.74965e+23 0.804457
855 3.36105e+23 0.803658
854 2.65519e+23 0.805351
853 4.64228e+23 0.805005
852 3.52204e+23 0.806912
851 3.70849e+23 0.806899
850 2.92767e+23 0.807324
849 3.39115e+23 0.806874
848 3.89114e+23 0.809134
847 3.78294e+23 0.808715
846 3.05685e+23 0.810906
845 3.58278e+23 0.809794
844 3.30769e+23 0.810149
843 3.12306e+23 0.809318
842 2.64174e+23 0.812011
841 2.7239e+23 0.812232
840 3.3123e+23 0.811957
839 3.88116e+23 0.812128
838 2.69511e+23 0.814011
837 3.11421e+23 0.813489
836 2.71768e+23 0.813804
835 2.57964e+23 0.814799
834 2.75826e+23 0.816172
833 3.34616e+23 0.815503
832 2.53686e+23 0.817037
831 2.86972e+23 0.816045
830 2.56367e+23 0.818151
829 3.43588e+23 0.817293
828 2.682e+23 0.817568
827 3.02764e+23 0.819105
826 2.51155e+23 0.818794
825 3.54727e+23 0.820885
824 3.13055e+23 0.819476
823 2.86137e+23 0.820209
822 2.92095e+23 0.820355
821 3.05547e+23 0.820365
820 2.54041e+23 0.822664
819 3.42111e+23 0.823314
818 3.71987e+23 0.824465
817 2.53972e+23 0.824786
816 3.99202e+23 0.823828
815 2.99168e+23 0.824894
814 3.18871e+23 0.826404
813 2.28094e+23 0.824834
812 2.38506e+23 0.827048
811 3.19029e+23 0.824803
810 2.86467e+23 0.827112
809 2.61192e+23 0.830075
808 3.30813e+23 0.82799
807 2.81169e+23 0.830382
806 3.37611e+23 0.82953
805 3.26903e+23 0.830854
804 2.91561e+23 0.832044
803 2.60936e+23 0.830962
802 3.1544e+23 0.832547
801 2.58105e+23 0.833373
800 3.30783e+23 0.832811
799 3.08154e+23 0.832684
798 2.05385e+23 0.833463
797 2.67894e+23 0.834737
796 3.06071e+23 0.835265
795 3.58576e+23 0.836275
794 3.26685e+23 0.836486
793 2.67327e+23 0.836868
792 2.8715e+23 0.836492
791 3.14819e+23 0.837925
790 2.67536e+23 0.838599
789 2.98784e+23 0.838914
788 3.1181e+23 0.838342
787 2.98458e+23 0.840445
786 2.51785e+23 0.841306
785 3.00252e+23 0.839796
784 3.34686e+23 0.84046
783 3.15045e+23 0.842315
782 2.33606e+23 0.843274
781 2.34502e+23 0.843159
780 3.16107e+23 0.843208
779 2.44402e+23 0.843718
778 3.07446e+23 0.843915
777 3.31763e+23 0.844762
776 3.0295e+23 0.845658
775 2.51373e+23 0.845494
774 2.51998e+23 0.846735
773 2.43077e+23 0.847785
772 2.57843e+23 0.848287
771 2.33023e+23 0.848646
770 2.21523e+23 0.848658
769 2.62603e+23 0.849715
768 2.63651e+23 0.84912
767 2.73894e+23 0.85012
766 2.97339e+23 0.850169
765 2.8673e+23 0.852098
764 2.52174e+23 0.850257
763 2.40989e+23 0.8519
762 2.53698e+23 0.852536
761 3.55189e+23 0.853396
760 2.93314e+23 0.853722
759 2.80678e+23 0.855019
758 2.94049e+23 0.855946
757 1.91755e+23 0.855513
756 2.50461e+23 0.855804
755 3.48796e+23 0.856333
754 2.69507e+23 0.857415
753 2.584e+23 0.856012
752 2.87498e+23 0.856874
751 2.41578e+23 0.858555
750 2.2902e+23 0.857777
749 2.45195e+23 0.857468
748 2.55493e+23 0.859888
747 2.36887e+23 0.860165
746 2.71715e+23 0.860723
745 2.30675e+23 0.86194
744 3.06576e+23 0.860889
743 3.03808e+23 0.864154
742 3.01942e+23 0.862499
741 3.3046e+23 0.862689
740 2.99082e+23 0.862745
739 2.40907e+23 0.863733
738 2.03581e+23 0.864825
737 4.04063e+23 0.864267
736 2.69874e+23 0.863985
735 2.95497e+23 0.865738
734 1.93474e+23 0.867538
733 2.68437e+23 0.866519
732 2.55252e+23 0.867907
731 2.94465e+23 0.866249
730 2.81652e+23 0.870363
729 2.53615e+23 0.867597
728 2.38438e+23 0.870086
727 2.64214e+23 0.869153
726 2.28754e+23 0.870314
725 2.18675e+23 0.870537
724 2.76833e+23 0.871075
723 2.89428e+23 0.872672
722 2.76505e+23 0.873335
721 2.11798e+23 0.873768
720 2.40146e+23 0.871976
719 2.51564e+23 0.873293
718 2.24171e+23 0.875
717 2.40592e+23 0.8754
716 1.97903e+23 0.876268
715 2.46087e+23 0.87518
714 2.65503e+23 0.87693
713 2.30388e+23 0.877754
712 2.59819e+23 0.876905
711 2.38313e+23 0.877261
710 2.34043e+23 0.878233
709 2.52113e+23 0.879822
708 2.00041e+23 0.87997
707 2.24802e+23 0.879756
706 2.45989e+23 0.881723
705 2.87285e+23 0.88099
704 2.93893e+23 0.88149
703 2.53387e+23 0.881189
702 2.25764e+23 0.882811
701 2.2773e+23 0.882696
700 2.85383e+23 0.884208
699 2.30756e+23 0.884317
698 2.20764e+23 0.886356
697 2.47426e+23 0.884597
696 3.01068e+23 0.884532
695 2.12183e+23 0.885153
694 2.32168e+23 0.885446
693 2.73048e+23 0.887671
692 2.2208e+23 0.887023
691 2.06284e+23 0.888361
690 1.97898e+23 0.888017
689 1.95705e+23 0.888406
688 2.16434e+23 0.891157
687 2.32689e+23 0.888517
686 2.54029e+23 0.890236
685 2.37406e+23 0.890422
684 2.00793e+23 0.890438
683 2.41085e+23 0.891509
682 1.71357e+23 0.89182
681 2.74674e+23 0.891692
680 2.37497e+23 0.89444
679 1.74686e+23 0.893206
678 2.23193e+23 0.894064
677 2.21514e+23 0.895001
676 2.01005e+23 0.894354
675 1.8144e+23 0.895226
674 1.85075e+23 0.895397
673 1.97327e+23 0.895046
672 2.01502e+23 0.897208
671 2.45065e+23 0.896811
670 1.95231e+23 0.898845
669 2.29797e+23 0.898018
668 1.62957e+23 0.897427
667 1.87782e+23 0.899323
666 2.22408e+23 0.899933
665 2.08993e+23 0.899922
664 2.64062e+23 0.900031
663 2.15321e+23 0.901104
662 2.24115e+23 0.902209
661 2.03386e+23 0.901573
660 2.13599e+23 0.902877
659 2.17775e+23 0.902375
658 1.9895e+23 0.903513
657 2.07295e+23 0.904907
656 1.75827e+23 0.904727
655 2.30199e+23 0.903786
654 1.97632e+23 0.904963
653 2.29958e+23 0.904938
652 2.22726e+23 0.906683
651 2.31906e+23 0.906856
650 2.11933e+23 0.907548
649 2.94592e+23 0.907309
648 2.02401e+23 0.90833
647 1.89625e+23 0.908749
646 2.0943e+23 0.908158
645 1.93101e+23 0.908293
644 1.80374e+23 0.908764
643 2.25961e+23 0.909693
642 1.58808e+23 0.909665
641 1.89163e+23 0.910631
640 1.97497e+23 0.911392
639 2.04382e+23 0.911464
638 1.76333e+23 0.911999
637 2.07705e+23 0.913284
636 1.67562e+23 0.913332
635 1.92151e+23 0.915037
634 1.79031e+23 0.913531
633 2.14908e+23 0.914354
632 1.6107e+23 0.914596
631 1.43813e+23 0.915342
630 1.79565e+23 0.915893
629 1.7295e+23 0.915867
628 2.45655e+23 0.915597
627 2.06476e+23 0.915706
626 1.61993e+23 0.917404
625 1.98885e+23 0.917403
624 1.73257e+23 0.919092
623 1.7589e+23 0.919409
622 1.80237e+23 0.919088
621 1.76031e+23 0.919126
620 1.75937e+23 0.919502
619 2.09765e+23 0.919757
618 2.33755e+23 0.921561
617 1.81045e+23 0.921097
616 1.7454e+23 0.921717
615 1.81218e+23 0.923186
614 1.70353e+23 0.922016
613 2.15524e+23 0.922778
612 1.53375e+23 0.924505
611 1.65685e+23 0.924152
610 2.25535e+23 0.924243
609 1.80157e+23 0.925046
608 1.8177e+23 0.925492
607 1.70486e+23 0.925967
606 1.50581e+23 0.924603
605 1.51445e+23 0.926461
604 1.63622e+23 0.926103
603 1.6243e+23 0.927763
602 1.43873e+23 0.928751
601 1.81369e+23 0.927552
600 1.50653e+23 0.927874
599 1.90851e+23 0.929443
598 1.69902e+23 0.929755
597 1.38855e+23 0.929921
596 1.6928e+23 0.929652
595 1.9393e+23 0.930659
594 1.16286e+23 0.930118
593 1.32457e+23 0.930636
592 1.53189e+23 0.931598
591 1.71633e+23 0.932309
590 1.60485e+23 0.932132
589 1.56157e+23 0.93284
588 1.36755e+23 0.933982
587 1.40603e+23 0.933638
586 1.35155e+23 0.934504
585 1.42252e+23 0.935743
584 1.44448e+23 0.9357
583 1.66035e+23 0.935556
582 1.33553e+23 0.935217
581 1.29902e+23 0.93586
580 1.45029e+23 0.936881
579 1.2896e+23 0.936436
578 1.31214e+23 0.937393
577 1.37355e+23 0.93806
576 1.98401e+23 0.937074
575 1.1896e+23 0.938063
574 1.27093e+23 0.938573
573 1.49434e+23 0.939449
572 1.44909e+23 0.938984
571 1.81209e+23 0.940377
570 1.35138e+23 0.940949
569 1.0492e+23 0.940428
568 1.13e+23 0.941813
567 1.46153e+23 0.940771
566 9.57085e+22 0.941869
565 2.05154e+23 0.941373
564 1.89313e+23 0.942197
563 1.72295e+23 0.941605
562 1.37491e+23 0.943666
561 1.95861e+23 0.943223
560 1.1157e+23 0.944048
559 1.24385e+23 0.943717
558 1.57306e+23 0.944928
557 1.70609e+23 0.945164
556 1.21974e+23 0.946006
555 1.01144e+23 0.946371
554 1.21326e+23 0.946552
553 1.04465e+23 0.946874
552 1.20748e+23 0.946909
551 1.45461e+23 0.946877
550 1.0792e+23 0.948064
549 1.19744e+23 0.948156
548 1.05402e+23 0.94826
547 1.28938e+23 0.949053
546 1.29003e+23 0.948554
545 1.19444e+23 0.948862
544 1.29289e+23 0.950256
543 1.17384e+23 0.949964
542 1.12083e+23 0.951025
541 1.04447e+23 0.951294
540 1.14447e+23 0.950558
539 1.25032e+23 0.951503
538 1.01863e+23 0.951533
537 1.17246e+23 0.952112
536 1.3957e+23 0.953058
535 1.64284e+23 0.953062
534 9.61795e+22 0.95339
533 1.33178e+23 0.953325
532 1.3729e+23 0.953613
531 1.20694e+23 0.954922
530 1.03156e+23 0.954935
529 1.06836e+23 0.954904
528 1.39104e+23 0.95558
527 9.73386e+22 0.956202
526 1.09054e+23 0.955893
525 1.4928e+23 0.956193
524 9.5127e+22 0.956156
523 1.03094e+23 0.956569
522 1.51748e+23 0.95658
521 1.30881e+23 0.957502
520 9.93866e+22 0.957385
519 9.70049e+22 0.957783
518 1.1225e+23 0.958247
517 1.1101e+23 0.959068
516 8.89252e+22 0.960041
515 1.09741e+23 0.959943
514 7.49019e+22 0.959563
513 9.76252e+22 0.959939
512 1.32803e+23 0.959976
511 1.32085e+23 0.9606
510 8.6234e+22 0.960924
509 9.89623e+22 0.961706
508 7.52752e+22 0.961992
507 8.11064e+22 0.961793
506 1.12413e+23 0.962046
505 7.8386e+22 0.963098
504 1.05971e+23 0.962775
503 8.61026e+22 0.963698
502 1.09519e+23 0.963801
501 9.08131e+22 0.964089
500 1.01827e+23 0.963949
499 7.33976e+22 0.964156
498 8.4809e+22 0.965141
497 7.36634e+22 0.964692
496 8.6589e+22 0.965321
495 6.05568e+22 0.96561
494 8.69233e+22 0.965243
493 7.66436e+22 0.966251
492 9.00873e+22 0.966382
491 7.80783e+22 0.966734
490 1.26302e+23 0.967283
489 8.9661e+22 0.967351
488 8.96622e+22 0.967757
487 7.85244e+22 0.967666
486 8.33675e+22 0.968073
485 5.88134e+22 0.96847
484 8.96388e+22 0.968429
483 7.07752e+22 0.968812
482 8.20398e+22 0.969001
481 8.61988e+22 0.968675
480 4.88469e+22 0.970002
479 7.73369e+22 0.970367
478 6.20988e+22 0.970362
477 6.86489e+22 0.970377
476 7.71306e+22 0.970381
475 6.80266e+22 0.971106
474 8.17659e+22 0.971827
473 5.56622e+22 0.97207
472 7.33475e+22 0.971541
471 5.42978e+22 0.972303
470 8.1458e+22 0.97213
469 6.57297e+22 0.972666
468 9.30966e+22 0.972816
467 5.0178e+22 0.97368
466 8.25404e+22 0.973629
465 5.03403e+22 0.97394
464 7.66112e+22 0.973935
463 5.97499e+22 0.974082
462 6.00179e+22 0.974784
461 7.45239e+22 0.974931
460 9.04713e+22 0.974339
459 6.54495e+22 0.974965
458 5.95012e+22 0.975387
457 6.07812e+22 0.975766
456 8.47571e+22 0.975922
455 5.9668e+22 0.976126
454 4.72796e+22 0.976839
453 5.06634e+22 0.976379
452 5.82048e+22 0.977202
451 6.30767e+22 0.97666
450 6.6407e+22 0.977445
449 6.81605e+22 0.97752
448 7.2242e+22 0.977858
447 5.99367e+22 0.978213
446 6.59346e+22 0.978152
445 6.80792e+22 0.978155
444 3.7437e+22 0.978987
443 3.34689e+22 0.979124
442 5.25223e+22 0.979326
441 5.67194e+22 0.980382
440 4.26382e+22 0.980128
439 3.55233e+22 0.97971
438 5.7053e+22 0.980398
437 5.87361e+22 0.980209
436 3.24044e+22 0.980504
435 4.69155e+22 0.980384
434 5.11116e+22 0.98039
433 5.06482e+22 0.981145
432 3.49552e+22 0.981235
431 4.91246e+22 0.980876
430 4.42799e+22 0.98115
429 5.65135e+22 0.981613
428 4.61346e+22 0.981744
427 5.28028e+22 0.981967
426 3.53447e+22 0.982429
425 4.9882e+22 0.982592
424 4.82024e+22 0.982841
423 6.33474e+22 0.983339
422 4.5415e+22 0.983723
421 4.75376e+22 0.983581
420 4.29759e+22 0.983864
419 3.49953e+22 0.983697
418 3.14295e+22 0.984024
417 2.73847e+22 0.984105
416 3.21274e+22 0.984792
415 2.71671e+22 0.984682
414 5.70153e+22 0.984605
413 3.32785e+22 0.984871
412 2.76586e+22 0.985119
411 4.66845e+22 0.985503
410 2.49416e+22 0.985424
409 3.76546e+22 0.985436
408 3.30329e+22 0.986157
407 4.71415e+22 0.985884
406 2.12436e+22 0.986504
405 2.5136e+22 0.986569
404 1.66041e+22 0.98656
403 2.45972e+22 0.986451
402 2.62139e+22 0.986738
401 2.71178e+22 0.987083
400 2.76235e+22 0.987158
399 2.58864e+22 0.98748
398 2.47397e+22 0.987496
397 1.85899e+22 0.987527
396 4.1753e+22 0.987976
395 2.93726e+22 0.988065
394 2.68524e+22 0.988332
393 2.41985e+22 0.988279
392 2.32144e+22 0.988521
391 3.03595e+22 0.98887
390 1.48465e+22 0.988608
389 2.63592e+22 0.989087
388 2.70374e+22 0.989086
387 2.58546e+22 0.989446
386 2.5413e+22 0.989294
385 1.99296e+22 0.989389
384 2.25364e+22 0.989933
383 3.21889e+22 0.990001
382 1.59806e+22 0.989596
381 2.07413e+22 0.990218
380 2.21525e+22 0.989707
379 1.93855e+22 0.990322
378 1.78007e+22 0.990418
377 2.39522e+22 0.990501
376 1.30023e+22 0.990709
375 1.55487e+22 0.99093
374 1.61986e+22 0.991339
373 2.53465e+22 0.990999
372 1.45297e+22 0.991212
371 1.26125e+22 0.991542
370 1.06947e+22 0.991469
369 6.40672e+21 0.991691
368 1.36217e+22 0.991731
367 8.88757e+21 0.991879
366 6.1706e+21 0.992114
365 2.30677e+22 0.991902
364 1.43589e+22 0.992238
363 1.57073e+22 0.992257
362 7.1887e+21 0.992306
361 1.27818e+22 0.992699
360 9.74421e+21 0.992709
359 8.25443e+21 0.993226
358 4.42478e+21 0.992924
357 1.22232e+22 0.992922
356 7.52866e+21 0.992933
355 5.09858e+21 0.993483
354 1.23744e+22 0.993596
353 6.90548e+21 0.993747
352 2.68683e+21 0.99366
351 7.16494e+21 0.99359
350 7.18485e+21 0.993892
349 2.1428e+20 0.993906
348 3.01143e+21 0.993875
347 1.52659e+21 0.994346
346 7.73468e+21 0.994179
345 2.25577e+21 0.994212
344 3.26275e+21 0.994281
343 1.57764e+21 0.994525
342 1.20655e+21 0.994524
341 6.58639e+21 0.994616
340 6.58839e+21 0.99469
339 2.12705e+21 0.99493
338 3.58886e+21 0.995004
337 -1.16306e+21 0.994998
336 -1.98637e+21 0.995115
335 -5.69085e+21 0.995503
334 -4.39871e+21 0.995504
333 -4.1335e+21 0.995349
332 -2.20622e+21 0.995588
331 -2.50877e+21 0.995464
330 -4.78029e+21 0.995401
329 -5.12846e+21 0.995893
328 -4.58811e+21 0.995834
327 -7.71685e+21 0.9959
326 -3.3259e+21 0.995937
325 -7.52722e+21 0.996335
324 -5.71119e+21 0.996203
323 -4.39767e+21 0.996186
322 -6.38525e+21 0.996207
321 -9.88615e+21 0.996488
320 -9.10693e+21 0.996265
319 -8.96836e+21 0.996675
318 -8.45811e+21 0.996639
317 -3.84438e+21 0.996444
316 -1.15583e+22 0.996801
315 -7.55568e+21 0.996925
314 -5.57142e+21 0.996733
313 -9.15492e+21 0.996906
312 -6.92626e+21 0.996993
311 -1.11571e+22 0.997327
310 -1.1309e+22 0.997041
309 -1.11339e+22 0.99697
308 -9.79038e+21 0.997154
307 -8.18643e+21 0.997147
306 -1.12148e+22 0.997384
305 -1.22304e+22 0.997475
304 -1.06342e+22 0.997426
303 -1.38334e+22 0.997641
302 -8.53136e+21 0.99744
301 -1.27127e+22 0.99763
300 -1.23063e+22 0.997715
299 -1.21028e+22 0.997815
298 -1.60227e+22 0.997928
297 -1.49628e+22 0.997776
296 -1.21913e+22 0.997703
295 -1.28138e+22 0.997973
294 -1.33021e+22 0.998057
293 -1.64331e+22 0.997905
292 -1.56536e+22 0.998066
291 -1.58674e+22 0.998058
290 -1.37656e+22 0.998165
289 -1.43525e+22 0.998257
288 -1.71894e+22 0.998239
287 -1.73552e+22 0.998485
286 -1.69483e+22 0.998335
285 -1.76337e+22 0.998396
284 -1.75804e+22 0.99842
283 -1.59313e+22 0.998354
282 -1.79385e+22 0.99852
281 -1.86743e+22 0.998577
280 -1.61709e+22 0.998469
279 -1.78607e+22 0.998601
278 -1.81382e+22 0.998759
277 -1.96487e+22 0.998681
276 -1.96966e+22 0.998709
275 -1.95861e+22 0.998751
274 -2.08294e+22 0.99887
273 -1.90166e+22 0.9988
272 -2.10722e+22 0.998916
271 -2.08568e+22 0.998906
270 -2.08773e+22 0.998884
269 -2.18819e+22 0.998893
268 -2.20229e+22 0.999006
267 -2.25368e+22 0.99905
266 -2.15674e+22 0.998947
265 -2.19752e+22 0.999014
264 -1.97814e+22 0.998928
263 -2.31505e+22 0.999065
262 -2.14902e+22 0.999091
261 -2.42962e+22 0.99921
260 -2.23459e+22 0.999061
259 -2.22831e+22 0.999003
258 -2.35802e+22 0.999252
257 -2.27779e+22 0.999143
256 -2.40976e+22 0.999174
255 -2.31949e+22 0.999328
254 -2.43774e+22 0.999299
253 -2.52989e+22 0.999384
252 -2.48459e+22 0.999442
251 -2.53422e+22 0.999339
250 -2.60212e+22 0.999427
249 -2.57555e+22 0.999419
248 -2.62362e+22 0.999411
247 -2.64866e+22 0.999559
246 -2.65056e+22 0.999405
245 -2.64946e+22 0.999395
244 -2.66956e+22 0.999473
243 -2.6475e+22 0.999548
242 -2.70911e+22 0.999543
241 -2.74114e+22 0.999507
240 -2.71831e+22 0.999543
239 -2.77226e+22 0.999598
238 -2.81941e+22 0.999623
237 -2.81864e+22 0.999569
236 -2.8408e+22 0.999611
235 -2.80328e+22 0.999605
234 -2.81848e+22 0.999655
233 -2.82773e+22 0.9997
232 -2.93305e+22 0.999647
231 -2.97807e+22 0.999737
230 -2.941e+22 0.999711
229 -2.92837e+22 0.99969
228 -2.99093e+22 0.99976
227 -2.98692e+22 0.999704
226 -3.03634e+22 0.99968
225 -3.04357e+22 0.999745
224 -3.08451e+22 0.999762
223 -3.04781e+22 0.99976
222 -3.10386e+22 0.999771
221 -3.15175e+22 0.999806
220 -3.17691e+22 0.999828
219 -3.17439e+22 0.999764
218 -3.22909e+22 0.999849
217 -3.22265e+22 0.999822
216 -3.2553e+22 0.999849
215 -3.28857e+22 0.999838
214 -3.29565e+22 0.999876
213 -3.3091e+22 0.999835
212 -3.30784e+22 0.999843
211 -3.35916e+22 0.999878
210 -3.34809e+22 0.999886
209 -3.41272e+22 0.999912
208 -3.3459e+22 0.999815
207 -3.43861e+22 0.999896
206 -3.4207e+22 0.999886
205 -3.45301e+22 0.999874
204 -3.47904e+22 0.999854
203 -3.51806e+22 0.999938
202 -3.52599e+22 0.999929
201 -3.50753e+22 0.999899
200 -3.58068e+22 0.999941
199 -3.58221e+22 0.999912
198 -3.59873e+22 0.999937
197 -3.62742e+22 0.999941
196 -3.66887e+22 0.999965
195 -3.66628e+22 0.999929
194 -3.66153e+22 0.999901
193 -3.71766e+22 0.999952
192 -3.74404e+22 0.999961
191 -3.75348e+22 0.999965
190 -3.77625e+22 0.999953
189 -3.81715e+22 0.99998
188 -3.82474e+22 0.99996
187 -3.85985e+22 0.999983
186 -3.87302e+22 0.999972
185 -3.89833e+22 0.999977
184 -3.91517e+22 0.999969
183 -3.92944e+22 0.999964
182 -3.95885e+22 0.999971
181 -3.97657e+22 0.999969
180 -4.01295e+22 0.999987
179 -4.03022e+22 0.999979
178 -4.05207e+22 0.999978
177 -4.08097e+22 0.999987
176 -4.09608e+22 0.999978
175 -4.12748e+22 0.999989
174 -4.15236e+22 0.999988
173 -4.18459e+22 0.999998
172 -4.19659e+22 0.999982
171 -4.22721e+22 0.999991
170 -4.24469e+22 0.999986
169 -4.2754e+22 0.999988
168 -4.30764e+22 0.999997
167 -4.33321e+22 0.999996
166 -4.3482e+22 0.999982
165 -4.38209e+22 0.999992
164 -4.4132e+22 0.999997
163 -4.42527e+22 0.999983
162 -4.46653e+22 0.999996
161 -4.49218e+22 0.999993
160 -4.51633e+22 0.999989
159 -4.55533e+22 1
158 -4.5841e+22 1
157 -4.61169e+22 0.999999
156 -4.63732e+22 0.999995
155 -4.66937e+22 0.999997
154 -4.70222e+22 1
153 -4.73219e+22 0.999999
152 -4.7599e+22 0.999995
151 -4.79641e+22 1
150 -4.82713e+22 0.999999
149 -4.86106e+22 1
148 -4.89146e+22 0.999998
147 -4.92611e+22 1
146 -4.96093e+22 1
145 -4.99516e+22 1
144 -5.02985e+22 1
143 -5.06502e+22 1
142 -5.10069e+22 1
141 -5.13686e+22 1
140 -5.17356e+22 1
139 -5.21078e+22 1
138 -5.24853e+22 1
137 -5.28285e+22 0.999997
136 -5.32229e+22 0.999998
135 -5.36489e+22 1
134 -5.40521e+22 1
133 -5.44585e+22 1
132 -5.4871e+22 1
131 -5.52899e+22 1
130 -5.57152e+22 1
129 -5.61471e+22 1
128 -5.65858e+22 1
127 -5.70313e+22 1
126 -5.7484e+22 1
125 -5.79438e+22 1
124 -5.84111e+22 1
123 -5.8886e+22 1
122 -5.93687e+22 1
121 -5.98593e+22 1
120 -6.03581e+22 1
119 -6.08654e+22 1
118 -6.13812e+22 1
117 -6.19058e+22 1
116 -6.24395e+22 1
115 -6.29824e+22 1
114 -6.35349e+22 1
113 -6.40971e+22 1
112 -6.46694e+22 1
111 -6.52521e+22 1
110 -6.58453e+22 1
109 -6.64493e+22 1
108 -6.70646e+22 1
107 -6.76914e+22 1
106 -6.833e+22 1
105 -6.89807e+22 1
104 -6.9644e+22 1
103 -7.03202e+22 1
102 -7.10096e+22 1
101 -7.17127e+22 1
100 -7.24298e+22 1
99 -7.31614e+22 1
98 -7.39079e+22 1
97 -7.46699e+22 1
96 -7.54477e+22 1
95 -7.62419e+22 1
94 -7.7053e+22 1
93 -7.78815e+22 1
92 -7.8728e+22 1
91 -7.95932e+22 1
90 -8.04775e+22 1
89 -8.13818e+22 1
88 -8.23066e+22 1
87 -8.32526e+22 1
86 -8.42207e+22 1
85 -8.52115e+22 1
84 -8.62259e+22 1
83 -8.72648e+22 1
82 -8.8329e+22 1
81 -8.94195e+22 1
80 -9.05372e+22 1
79 -9.16833e+22 1
78 -9.28587e+22 1
77 -9.40646e+22 1
76 -9.53023e+22 1
75 -9.6573e+22 1
74 -9.78781e+22 1
73 -9.92189e+22 1
72 -1.00597e+23 1
71 -1.02014e+23 1
70 -1.03471e+23 1
69 -1.04971e+23 1
68 -1.06514e+23 1
67 -1.08104e+23 1
66 -1.09742e+23 1
65 -1.1143e+23 1
64 -1.13172e+23 1
63 -1.14968e+23 1
62 -1.16822e+23 1
61 -1.18737e+23 1
60 -1.20716e+23 1
59 -1.22762e+23 1
58 -1.24879e+23 1
57 -1.2707e+23 1
56 -1.29339e+23 1
55 -1.31691e+23 1
54 -1.34129e+23 1
53 -1.3666e+23 1
52 -1.39288e+23 1
51 -1.42019e+23 1
50 -1.4486e+23 1
49 -1.47816e+23 1
48 -1.50895e+23 1
47 -1.54106e+23 1
46 -1.57456e+23 1
45 -1.60955e+23 1
44 -1.64613e+23 1
43 -1.68441e+23 1
42 -1.72452e+23 1
41 -1.76658e+23 1
40 -1.81074e+23 1
39 -1.85717e+23 1
38 -1.90605e+23 1
37 -1.95756e+23 1
36 -2.01194e+23 1
35 -2.06942e+23 1
34 -2.13029e+23 1
33 -2.19484e+23 1
32 -2.26343e+23 1
31 -2.33644e+23 1
30 -2.41433e+23 1
29 -2.49758e+23 1
28 -2.58678e+23 1
27 -2.68258e+23 1
26 -2.78576e+23 1
25 -2.89719e+23 1
24 -3.01791e+23 1
23 -3.14912e+23 1
22 -3.29226e+23 1
21 -3.44904e+23 1
20 -3.62149e+23 1
19 -3.81209e+23 1
18 -4.02388e+23 1
17 -4.26058e+23 1
16 -4.52686e+23 1
15 -4.82865e+23 1
14 -5.17356e+23 1
13 -5.57152e+23 1
12 -6.03581e+23 1
11 -6.58453e+23 1
10 -7.24298e+23 1
9 -8.04775e+23 1
8 -9.05372e+23 1
7 -1.03471e+24 1
6 -1.20716e+24 1
5 -1.4486e+24 1
4 -1.81074e+24 1
3 -2.41433e+24 1
2 -3.62149e+24 1
1 -7.24298e+24 1
