3000 2.48253e+23 0.0276929
2999 2.79626e+23 0.026131
2998 2.78431e+23 0.0256526
2997 2.70115e+23 0.0261457
2996 2.46986e+23 0.0257218
2995 2.62224e+23 0.0262808
2994 2.31897e+23 0.0278577
2993 2.73113e+23 0.0272659
2992 2.73209e+23 0.0267773
2991 2.61307e+23 0.0267407
2990 2.67768e+23 0.0267606
2989 2.61817e+23 0.0255851
2988 2.5431e+23 0.0289216
2987 2.65905e+23 0.0269119
2986 2.18433e+23 0.0275163
2985 2.72953e+23 0.0261603
2984 2.9766e+23 0.0251035
2983 2.64941e+23 0.0252807
2982 2.28442e+23 0.027656
2981 2.90073e+23 0.0275599
2980 2.51551e+23 0.0271996
2979 2.59961e+23 0.0274307
2978 3.04698e+23 0.0291936
2977 2.85853e+23 0.0274939
2976 2.85307e+23 0.0274771
2975 2.23964e+23 0.0278025
2974 2.68356e+23 0.0278206
2973 2.88122e+23 0.0254897
2972 2.82127e+23 0.026735
2971 3.09233e+23 0.0250677
2970 2.67506e+23 0.0249942
2969 2.62288e+23 0.0282574
2968 3.10001e+23 0.0289081
2967 2.49056e+23 0.0264389
2966 2.49741e+23 0.0275408
2965 2.56636e+23 0.0271387
2964 2.57447e+23 0.0257312
2963 2.76772e+23 0.0275854
2962 2.19283e+23 0.0276649
2961 2.6098e+23 0.0292637
2960 2.48992e+23 0.0273468
2959 2.87377e+23 0.027263
2958 2.68828e+23 0.0286817
2957 2.48104e+23 0.0266418
2956 3.2473e+23 0.0263949
2955 2.46794e+23 0.0293283
2954 2.32724e+23 0.0276536
2953 2.45705e+23 0.0277081
2952 2.50323e+23 0.0287908
2951 2.60306e+23 0.0265306
2950 2.82354e+23 0.0276165
2949 2.80491e+23 0.0262396
2948 2.83357e+23 0.0289872
2947 2.56879e+23 0.0305927
2946 2.31441e+23 0.0275254
2945 2.79903e+23 0.0277739
2944 2.80516e+23 0.0273505
2943 2.39704e+23 0.0260467
2942 2.5682e+23 0.0284533
2941 2.72254e+23 0.0271583
2940 2.53447e+23 0.0272955
2939 2.69097e+23 0.0267413
2938 2.37212e+23 0.0266233
2937 2.47471e+23 0.0267019
2936 2.34436e+23 0.0262651
2935 2.80074e+23 0.0273724
2934 2.54521e+23 0.0278847
2933 3.20181e+23 0.0279882
2932 3.26311e+23 0.0277144
2931 2.23142e+23 0.0282385
2930 2.28948e+23 0.0273468
2929 2.87915e+23 0.0296547
2928 2.28831e+23 0.027498
2927 3.06638e+23 0.0299545
2926 2.34804e+23 0.026286
2925 2.34142e+23 0.0242958
2924 3.07275e+23 0.0277253
2923 2.56113e+23 0.0267007
2922 3.48459e+23 0.023485
2921 2.79837e+23 0.0248663
2920 2.66354e+23 0.0258813
2919 3.026e+23 0.0293975
2918 2.78228e+23 0.0270356
2917 2.53421e+23 0.0266444
2916 2.57912e+23 0.0286464
2915 2.85564e+23 0.0282195
2914 2.73891e+23 0.0283739
2913 2.71513e+23 0.0271516
2912 2.65592e+23 0.0279318
2911 2.94582e+23 0.0274985
2910 2.74989e+23 0.0298306
2909 2.47653e+23 0.0272952
2908 2.47087e+23 0.0272723
2907 3.0967e+23 0.0289098
2906 2.50085e+23 0.0265466
2905 2.9336e+23 0.0273365
2904 2.54534e+23 0.0303437
2903 2.42849e+23 0.0271309
2902 3.28305e+23 0.0250484
2901 2.78789e+23 0.026715
2900 2.7434e+23 0.0256301
2899 2.37038e+23 0.0281395
2898 2.23885e+23 0.0288389
2897 2.39348e+23 0.0272787
2896 2.73436e+23 0.0269659
2895 3.01099e+23 0.0260681
2894 2.61288e+23 0.0288158
2893 2.96542e+23 0.0274605
2892 2.42179e+23 0.0271727
2891 2.57339e+23 0.0276182
2890 2.80192e+23 0.0272698
2889 3.05318e+23 0.0255834
2888 2.47838e+23 0.0255539
2887 2.31784e+23 0.0272388
2886 2.70794e+23 0.0275849
2885 2.37532e+23 0.0298983
2884 2.48437e+23 0.0296266
2883 3.47734e+23 0.026204
2882 2.6133e+23 0.0277703
2881 2.76438e+23 0.0277092
2880 3.00665e+23 0.0284707
2879 3.20741e+23 0.0270777
2878 3.18454e+23 0.0263465
2877 2.41043e+23 0.027095
2876 2.66889e+23 0.0277191
2875 2.62402e+23 0.0283697
2874 2.71343e+23 0.030245
2873 2.47476e+23 0.0287023
2872 2.88769e+23 0.0281145
2871 2.60253e+23 0.0292047
2870 2.69142e+23 0.0290073
2869 3.13529e+23 0.0289617
2868 3.18655e+23 0.0282965
2867 2.36297e+23 0.0277463
2866 2.69735e+23 0.028709
2865 2.71272e+23 0.0275133
2864 2.72031e+23 0.0301047
2863 2.60774e+23 0.0277517
2862 2.38613e+23 0.0272981
2861 2.64413e+23 0.0274442
2860 2.75347e+23 0.0267842
2859 2.41614e+23 0.0275049
2858 2.53606e+23 0.0293617
2857 2.63414e+23 0.0282543
2856 2.2005e+23 0.0310015
2855 2.48524e+23 0.027375
2854 2.90848e+23 0.0282269
2853 2.56996e+23 0.0271343
2852 3.19046e+23 0.0283736
2851 3.13557e+23 0.028637
2850 2.78467e+23 0.0287149
2849 2.5486e+23 0.0281504
2848 3.62843e+23 0.0268479
2847 2.34132e+23 0.0264961
2846 2.94403e+23 0.0259812
2845 3.28153e+23 0.0286902
2844 2.6534e+23 0.0273471
2843 2.77799e+23 0.0298142
2842 3.22639e+23 0.0274726
2841 2.75653e+23 0.0293522
2840 2.77734e+23 0.0280857
2839 2.70078e+23 0.02841
2838 2.90137e+23 0.0279048
2837 2.36224e+23 0.0301551
2836 2.82912e+23 0.0288063
2835 2.50942e+23 0.0279632
2834 2.34956e+23 0.0274167
2833 3.49346e+23 0.0270595
2832 3.04603e+23 0.0303268
2831 2.35312e+23 0.0274466
2830 2.94167e+23 0.0277309
2829 2.7215e+23 0.0290143
2828 2.65616e+23 0.0276874
2827 2.4498e+23 0.0284372
2826 2.39091e+23 0.0284445
2825 2.39402e+23 0.0285988
2824 3.07352e+23 0.0283351
2823 3.1465e+23 0.0282553
2822 2.79125e+23 0.0281758
2821 2.42421e+23 0.0293262
2820 3.54481e+23 0.0269674
2819 2.56339e+23 0.0287672
2818 2.67144e+23 0.0305816
2817 2.55624e+23 0.02813
2816 3.08323e+23 0.030375
2815 2.73831e+23 0.0276936
2814 2.97223e+23 0.029152
2813 2.88848e+23 0.028206
2812 3.19002e+23 0.0285791
2811 2.34387e+23 0.0295039
2810 2.70519e+23 0.0294462
2809 3.07036e+23 0.0283853
2808 2.73415e+23 0.0287284
2807 2.41147e+23 0.0260448
2806 3.08534e+23 0.0301395
2805 2.62681e+23 0.0307145
2804 2.83393e+23 0.0300925
2803 2.31212e+23 0.0284326
2802 2.81019e+23 0.0292893
2801 3.12963e+23 0.0277106
2800 2.97059e+23 0.0287333
2799 2.46124e+23 0.0294833
2798 2.59052e+23 0.031105
2797 2.68601e+23 0.0288611
2796 2.94571e+23 0.0271381
2795 2.79163e+23 0.0295154
2794 3.14315e+23 0.029504
2793 2.41525e+23 0.0300939
2792 3.1852e+23 0.0290372
2791 3.09856e+23 0.028153
2790 2.99174e+23 0.0284386
2789 2.40246e+23 0.030839
2788 3.07349e+23 0.0279232
2787 2.67437e+23 0.0310307
2786 3.0007e+23 0.0285634
2785 3.31693e+23 0.0296925
2784 2.80303e+23 0.0273814
2783 2.40844e+23 0.0285691
2782 2.77918e+23 0.0288821
2781 2.45517e+23 0.0280915
2780 2.88258e+23 0.0296213
2779 3.16369e+23 0.0288254
2778 2.43613e+23 0.0295742
2777 3.02636e+23 0.030482
2776 2.5988e+23 0.0301767
2775 3.34586e+23 0.0290443
2774 3.34386e+23 0.029922
2773 2.94635e+23 0.0299895
2772 2.60385e+23 0.0294601
2771 3.02067e+23 0.0306346
2770 2.88508e+23 0.0277669
2769 2.40707e+23 0.027989
2768 2.61803e+23 0.0305334
2767 3.32208e+23 0.0280504
2766 2.90702e+23 0.0289746
2765 2.59085e+23 0.0296572
2764 2.76867e+23 0.0297648
2763 2.86989e+23 0.0294752
2762 2.54808e+23 0.0292226
2761 3.27808e+23 0.0269314
2760 2.92042e+23 0.0307391
2759 3.19677e+23 0.0287761
2758 2.50892e+23 0.0283323
2757 3.40003e+23 0.0289066
2756 2.38616e+23 0.0278864
2755 2.75695e+23 0.030686
2754 3.08702e+23 0.0299791
2753 2.37373e+23 0.0289548
2752 3.20716e+23 0.0302778
2751 2.76794e+23 0.0299348
2750 2.5995e+23 0.0301653
2749 2.35006e+23 0.0310374
2748 3.23036e+23 0.0308453
2747 2.59523e+23 0.0302762
2746 3.05953e+23 0.0285048
2745 3.45552e+23 0.0286445
2744 3.072e+23 0.0300594
2743 2.58476e+23 0.0295428
2742 2.6913e+23 0.0284822
2741 2.60427e+23 0.0294923
2740 2.82014e+23 0.0305549
2739 3.24998e+23 0.0302357
2738 2.72979e+23 0.028828
2737 3.15641e+23 0.029741
2736 3.38191e+23 0.0281035
2735 2.60733e+23 0.0319197
2734 2.32766e+23 0.0291482
2733 2.78862e+23 0.0304717
2732 2.89131e+23 0.0284083
2731 3.11694e+23 0.0295721
2730 2.7977e+23 0.0304786
2729 3.1606e+23 0.0283778
2728 2.7802e+23 0.0296883
2727 2.57208e+23 0.030543
2726 2.45313e+23 0.0289135
2725 3.5583e+23 0.0283921
2724 2.98903e+23 0.0317783
2723 2.83297e+23 0.0282819
2722 2.30344e+23 0.0286226
2721 2.67901e+23 0.0306583
2720 3.36118e+23 0.0296713
2719 2.72121e+23 0.0305072
2718 2.94997e+23 0.0298498
2717 2.47944e+23 0.0296241
2716 2.84282e+23 0.0312894
2715 3.16017e+23 0.027979
2714 2.82306e+23 0.0313844
2713 3.01581e+23 0.0300552
2712 3.30044e+23 0.0311092
2711 3.55507e+23 0.0291289
2710 3.23363e+23 0.030457
2709 2.80217e+23 0.0315196
2708 3.03013e+23 0.0292804
2707 3.50421e+23 0.0293952
2706 3.39138e+23 0.0315565
2705 2.83462e+23 0.0306497
2704 3.61074e+23 0.0303677
2703 3.2102e+23 0.0301998
2702 3.19173e+23 0.0298466
2701 2.87187e+23 0.0284606
2700 2.63484e+23 0.0292886
2699 2.87481e+23 0.0306488
2698 2.82495e+23 0.0307741
2697 2.60528e+23 0.0294476
2696 2.57243e+23 0.0294987
2695 3.02954e+23 0.0299847
2694 2.86463e+23 0.0293414
2693 2.94436e+23 0.0302823
2692 2.73095e+23 0.0290893
2691 3.25471e+23 0.0290344
2690 3.09574e+23 0.0308194
2689 2.70045e+23 0.031017
2688 2.91444e+23 0.0299725
2687 3.32648e+23 0.0293182
2686 2.71496e+23 0.0304229
2685 2.54008e+23 0.0302797
2684 3.53889e+23 0.0301782
2683 2.63044e+23 0.032802
2682 3.12457e+23 0.0290684
2681 3.10184e+23 0.0295065
2680 3.1993e+23 0.0314629
2679 3.01047e+23 0.0290683
2678 3.17067e+23 0.0281763
2677 3.20352e+23 0.0303122
2676 2.64497e+23 0.0303221
2675 2.92545e+23 0.030809
2674 2.8727e+23 0.0303868
2673 3.29481e+23 0.0307353
2672 2.9694e+23 0.027824
2671 2.76917e+23 0.0305828
2670 2.63455e+23 0.0313842
2669 3.61954e+23 0.0295217
2668 3.33829e+23 0.031338
2667 3.36979e+23 0.0273568
2666 2.53953e+23 0.0308781
2665 2.94162e+23 0.0301605
2664 2.79722e+23 0.0276853
2663 3.01454e+23 0.0295636
2662 3.21268e+23 0.0303955
2661 3.2434e+23 0.0314035
2660 2.98588e+23 0.0292195
2659 2.48494e+23 0.0289575
2658 3.56198e+23 0.0317744
2657 3.08721e+23 0.0317575
2656 2.80213e+23 0.0312128
2655 3.12274e+23 0.0287561
2654 3.06386e+23 0.0286018
2653 3.29134e+23 0.0294839
2652 3.47817e+23 0.0297098
2651 2.99272e+23 0.0319755
2650 3.10223e+23 0.0301775
2649 3.47842e+23 0.0304538
2648 2.7811e+23 0.0309846
2647 3.26007e+23 0.0291775
2646 3.22509e+23 0.0294599
2645 2.63108e+23 0.0320263
2644 2.40988e+23 0.0323031
2643 3.00455e+23 0.0321411
2642 2.64822e+23 0.0288816
2641 2.66802e+23 0.0317354
2640 3.22208e+23 0.029931
2639 3.14336e+23 0.0303074
2638 3.46879e+23 0.0291512
2637 3.12122e+23 0.0283507
2636 3.63283e+23 0.0307147
2635 2.87179e+23 0.0303453
2634 3.18529e+23 0.0301721
2633 3.44781e+23 0.0309018
2632 2.83327e+23 0.0318538
2631 2.47204e+23 0.0320114
2630 2.94586e+23 0.0327006
2629 2.90516e+23 0.0330966
2628 2.78294e+23 0.0303907
2627 3.44713e+23 0.0297879
2626 3.12594e+23 0.0303032
2625 2.92853e+23 0.0307637
2624 3.09064e+23 0.0319865
2623 3.01018e+23 0.0304066
2622 2.71177e+23 0.0300565
2621 3.31285e+23 0.0311873
2620 2.48801e+23 0.0316311
2619 2.67592e+23 0.0312031
2618 3.41649e+23 0.0302369
2617 3.40599e+23 0.0313334
2616 2.78823e+23 0.0313848
2615 2.78334e+23 0.0308329
2614 3.30047e+23 0.0311093
2613 2.90035e+23 0.0301429
2612 3.18099e+23 0.030626
2611 3.4081e+23 0.0322913
2610 3.16715e+23 0.0307375
2609 3.44722e+23 0.0329146
2608 2.8012e+23 0.0300749
2607 3.11087e+23 0.0309878
2606 3.12707e+23 0.0301129
2605 3.45958e+23 0.0307979
2604 2.76251e+23 0.0291967
2603 3.69497e+23 0.0307298
2602 3.01272e+23 0.0326001
2601 2.82759e+23 0.0338569
2600 3.12699e+23 0.0304992
2599 2.64633e+23 0.0316018
2598 3.33747e+23 0.0313821
2597 3.07928e+23 0.0325178
2596 3.24635e+23 0.0301158
2595 3.8215e+23 0.0319413
2594 3.14368e+23 0.0329879
2593 2.71518e+23 0.0312428
2592 3.49501e+23 0.0305673
2591 3.35057e+23 0.0318658
2590 3.42135e+23 0.0319425
2589 3.58127e+23 0.032251
2588 2.63671e+23 0.0315557
2587 3.42172e+23 0.0304706
2586 2.80063e+23 0.0326366
2585 3.26668e+23 0.0333228
2584 3.11605e+23 0.0313062
2583 3.3675e+23 0.0307864
2582 3.05888e+23 0.0304362
2581 2.62925e+23 0.0312745
2580 2.49094e+23 0.0323135
2579 3.13056e+23 0.0319085
2578 3.68224e+23 0.0304625
2577 2.39994e+23 0.0307807
2576 3.62986e+23 0.0318336
2575 3.29392e+23 0.0327911
2574 2.73691e+23 0.0312375
2573 3.04962e+23 0.0289409
2572 3.3464e+23 0.0333269
2571 3.40642e+23 0.0316213
2570 3.33654e+23 0.0332841
2569 3.7596e+23 0.0313101
2568 3.74354e+23 0.0327868
2567 2.91938e+23 0.0318271
2566 3.39999e+23 0.0325112
2565 3.24724e+23 0.0315475
2564 2.96077e+23 0.0328623
2563 3.01144e+23 0.0312402
2562 3.3417e+23 0.0324133
2561 3.31012e+23 0.0330316
2560 3.23219e+23 0.0307808
2559 2.7648e+23 0.0320454
2558 3.54999e+23 0.0328311
2557 3.18877e+23 0.0316674
2556 3.16944e+23 0.0327146
2555 3.25793e+23 0.028928
2554 3.44653e+23 0.0316588
2553 3.18042e+23 0.0317375
2552 2.38588e+23 0.0315763
2551 2.76846e+23 0.0312143
2550 3.74503e+23 0.0307636
2549 3.29631e+23 0.0322633
2548 3.44307e+23 0.0327183
2547 3.89157e+23 0.0307423
2546 3.13589e+23 0.0325094
2545 2.66082e+23 0.0319767
2544 2.7066e+23 0.0314963
2543 3.01446e+23 0.0331649
2542 3.51763e+23 0.0319876
2541 2.89431e+23 0.0312659
2540 2.92531e+23 0.0317407
2539 2.91973e+23 0.0330277
2538 3.74501e+23 0.031105
2537 2.97824e+23 0.0296822
2536 3.09477e+23 0.0323002
2535 2.96635e+23 0.0309509
2534 3.51146e+23 0.030954
2533 3.10228e+23 0.0334359
2532 3.28043e+23 0.0317137
2531 3.08593e+23 0.0324177
2530 4.3618e+23 0.033261
2529 3.0966e+23 0.0326613
2528 2.99675e+23 0.0350428
2527 3.17968e+23 0.0309517
2526 2.86528e+23 0.0298209
2525 4.0883e+23 0.0338256
2524 2.8843e+23 0.0340739
2523 3.07783e+23 0.0319628
2522 3.13374e+23 0.0321933
2521 2.78175e+23 0.0306404
2520 3.77345e+23 0.0312811
2519 3.77853e+23 0.0316346
2518 2.86855e+23 0.0356394
2517 2.68492e+23 0.0318991
2516 3.53213e+23 0.0329572
2515 3.40959e+23 0.0332119
2514 3.28224e+23 0.03152
2513 3.35307e+23 0.0328533
2512 3.52153e+23 0.0330127
2511 3.12787e+23 0.0316154
2510 3.29797e+23 0.0326453
2509 3.10258e+23 0.0332542
2508 3.13649e+23 0.0326957
2507 2.49916e+23 0.0342121
2506 2.99983e+23 0.0341761
2505 2.80736e+23 0.0319129
2504 3.38383e+23 0.0306496
2503 3.04075e+23 0.0320051
2502 3.57772e+23 0.0322454
2501 3.07092e+23 0.0335747
2500 3.14168e+23 0.031406
2499 3.18926e+23 0.0314714
2498 3.41667e+23 0.0316966
2497 3.60294e+23 0.0340817
2496 3.65744e+23 0.0328314
2495 2.9489e+23 0.0331612
2494 3.61356e+23 0.0314171
2493 3.34821e+23 0.0327826
2492 3.27561e+23 0.034361
2491 3.44082e+23 0.0339911
2490 3.1856e+23 0.0329192
2489 3.58959e+23 0.0337625
2488 3.09838e+23 0.033591
2487 2.81157e+23 0.0315652
2486 2.89955e+23 0.032879
2485 3.30116e+23 0.0339305
2484 3.79428e+23 0.0320545
2483 3.08188e+23 0.0331622
2482 3.047e+23 0.0322587
2481 3.84918e+23 0.0334684
2480 3.1524e+23 0.032593
2479 4.26195e+23 0.0325746
2478 2.86604e+23 0.0333928
2477 3.53209e+23 0.0353056
2476 2.94082e+23 0.0354964
2475 2.8103e+23 0.0345311
2474 3.33603e+23 0.0322952
2473 3.2187e+23 0.0323135
2472 4.54491e+23 0.0319773
2471 3.17673e+23 0.0341347
2470 2.75919e+23 0.0336695
2469 3.40234e+23 0.0328622
2468 3.58792e+23 0.0316682
2467 3.32532e+23 0.0320998
2466 3.9024e+23 0.0327434
2465 3.04305e+23 0.0330362
2464 3.22731e+23 0.0331111
2463 3.46048e+23 0.0335883
2462 3.61961e+23 0.0327115
2461 2.64318e+23 0.0338259
2460 3.33266e+23 0.0336288
2459 3.56397e+23 0.0325327
2458 3.19713e+23 0.0328408
2457 2.92028e+23 0.0340946
2456 2.84269e+23 0.0333495
2455 3.49478e+23 0.034344
2454 3.71383e+23 0.0342095
2453 3.0316e+23 0.0341625
2452 3.274e+23 0.0335859
2451 3.46683e+23 0.0313167
2450 2.81834e+23 0.0318939
2449 3.48687e+23 0.0332471
2448 3.29597e+23 0.0330663
2447 2.91151e+23 0.0322371
2446 3.48822e+23 0.0348
2445 3.13697e+23 0.0334423
2444 3.29328e+23 0.0336703
2443 3.67942e+23 0.0344734
2442 3.74303e+23 0.0321083
2441 2.99001e+23 0.0327767
2440 3.46373e+23 0.0315532
2439 3.00244e+23 0.0348047
2438 3.22597e+23 0.0344221
2437 3.07451e+23 0.032326
2436 2.70856e+23 0.0323132
2435 3.09824e+23 0.0354801
2434 3.11598e+23 0.0337131
2433 3.51596e+23 0.0342718
2432 3.46824e+23 0.033633
2431 3.40457e+23 0.0344438
2430 3.84201e+23 0.0327359
2429 3.3528e+23 0.0334077
2428 3.09135e+23 0.0329293
2427 2.88007e+23 0.0336211
2426 3.47048e+23 0.0327602
2425 3.19119e+23 0.0329661
2424 2.83216e+23 0.0335674
2423 3.37873e+23 0.0342048
2422 3.05448e+23 0.0339187
2421 3.13413e+23 0.0352553
2420 3.57028e+23 0.0340117
2419 2.78112e+23 0.0332202
2418 3.63649e+23 0.0335337
2417 3.34392e+23 0.0344683
2416 3.28046e+23 0.0347599
2415 3.84933e+23 0.0328911
2414 3.04275e+23 0.0349808
2413 3.33039e+23 0.0315105
2412 3.86797e+23 0.0345055
2411 3.93589e+23 0.0347783
2410 3.14506e+23 0.0356275
2409 3.2845e+23 0.0341385
2408 3.15544e+23 0.0351794
2407 3.48769e+23 0.0349484
2406 3.59624e+23 0.0315042
2405 2.92853e+23 0.0315489
2404 3.57598e+23 0.0341586
2403 4.11882e+23 0.0352756
2402 3.67846e+23 0.0353087
2401 3.34032e+23 0.0337878
2400 3.39774e+23 0.0329297
2399 3.57601e+23 0.0343758
2398 3.65386e+23 0.0355245
2397 3.37276e+23 0.0343999
2396 3.24848e+23 0.0356373
2395 2.75176e+23 0.0335314
2394 3.6085e+23 0.0355703
2393 3.69321e+23 0.0331029
2392 3.83217e+23 0.0321551
2391 3.10721e+23 0.0316778
2390 3.31052e+23 0.0343518
2389 3.26815e+23 0.0339376
2388 2.93145e+23 0.0358112
2387 3.39233e+23 0.0355482
2386 3.38012e+23 0.0348834
2385 3.26945e+23 0.0363143
2384 3.05718e+23 0.0328113
2383 3.42538e+23 0.0319428
2382 3.73065e+23 0.034734
2381 2.80983e+23 0.0341103
2380 3.00772e+23 0.0333392
2379 2.95877e+23 0.0345286
2378 3.105e+23 0.0366315
2377 3.36229e+23 0.0348995
2376 4.25706e+23 0.0343098
2375 3.96647e+23 0.0358957
2374 2.98218e+23 0.0347425
2373 4.29099e+23 0.0330346
2372 3.52597e+23 0.0342525
2371 3.49847e+23 0.0352802
2370 3.41501e+23 0.0353857
2369 3.73422e+23 0.0331959
2368 3.65183e+23 0.0341085
2367 3.09464e+23 0.0347416
2366 3.29186e+23 0.0362515
2365 3.75241e+23 0.0338095
2364 3.54678e+23 0.0360737
2363 3.00418e+23 0.0317777
2362 3.48442e+23 0.0358052
2361 3.48321e+23 0.0351237
2360 3.43146e+23 0.034199
2359 3.33827e+23 0.0350294
2358 3.42074e+23 0.0350847
2357 3.16132e+23 0.0350704
2356 3.4439e+23 0.0355556
2355 3.788e+23 0.037748
2354 3.42342e+23 0.0334724
2353 3.80777e+23 0.033942
2352 3.22047e+23 0.0343483
2351 2.88421e+23 0.0358888
2350 3.00802e+23 0.0352494
2349 3.13442e+23 0.0345656
2348 3.58856e+23 0.0359344
2347 3.10222e+23 0.0357496
2346 3.49284e+23 0.0361442
2345 3.45132e+23 0.0374021
2344 3.61024e+23 0.035812
2343 3.12452e+23 0.0362916
2342 4.22096e+23 0.033458
2341 3.36283e+23 0.0328955
2340 2.87648e+23 0.0351546
2339 3.68572e+23 0.0358238
2338 4.23296e+23 0.0348494
2337 3.33159e+23 0.0366801
2336 3.20205e+23 0.034806
2335 3.63996e+23 0.0363934
2334 3.01849e+23 0.0350449
2333 3.66831e+23 0.0355164
2332 3.46555e+23 0.0349802
2331 3.71222e+23 0.0334991
2330 4.03156e+23 0.0326396
2329 3.27585e+23 0.0358859
2328 3.07896e+23 0.0330327
2327 3.92117e+23 0.0364334
2326 3.92082e+23 0.0351734
2325 3.88556e+23 0.0339953
2324 3.14547e+23 0.0343299
2323 2.93258e+23 0.0354633
2322 3.41802e+23 0.0346963
2321 3.34112e+23 0.0353196
2320 3.33961e+23 0.0351165
2319 3.22152e+23 0.0365218
2318 3.57285e+23 0.0380117
2317 4.12359e+23 0.0336665
2316 3.5943e+23 0.0354021
2315 3.34206e+23 0.0355127
2314 3.8368e+23 0.0360618
2313 3.59955e+23 0.0360693
2312 4.05828e+23 0.033597
2311 4.51682e+23 0.036984
2310 4.03709e+23 0.0365152
2309 3.03124e+23 0.0353427
2308 3.77393e+23 0.0348052
2307 3.83625e+23 0.0367912
2306 4.06469e+23 0.0349799
2305 3.28655e+23 0.0370446
2304 3.74344e+23 0.0370103
2303 3.29925e+23 0.035659
2302 3.25968e+23 0.0344946
2301 4.44987e+23 0.0375566
2300 2.61841e+23 0.035179
2299 3.85911e+23 0.0346613
2298 3.36171e+23 0.03636
2297 3.67153e+23 0.0361343
2296 3.45193e+23 0.0361831
2295 3.30078e+23 0.0352994
2294 3.5458e+23 0.0360474
2293 2.95543e+23 0.036889
2292 4.25596e+23 0.0346745
2291 3.08681e+23 0.0385511
2290 3.54093e+23 0.0349277
2289 3.51964e+23 0.0376372
2288 3.54608e+23 0.035005
2287 3.20558e+23 0.0359628
2286 2.70082e+23 0.0361761
2285 3.48139e+23 0.0362847
2284 3.81339e+23 0.0372003
2283 3.7742e+23 0.037044
2282 3.73073e+23 0.0348476
2281 4.09024e+23 0.0366675
2280 3.69571e+23 0.0365793
2279 3.02179e+23 0.0388695
2278 3.67631e+23 0.0364722
2277 4.23462e+23 0.0371214
2276 3.93523e+23 0.0371866
2275 3.46429e+23 0.0366758
2274 4.05071e+23 0.0348241
2273 4.2913e+23 0.034466
2272 3.81022e+23 0.0350932
2271 3.63283e+23 0.036563
2270 3.60404e+23 0.0367535
2269 3.44599e+23 0.0362972
2268 3.76344e+23 0.0346437
2267 4.47883e+23 0.0369692
2266 3.56889e+23 0.0354155
2265 3.58176e+23 0.0362982
2264 3.27034e+23 0.0391237
2263 3.61142e+23 0.0354214
2262 3.6137e+23 0.0357158
2261 3.44006e+23 0.0373373
2260 3.13083e+23 0.0363017
2259 3.29765e+23 0.0364819
2258 3.09375e+23 0.0358041
2257 3.19572e+23 0.0363025
2256 3.4225e+23 0.0350357
2255 3.71299e+23 0.0377993
2254 3.99058e+23 0.0352766
2253 3.57962e+23 0.0377998
2252 4.52793e+23 0.0348771
2251 3.59845e+23 0.0367705
2250 4.54466e+23 0.0380208
2249 3.5565e+23 0.0370091
2248 3.73137e+23 0.0367367
2247 4.65792e+23 0.0367518
2246 4.44817e+23 0.0380989
2245 3.56345e+23 0.0367768
2244 2.72105e+23 0.0365617
2243 3.26834e+23 0.0379985
2242 3.59854e+23 0.0342543
2241 3.66432e+23 0.0358181
2240 3.85864e+23 0.0379428
2239 4.70171e+23 0.0353744
2238 3.98233e+23 0.0383741
2237 4.36493e+23 0.0351233
2236 3.06914e+23 0.0368958
2235 4.08257e+23 0.0369975
2234 3.12465e+23 0.0346092
2233 3.43815e+23 0.0378086
2232 4.10628e+23 0.038497
2231 3.31391e+23 0.0376489
2230 3.61034e+23 0.0364231
2229 3.85958e+23 0.0358641
2228 3.79914e+23 0.0357706
2227 4.11464e+23 0.0364396
2226 3.68252e+23 0.0373552
2225 3.50373e+23 0.0376199
2224 3.48903e+23 0.037535
2223 3.36393e+23 0.0370017
2222 3.79438e+23 0.0370554
2221 3.54718e+23 0.0368072
2220 3.88576e+23 0.0380859
2219 3.48634e+23 0.038144
2218 4.18475e+23 0.0382874
2217 3.22935e+23 0.0373669
2216 3.94167e+23 0.0358155
2215 3.52859e+23 0.0371172
2214 3.8923e+23 0.0386547
2213 4.2756e+23 0.0387042
2212 3.28602e+23 0.0374726
2211 2.74354e+23 0.0362985
2210 3.73158e+23 0.0369656
2209 3.51672e+23 0.0370866
2208 4.20692e+23 0.0371714
2207 4.2243e+23 0.0379784
2206 3.53922e+23 0.0371721
2205 4.68352e+23 0.0357046
2204 4.00751e+23 0.0364146
2203 3.79419e+23 0.0361294
2202 4.02217e+23 0.0384652
2201 3.40726e+23 0.0360172
2200 3.82381e+23 0.0369953
2199 3.834e+23 0.0363903
2198 3.87584e+23 0.0375035
2197 4.24391e+23 0.0389724
2196 3.589e+23 0.0392595
2195 3.74624e+23 0.0381678
2194 3.96437e+23 0.0401941
2193 3.47054e+23 0.0371165
2192 4.66309e+23 0.0374846
2191 3.82286e+23 0.0390992
2190 3.47094e+23 0.0385863
2189 3.59726e+23 0.0361133
2188 3.44813e+23 0.037589
2187 3.72467e+23 0.0398596
2186 3.14317e+23 0.0379151
2185 3.66585e+23 0.0373831
2184 3.21513e+23 0.0391657
2183 2.98514e+23 0.038514
2182 4.73914e+23 0.0375862
2181 4.03533e+23 0.0382585
2180 4.34016e+23 0.0384822
2179 4.08366e+23 0.038698
2178 3.62693e+23 0.0378381
2177 3.25513e+23 0.0396153
2176 3.46959e+23 0.0396218
2175 4.31716e+23 0.0378404
2174 3.7725e+23 0.0371319
2173 4.07533e+23 0.0385874
2172 4.15705e+23 0.0363147
2171 3.63406e+23 0.0370596
2170 3.25694e+23 0.0388071
2169 3.20439e+23 0.03675
2168 3.55839e+23 0.0377355
2167 3.84552e+23 0.0398219
2166 3.63674e+23 0.0373723
2165 3.63961e+23 0.0375831
2164 3.16945e+23 0.0378048
2163 4.08054e+23 0.0389926
2162 4.16278e+23 0.0385165
2161 3.44015e+23 0.0400861
2160 3.24811e+23 0.0396984
2159 3.79235e+23 0.040298
2158 3.8156e+23 0.0402507
2157 3.25007e+23 0.0389912
2156 4.44414e+23 0.0382003
2155 4.59158e+23 0.0396405
2154 3.69908e+23 0.0391762
2153 4.1107e+23 0.0376955
2152 4.41813e+23 0.0388494
2151 2.8864e+23 0.0362798
2150 3.10003e+23 0.0373476
2149 3.83869e+23 0.0386492
2148 3.88555e+23 0.0404744
2147 3.65069e+23 0.0404185
2146 3.28936e+23 0.0375012
2145 4.52113e+23 0.0398485
2144 3.81531e+23 0.0375408
2143 3.77589e+23 0.0398504
2142 4.14327e+23 0.0396283
2141 3.61247e+23 0.0399357
2140 4.49926e+23 0.0379696
2139 4.25185e+23 0.0382566
2138 3.34189e+23 0.039431
2137 3.82837e+23 0.0371614
2136 4.69254e+23 0.0397515
2135 4.49404e+23 0.0397695
2134 3.54544e+23 0.0395715
2133 3.53981e+23 0.0419306
2132 3.76464e+23 0.0379467
2131 3.66212e+23 0.038098
2130 3.59201e+23 0.0405967
2129 3.64244e+23 0.0390039
2128 3.53657e+23 0.0375392
2127 4.39191e+23 0.0392439
2126 3.28073e+23 0.0385471
2125 4.49883e+23 0.0389023
2124 3.59846e+23 0.0394608
2123 3.85806e+23 0.0385982
2122 3.56783e+23 0.0388256
2121 3.69005e+23 0.0387582
2120 3.69951e+23 0.0413199
2119 4.53921e+23 0.0385564
2118 3.92274e+23 0.0401693
2117 4.19708e+23 0.0381795
2116 3.9311e+23 0.0389993
2115 4.13555e+23 0.0399519
2114 5.02098e+23 0.0383193
2113 3.35798e+23 0.0392259
2112 4.42346e+23 0.0384591
2111 4.62471e+23 0.0401319
2110 4.28786e+23 0.0389034
2109 3.30903e+23 0.0405218
2108 3.17494e+23 0.040154
2107 3.35505e+23 0.0409528
2106 3.62567e+23 0.0405946
2105 4.08302e+23 0.0405505
2104 3.93819e+23 0.0413326
2103 4.04347e+23 0.0394582
2102 3.4885e+23 0.0399019
2101 4.40174e+23 0.0399209
2100 3.84202e+23 0.0392663
2099 3.96031e+23 0.0399096
2098 3.8616e+23 0.040879
2097 4.6799e+23 0.0395161
2096 4.89282e+23 0.0402412
2095 3.5581e+23 0.039287
2094 4.19967e+23 0.0412043
2093 4.39373e+23 0.0417341
2092 3.22605e+23 0.0417101
2091 3.91857e+23 0.0381132
2090 3.52056e+23 0.0423257
2089 4.81538e+23 0.0398914
2088 3.58371e+23 0.0386871
2087 3.77012e+23 0.040267
2086 3.86219e+23 0.0392643
2085 4.35441e+23 0.0384219
2084 3.47172e+23 0.0401094
2083 4.15726e+23 0.0384292
2082 3.65398e+23 0.0389892
2081 3.76944e+23 0.0391658
2080 4.06481e+23 0.0396295
2079 3.63083e+23 0.0398481
2078 3.68609e+23 0.0412535
2077 3.35649e+23 0.0386355
2076 4.67579e+23 0.0400744
2075 3.68834e+23 0.0402433
2074 4.15179e+23 0.0397593
2073 3.46067e+23 0.039036
2072 4.73173e+23 0.041476
2071 4.22214e+23 0.0411537
2070 4.15765e+23 0.0403119
2069 3.50236e+23 0.0384583
2068 4.40656e+23 0.0407221
2067 4.00664e+23 0.0392368
2066 4.81462e+23 0.0412557
2065 3.23125e+23 0.0438692
2064 4.11692e+23 0.0410463
2063 4.26192e+23 0.0416426
2062 4.21816e+23 0.0413968
2061 3.55929e+23 0.041033
2060 3.42981e+23 0.0399424
2059 3.42773e+23 0.0394865
2058 3.33963e+23 0.0386671
2057 4.52669e+23 0.0421478
2056 4.20756e+23 0.0421451
2055 4.61991e+23 0.0408961
2054 3.37209e+23 0.0398468
2053 3.50358e+23 0.040474
2052 4.45515e+23 0.0393021
2051 3.84017e+23 0.0399084
2050 4.7059e+23 0.0427089
2049 4.44906e+23 0.0413089
2048 3.83581e+23 0.0400492
2047 3.69034e+23 0.0406426
2046 4.49708e+23 0.042582
2045 4.25978e+23 0.0397241
2044 4.67375e+23 0.040394
2043 3.36158e+23 0.0396116
2042 3.93509e+23 0.0421978
2041 3.53562e+23 0.040605
2040 4.72266e+23 0.0381613
2039 4.14943e+23 0.04209
2038 4.27425e+23 0.040803
2037 3.81509e+23 0.039626
2036 3.94009e+23 0.0416855
2035 4.74525e+23 0.0412966
2034 4.33434e+23 0.0417594
2033 3.43638e+23 0.0393948
2032 3.6359e+23 0.0428065
2031 3.76803e+23 0.0430905
2030 4.00568e+23 0.0406421
2029 5.09697e+23 0.0431309
2028 3.64969e+23 0.0398088
2027 4.39406e+23 0.0396085
2026 4.49159e+23 0.0416359
2025 4.89805e+23 0.0419988
2024 4.30875e+23 0.0419332
2023 3.52206e+23 0.0413142
2022 4.89115e+23 0.0416163
2021 3.76078e+23 0.0418831
2020 4.00959e+23 0.0414703
2019 3.65377e+23 0.0418241
2018 3.72027e+23 0.0415128
2017 4.03768e+23 0.0415361
2016 4.10015e+23 0.0415488
2015 3.53631e+23 0.043059
2014 4.22368e+23 0.0403239
2013 4.26071e+23 0.043137
2012 4.1328e+23 0.0414007
2011 3.63419e+23 0.0426918
2010 3.95312e+23 0.0438375
2009 4.89946e+23 0.042925
2008 4.81569e+23 0.0416385
2007 4.92257e+23 0.0415491
2006 4.90364e+23 0.0409768
2005 4.70521e+23 0.0412168
2004 3.51036e+23 0.0407451
2003 4.5485e+23 0.0425431
2002 3.55312e+23 0.0418418
2001 3.53255e+23 0.040212
2000 3.76152e+23 0.0430174
1999 3.93627e+23 0.0427277
1998 3.43858e+23 0.043223
1997 4.94258e+23 0.0430138
1996 4.2335e+23 0.042433
1995 4.52895e+23 0.0413116
1994 3.50014e+23 0.0409912
1993 4.05e+23 0.0407866
1992 3.38441e+23 0.0410198
1991 4.50125e+23 0.0427423
1990 4.28411e+23 0.0418653
1989 4.22826e+23 0.0429695
1988 3.46931e+23 0.0417948
1987 4.85566e+23 0.041382
1986 4.45413e+23 0.0414268
1985 3.17334e+23 0.0431252
1984 4.15736e+23 0.042661
1983 4.22852e+23 0.0420659
1982 3.88175e+23 0.0411094
1981 4.42755e+23 0.0412314
1980 4.23748e+23 0.0430207
1979 4.33062e+23 0.0435018
1978 3.30795e+23 0.0419753
1977 3.74123e+23 0.0432317
1976 3.62158e+23 0.0407819
1975 3.64893e+23 0.0392415
1974 5.00571e+23 0.0426575
1973 4.16322e+23 0.0430869
1972 3.75495e+23 0.0421239
1971 3.29236e+23 0.042728
1970 3.85518e+23 0.0451439
1969 3.45489e+23 0.043989
1968 3.50767e+23 0.0446779
1967 4.11665e+23 0.0432098
1966 3.62341e+23 0.0448511
1965 4.38183e+23 0.0428401
1964 4.82244e+23 0.0425669
1963 3.76703e+23 0.0418525
1962 3.26448e+23 0.0430898
1961 3.9443e+23 0.0430075
1960 3.86796e+23 0.0430669
1959 4.70002e+23 0.0427431
1958 4.4498e+23 0.0422245
1957 4.41913e+23 0.0420046
1956 5.20333e+23 0.0438023
1955 4.29249e+23 0.0429034
1954 3.83469e+23 0.0429332
1953 4.93916e+23 0.0453871
1952 4.5649e+23 0.0442248
1951 3.61372e+23 0.0434116
1950 4.06748e+23 0.0450916
1949 3.90732e+23 0.0441232
1948 4.28954e+23 0.0430052
1947 4.54558e+23 0.0438433
1946 3.32683e+23 0.0426218
1945 4.46772e+23 0.0436038
1944 3.28383e+23 0.0435607
1943 4.5916e+23 0.0427209
1942 4.39534e+23 0.0439899
1941 3.89162e+23 0.0442181
1940 4.00639e+23 0.0414471
1939 3.84007e+23 0.0431614
1938 3.69788e+23 0.0436044
1937 4.40143e+23 0.0462027
1936 4.18001e+23 0.0458992
1935 4.30185e+23 0.0450187
1934 3.6845e+23 0.0435553
1933 4.27438e+23 0.0441361
1932 4.28866e+23 0.0414117
1931 3.85937e+23 0.0427863
1930 4.70753e+23 0.046452
1929 3.86848e+23 0.0457439
1928 4.78259e+23 0.0452772
1927 4.43821e+23 0.0430292
1926 3.70179e+23 0.0443055
1925 4.92937e+23 0.0438351
1924 4.48948e+23 0.0424466
1923 3.47957e+23 0.0455983
1922 5.95961e+23 0.0451661
1921 3.66902e+23 0.0429764
1920 3.7905e+23 0.0441013
1919 4.13098e+23 0.0457425
1918 4.49252e+23 0.0433509
1917 4.51754e+23 0.0424781
1916 4.19259e+23 0.0439195
1915 4.18536e+23 0.0462662
1914 3.60073e+23 0.0470931
1913 4.58814e+23 0.042664
1912 3.7526e+23 0.0426637
1911 4.03135e+23 0.0438704
1910 4.95448e+23 0.0442275
1909 4.14295e+23 0.0467509
1908 5.07155e+23 0.0458135
1907 4.34007e+23 0.0461508
1906 5.05458e+23 0.0458401
1905 4.90485e+23 0.0451762
1904 3.85861e+23 0.0449042
1903 4.60875e+23 0.0457437
1902 4.58545e+23 0.0440642
1901 4.19111e+23 0.0441197
1900 4.21482e+23 0.044022
1899 4.35995e+23 0.0456653
1898 3.93113e+23 0.0452908
1897 3.8553e+23 0.046182
1896 4.78187e+23 0.0452437
1895 4.6218e+23 0.0446747
1894 4.44502e+23 0.0434641
1893 4.50917e+23 0.0454181
1892 4.36206e+23 0.0449403
1891 4.33877e+23 0.0462267
1890 4.27889e+23 0.0445755
1889 4.03919e+23 0.0463285
1888 4.1678e+23 0.0458529
1887 4.52402e+23 0.0433636
1886 5.10019e+23 0.0439047
1885 4.75626e+23 0.0445333
1884 4.27676e+23 0.0451624
1883 4.81813e+23 0.0466915
1882 4.48882e+23 0.0437448
1881 4.38239e+23 0.0454837
1880 4.20632e+23 0.0431856
1879 4.33101e+23 0.0452579
1878 4.21239e+23 0.0441861
1877 4.2494e+23 0.0469824
1876 4.28815e+23 0.0435702
1875 4.08605e+23 0.0464333
1874 5.03612e+23 0.0463844
1873 3.65934e+23 0.047416
1872 4.75612e+23 0.0465325
1871 4.31271e+23 0.0462826
1870 3.59102e+23 0.0459706
1869 3.97686e+23 0.0456208
1868 4.36816e+23 0.0457753
1867 4.68989e+23 0.0464144
1866 4.74122e+23 0.0435808
1865 4.68755e+23 0.0445963
1864 4.91305e+23 0.0435012
1863 4.05199e+23 0.0454254
1862 4.57048e+23 0.0454031
1861 5.70731e+23 0.0431355
1860 4.10991e+23 0.0465541
1859 4.9217e+23 0.0475599
1858 3.76997e+23 0.0467702
1857 4.10078e+23 0.0467272
1856 4.54009e+23 0.0442468
1855 4.86395e+23 0.0469347
1854 4.47548e+23 0.0483312
1853 4.97704e+23 0.0453188
1852 4.12415e+23 0.0475325
1851 4.56545e+23 0.0480925
1850 4.98497e+23 0.0439733
1849 4.15103e+23 0.044498
1848 4.78163e+23 0.0459577
1847 5.25057e+23 0.0455712
1846 4.26541e+23 0.0473092
1845 4.14603e+23 0.0451062
1844 4.49921e+23 0.0455357
1843 4.24242e+23 0.0456902
1842 4.81349e+23 0.0461397
1841 3.82838e+23 0.0483975
1840 4.60886e+23 0.0463337
1839 5.60983e+23 0.0465968
1838 4.32459e+23 0.0471305
1837 5.31605e+23 0.0474484
1836 3.80592e+23 0.0465471
1835 5.65771e+23 0.0452031
1834 3.88248e+23 0.0477688
1833 5.13742e+23 0.0488462
1832 4.06342e+23 0.0469434
1831 3.89712e+23 0.0452546
1830 4.18154e+23 0.0459178
1829 3.4856e+23 0.0471514
1828 5.39293e+23 0.0471526
1827 5.05405e+23 0.0478717
1826 4.67637e+23 0.0457255
1825 4.49249e+23 0.0465567
1824 5.31959e+23 0.047173
1823 4.60119e+23 0.04738
1822 5.45575e+23 0.0456561
1821 4.8591e+23 0.0462865
1820 4.86979e+23 0.0451926
1819 4.59675e+23 0.0452076
1818 4.34182e+23 0.0476603
1817 4.69486e+23 0.0489928
1816 4.64929e+23 0.0452769
1815 5.2452e+23 0.0452618
1814 3.71016e+23 0.0470615
1813 5.10862e+23 0.0473216
1812 4.92992e+23 0.0483244
1811 4.99074e+23 0.0481763
1810 4.7313e+23 0.0464707
1809 3.59385e+23 0.0467051
1808 3.98939e+23 0.0459725
1807 5.68157e+23 0.0477712
1806 5.05271e+23 0.0462515
1805 5.20105e+23 0.0465131
1804 4.31298e+23 0.0456176
1803 4.06721e+23 0.0505226
1802 4.42754e+23 0.0472931
1801 5.09306e+23 0.047378
1800 4.57244e+23 0.0474565
1799 4.87249e+23 0.0463629
1798 4.01952e+23 0.0471455
1797 4.34866e+23 0.0466134
1796 5.34979e+23 0.048236
1795 5.19222e+23 0.0467491
1794 4.57471e+23 0.0467552
1793 5.36199e+23 0.0480906
1792 3.95929e+23 0.0440108
1791 5.41491e+23 0.046795
1790 4.54327e+23 0.0508236
1789 4.68483e+23 0.0480042
1788 4.47652e+23 0.0464552
1787 5.01564e+23 0.0470334
1786 5.28862e+23 0.0460954
1785 4.37724e+23 0.0455091
1784 4.98547e+23 0.0466463
1783 5.3678e+23 0.0480328
1782 4.13245e+23 0.0476505
1781 4.52852e+23 0.0494378
1780 5.68932e+23 0.0489091
1779 5.54122e+23 0.0489409
1778 4.64277e+23 0.0498025
1777 4.63864e+23 0.0496794
1776 6.11062e+23 0.0498091
1775 4.60678e+23 0.0477557
1774 5.18487e+23 0.0489549
1773 4.21914e+23 0.0466264
1772 5.45399e+23 0.0492672
1771 5.11649e+23 0.0490364
1770 4.33111e+23 0.0489709
1769 4.44103e+23 0.0492787
1768 5.4554e+23 0.0479068
1767 5.39853e+23 0.0494967
1766 4.62567e+23 0.0497454
1765 4.6145e+23 0.0501473
1764 4.69517e+23 0.0498114
1763 6.54934e+23 0.0460472
1762 4.73101e+23 0.0477325
1761 5.11096e+23 0.0504298
1760 4.46447e+23 0.0495883
1759 4.23465e+23 0.0488875
1758 5.34166e+23 0.0484835
1757 4.96091e+23 0.0494572
1756 3.61657e+23 0.0476988
1755 3.99624e+23 0.0487153
1754 6.56601e+23 0.0503833
1753 5.82378e+23 0.0478521
1752 5.40548e+23 0.0497871
1751 6.9053e+23 0.0523206
1750 6.01464e+23 0.0486512
1749 4.91206e+23 0.0479596
1748 4.60268e+23 0.0500782
1747 4.37537e+23 0.0521195
1746 5.20707e+23 0.0487234
1745 4.4651e+23 0.0483592
1744 5.197e+23 0.04896
1743 4.78752e+23 0.0486909
1742 5.03713e+23 0.0482764
1741 6.24953e+23 0.0478262
1740 4.66592e+23 0.048883
1739 4.88209e+23 0.0496611
1738 4.96859e+23 0.0499758
1737 4.7376e+23 0.0496491
1736 5.15546e+23 0.052565
1735 4.84179e+23 0.0507854
1734 5.42447e+23 0.0494489
1733 4.60375e+23 0.0497752
1732 5.21324e+23 0.0495934
1731 5.60499e+23 0.0481357
1730 4.24232e+23 0.0519568
1729 5.54692e+23 0.051314
1728 4.86952e+23 0.0497442
1727 4.98592e+23 0.0490632
1726 4.93443e+23 0.0513869
1725 5.14123e+23 0.0523184
1724 5.73219e+23 0.0471484
1723 4.99217e+23 0.0488342
1722 4.69833e+23 0.0510705
1721 4.9682e+23 0.0484253
1720 4.70712e+23 0.0507711
1719 5.62795e+23 0.0493394
1718 4.99503e+23 0.0489223
1717 4.60644e+23 0.0526072
1716 5.28961e+23 0.0502346
1715 4.90137e+23 0.0513369
1714 5.32788e+23 0.0525255
1713 4.48389e+23 0.0490158
1712 4.37407e+23 0.0482339
1711 5.6445e+23 0.0508085
1710 5.03279e+23 0.0505927
1709 5.16057e+23 0.0519178
1708 4.34904e+23 0.049135
1707 5.70928e+23 0.0522196
1706 4.30773e+23 0.0497667
1705 5.60612e+23 0.0497008
1704 5.71855e+23 0.0501255
1703 4.49362e+23 0.0484063
1702 5.35292e+23 0.0495778
1701 5.87763e+23 0.051378
1700 4.47822e+23 0.0508462
1699 4.71346e+23 0.0505252
1698 4.20137e+23 0.0526625
1697 4.89049e+23 0.0518871
1696 4.46135e+23 0.0529012
1695 4.59982e+23 0.0517271
1694 5.27017e+23 0.0498613
1693 5.15966e+23 0.053395
1692 5.31741e+23 0.0487548
1691 4.38802e+23 0.0494742
1690 4.66745e+23 0.0514676
1689 4.14346e+23 0.0521035
1688 4.55831e+23 0.0516905
1687 4.66244e+23 0.0515102
1686 5.23893e+23 0.0512951
1685 5.51973e+23 0.048962
1684 5.15164e+23 0.0502687
1683 4.97913e+23 0.0510548
1682 5.11774e+23 0.0506102
1681 4.65106e+23 0.0495794
1680 3.94466e+23 0.0506763
1679 5.94601e+23 0.0500385
1678 5.16357e+23 0.0532871
1677 4.47326e+23 0.0522271
1676 5.21712e+23 0.0521431
1675 6.06027e+23 0.0528851
1674 5.0249e+23 0.0501248
1673 4.46521e+23 0.0526961
1672 5.92726e+23 0.0483809
1671 5.04836e+23 0.0531843
1670 4.82931e+23 0.0522631
1669 5.11373e+23 0.0534003
1668 4.89895e+23 0.0525637
1667 5.21929e+23 0.0528968
1666 4.7166e+23 0.0528622
1665 5.01949e+23 0.0532434
1664 5.62214e+23 0.0527205
1663 6.28921e+23 0.0516597
1662 5.01813e+23 0.0522075
1661 5.99104e+23 0.0511027
1660 5.7626e+23 0.0532087
1659 4.90842e+23 0.0516181
1658 5.42851e+23 0.0514248
1657 4.152e+23 0.0521685
1656 4.45799e+23 0.0528668
1655 5.32343e+23 0.0532719
1654 4.77274e+23 0.0535912
1653 5.4431e+23 0.0519809
1652 5.29582e+23 0.0534007
1651 5.16256e+23 0.0524244
1650 4.92796e+23 0.0534586
1649 5.21157e+23 0.0509272
1648 5.49806e+23 0.0534181
1647 4.5188e+23 0.0538672
1646 4.98771e+23 0.0539884
1645 5.10807e+23 0.0529627
1644 5.17822e+23 0.0504786
1643 5.57614e+23 0.0522624
1642 4.65679e+23 0.0534269
1641 5.31712e+23 0.0548314
1640 4.58897e+23 0.0541571
1639 5.31455e+23 0.0516254
1638 4.90378e+23 0.0530042
1637 5.92675e+23 0.0544686
1636 5.03309e+23 0.0526894
1635 5.37886e+23 0.0551023
1634 6.35187e+23 0.0536029
1633 4.19997e+23 0.052888
1632 5.693e+23 0.0532252
1631 4.98334e+23 0.0542974
1630 5.04726e+23 0.0546727
1629 5.30555e+23 0.056468
1628 5.80525e+23 0.0543436
1627 5.48671e+23 0.0519276
1626 4.90025e+23 0.0551665
1625 4.66895e+23 0.0537074
1624 4.93313e+23 0.0530773
1623 4.81904e+23 0.0536242
1622 4.99568e+23 0.0546528
1621 5.00733e+23 0.0524598
1620 5.43945e+23 0.0542713
1619 4.87716e+23 0.0528668
1618 6.08228e+23 0.0555481
1617 5.95348e+23 0.0526852
1616 4.86648e+23 0.0518187
1615 5.70994e+23 0.0528973
1614 4.90816e+23 0.0546179
1613 4.82427e+23 0.0558749
1612 5.56369e+23 0.0529731
1611 5.28668e+23 0.0544111
1610 5.89186e+23 0.0536045
1609 5.43744e+23 0.0544028
1608 7.21237e+23 0.055682
1607 5.80792e+23 0.0556613
1606 4.53391e+23 0.0529682
1605 5.61683e+23 0.0566904
1604 5.64394e+23 0.0539944
1603 5.92015e+23 0.0542858
1602 8.10932e+23 0.0545245
1601 5.35441e+23 0.0557066
1600 4.78155e+23 0.0542398
1599 4.79089e+23 0.0543692
1598 4.45519e+23 0.0540456
1597 5.61999e+23 0.0546642
1596 7.10528e+23 0.0539442
1595 6.45645e+23 0.0522889
1594 5.22833e+23 0.0535947
1593 5.5977e+23 0.0522428
1592 5.31763e+23 0.0553073
1591 4.58685e+23 0.0550748
1590 4.37623e+23 0.0551745
1589 5.71887e+23 0.0528614
1588 5.91372e+23 0.054999
1587 4.94176e+23 0.0548715
1586 5.37375e+23 0.0533398
1585 4.25517e+23 0.0554832
1584 5.63232e+23 0.0578913
1583 5.29208e+23 0.0549138
1582 5.45837e+23 0.0534938
1581 7.30019e+23 0.0557659
1580 5.74008e+23 0.0573683
1579 5.28562e+23 0.0539486
1578 5.40105e+23 0.0561109
1577 5.80149e+23 0.0566629
1576 4.54485e+23 0.0572556
1575 4.99527e+23 0.0553761
1574 6.20111e+23 0.0544425
1573 5.37275e+23 0.0568666
1572 5.63533e+23 0.0562266
1571 4.44413e+23 0.0543347
1570 5.89867e+23 0.0539916
1569 6.13353e+23 0.0540313
1568 5.40999e+23 0.0552634
1567 5.43642e+23 0.057828
1566 5.47131e+23 0.0551947
1565 6.13927e+23 0.0556599
1564 4.81467e+23 0.0564151
1563 6.44976e+23 0.0565318
1562 5.73779e+23 0.0555246
1561 6.23472e+23 0.0568503
1560 5.48032e+23 0.0584221
1559 5.95536e+23 0.0574136
1558 6.13604e+23 0.0550222
1557 5.38877e+23 0.0559965
1556 4.39127e+23 0.0563506
1555 5.96413e+23 0.0575551
1554 5.49313e+23 0.0565306
1553 5.02968e+23 0.0584818
1552 5.26048e+23 0.0581344
1551 5.91384e+23 0.0595163
1550 5.16395e+23 0.055097
1549 4.39537e+23 0.0571007
1548 5.99015e+23 0.0584906
1547 6.66201e+23 0.0564844
1546 5.46755e+23 0.0585934
1545 4.89138e+23 0.0588053
1544 6.76779e+23 0.0579062
1543 5.68496e+23 0.0555893
1542 5.51225e+23 0.0582957
1541 5.79717e+23 0.0597803
1540 5.6606e+23 0.0578177
1539 5.11464e+23 0.0566344
1538 5.57193e+23 0.057504
1537 4.92585e+23 0.0589695
1536 4.73089e+23 0.0558186
1535 5.57437e+23 0.0580492
1534 5.17989e+23 0.0568639
1533 5.39011e+23 0.0585226
1532 4.80864e+23 0.0579484
1531 5.32195e+23 0.0576708
1530 6.37472e+23 0.0555228
1529 5.33189e+23 0.0587965
1528 5.00026e+23 0.0575929
1527 6.42367e+23 0.0576498
1526 6.23672e+23 0.0581329
1525 6.24866e+23 0.0596648
1524 5.02892e+23 0.0577077
1523 6.79692e+23 0.0590178
1522 5.99726e+23 0.0597773
1521 5.50605e+23 0.0603517
1520 5.87832e+23 0.0591456
1519 5.60234e+23 0.0591888
1518 5.44453e+23 0.0593385
1517 5.98241e+23 0.0572093
1516 7.09978e+23 0.0587153
1515 4.35975e+23 0.0592413
1514 5.96541e+23 0.0596551
1513 5.90004e+23 0.056687
1512 5.26351e+23 0.0598349
1511 5.75903e+23 0.0578911
1510 8.02506e+23 0.0602183
1509 5.43334e+23 0.0601126
1508 6.44572e+23 0.0572913
1507 4.99863e+23 0.0618125
1506 6.27456e+23 0.0586457
1505 5.25829e+23 0.0590957
1504 5.44615e+23 0.0609369
1503 5.01669e+23 0.0575747
1502 5.03373e+23 0.0588017
1501 5.62325e+23 0.060061
1500 5.92495e+23 0.059038
1499 6.4364e+23 0.0579264
1498 5.06387e+23 0.0597732
1497 5.50682e+23 0.0599957
1496 5.91119e+23 0.0611342
1495 5.6308e+23 0.0589081
1494 6.40597e+23 0.0582268
1493 6.36321e+23 0.0606655
1492 5.36933e+23 0.0605946
1491 4.56059e+23 0.0592119
1490 5.21091e+23 0.0577881
1489 6.55444e+23 0.0615405
1488 5.13758e+23 0.0621901
1487 6.83275e+23 0.0602812
1486 6.08403e+23 0.06017
1485 5.75544e+23 0.0607479
1484 5.54777e+23 0.0612632
1483 5.6899e+23 0.0591307
1482 5.39957e+23 0.0595302
1481 5.62485e+23 0.0599676
1480 6.24412e+23 0.0604612
1479 5.80013e+23 0.0587211
1478 6.50992e+23 0.0596963
1477 5.78596e+23 0.059328
1476 5.93466e+23 0.0599502
1475 5.81202e+23 0.0607434
1474 6.91062e+23 0.0593883
1473 4.87275e+23 0.0637799
1472 5.35385e+23 0.063307
1471 6.51582e+23 0.0618011
1470 6.39702e+23 0.0598339
1469 6.45137e+23 0.0614463
1468 7.00354e+23 0.0602524
1467 4.69975e+23 0.0626967
1466 5.26267e+23 0.0614646
1465 6.18597e+23 0.0602207
1464 4.42938e+23 0.0626539
1463 5.92781e+23 0.0616693
1462 6.85652e+23 0.059966
1461 6.31163e+23 0.0609618
1460 5.47807e+23 0.0617227
1459 7.23539e+23 0.0615898
1458 6.34543e+23 0.0613979
1457 5.9782e+23 0.0601338
1456 5.50778e+23 0.0622741
1455 6.51406e+23 0.0612818
1454 5.85397e+23 0.0630686
1453 5.88214e+23 0.0611471
1452 6.77791e+23 0.0611041
1451 4.7836e+23 0.0591703
1450 5.65938e+23 0.0591122
1449 5.97562e+23 0.062577
1448 7.55663e+23 0.0618043
1447 5.57835e+23 0.0629426
1446 5.15999e+23 0.0603568
1445 5.87312e+23 0.0633609
1444 6.13911e+23 0.0619189
1443 5.52082e+23 0.0616787
1442 5.95099e+23 0.0626792
1441 5.2327e+23 0.0617653
1440 5.61675e+23 0.0627952
1439 5.416e+23 0.0621133
1438 5.52127e+23 0.0626404
1437 6.48237e+23 0.0627129
1436 5.67364e+23 0.0605489
1435 6.1236e+23 0.0635391
1434 6.57595e+23 0.0635241
1433 6.06084e+23 0.0610547
1432 6.62685e+23 0.0634101
1431 7.07879e+23 0.0637145
1430 5.59554e+23 0.0626121
1429 6.25562e+23 0.0619158
1428 4.26851e+23 0.0650184
1427 6.38719e+23 0.0632339
1426 5.43558e+23 0.0663371
1425 6.24525e+23 0.0612979
1424 4.82122e+23 0.0639072
1423 6.16969e+23 0.0638862
1422 6.46204e+23 0.062561
1421 6.86778e+23 0.0641422
1420 6.17984e+23 0.0614079
1419 5.90958e+23 0.0622027
1418 5.78974e+23 0.0672004
1417 5.32832e+23 0.0657685
1416 6.518e+23 0.0654978
1415 6.36361e+23 0.0617847
1414 5.83823e+23 0.0631146
1413 5.60433e+23 0.0637238
1412 6.36054e+23 0.0650388
1411 6.09887e+23 0.0634022
1410 5.0856e+23 0.0644088
1409 4.76497e+23 0.0621543
1408 5.99927e+23 0.0622187
1407 6.67556e+23 0.0639929
1406 7.55679e+23 0.0626995
1405 5.98423e+23 0.0642921
1404 7.01862e+23 0.0615497
1403 6.02872e+23 0.0645257
1402 5.73023e+23 0.0672942
1401 7.27221e+23 0.0641366
1400 5.60806e+23 0.0651873
1399 7.41801e+23 0.0655805
1398 4.90093e+23 0.0655778
1397 7.28967e+23 0.0656732
1396 8.01528e+23 0.0636695
1395 7.47197e+23 0.0619453
1394 7.78421e+23 0.0643543
1393 6.17289e+23 0.0655316
1392 8.35658e+23 0.0640774
1391 5.7869e+23 0.0641758
1390 5.53516e+23 0.0625631
1389 5.82465e+23 0.0628421
1388 5.92109e+23 0.0665623
1387 5.6674e+23 0.061939
1386 5.5096e+23 0.0631238
1385 6.93433e+23 0.0632457
1384 6.95566e+23 0.0665215
1383 6.29061e+23 0.0649577
1382 6.67095e+23 0.0654659
1381 7.40306e+23 0.0667594
1380 6.1761e+23 0.0652693
1379 5.9062e+23 0.0639231
1378 6.88073e+23 0.0624803
1377 7.15715e+23 0.0645879
1376 6.58792e+23 0.0658651
1375 6.16825e+23 0.0648471
1374 5.48426e+23 0.0646841
1373 6.13268e+23 0.06888
1372 6.36679e+23 0.0663881
1371 6.04752e+23 0.065862
1370 6.37016e+23 0.0663939
1369 6.92665e+23 0.0653524
1368 6.33587e+23 0.0667882
1367 6.92489e+23 0.0664264
1366 7.73124e+23 0.0641
1365 6.89766e+23 0.068404
1364 7.01298e+23 0.0666852
1363 6.11427e+23 0.0689175
1362 5.89108e+23 0.0676256
1361 6.28447e+23 0.0671645
1360 6.98259e+23 0.063393
1359 8.73977e+23 0.0653098
1358 6.92926e+23 0.0657824
1357 6.31524e+23 0.0674494
1356 5.33855e+23 0.0678699
1355 6.45685e+23 0.0704106
1354 7.12448e+23 0.0661201
1353 6.66264e+23 0.066707
1352 5.68396e+23 0.0661766
1351 5.00362e+23 0.0672925
1350 5.92149e+23 0.0652624
1349 5.53295e+23 0.0672632
1348 6.4904e+23 0.0678344
1347 6.51736e+23 0.0694255
1346 6.04717e+23 0.0689433
1345 5.723e+23 0.0683229
1344 6.27759e+23 0.0673286
1343 5.65363e+23 0.0674388
1342 6.70608e+23 0.0668292
1341 5.46739e+23 0.0665787
1340 7.59904e+23 0.0694916
1339 6.93505e+23 0.068185
1338 6.52011e+23 0.0680537
1337 6.39786e+23 0.0687721
1336 7.10822e+23 0.0664654
1335 5.40302e+23 0.0679901
1334 6.84406e+23 0.0670456
1333 6.73484e+23 0.0691005
1332 7.23383e+23 0.0673414
1331 7.57834e+23 0.0675094
1330 7.02592e+23 0.069477
1329 7.66856e+23 0.0678485
1328 5.92556e+23 0.0679975
1327 8.25363e+23 0.0695388
1326 5.76437e+23 0.0687392
1325 6.06343e+23 0.0676961
1324 5.9441e+23 0.068837
1323 6.09169e+23 0.0691739
1322 6.89394e+23 0.0712116
1321 6.6952e+23 0.0677949
1320 6.28314e+23 0.0685414
1319 7.58634e+23 0.0700056
1318 5.66924e+23 0.0694488
1317 6.29501e+23 0.0687566
1316 6.00952e+23 0.0712217
1315 6.89748e+23 0.0685128
1314 6.1233e+23 0.070776
1313 7.2918e+23 0.0725356
1312 6.81217e+23 0.0714539
1311 7.42982e+23 0.0713174
1310 7.06497e+23 0.0691596
1309 6.70007e+23 0.068413
1308 5.32702e+23 0.0696231
1307 6.64969e+23 0.0712804
1306 5.50484e+23 0.0724268
1305 7.15009e+23 0.0696276
1304 7.4406e+23 0.0703083
1303 6.63953e+23 0.0711249
1302 6.45202e+23 0.0700242
1301 5.87658e+23 0.0712846
1300 7.17293e+23 0.0714618
1299 6.0659e+23 0.0741075
1298 6.96762e+23 0.0695554
1297 7.17438e+23 0.0718124
1296 7.74188e+23 0.0718814
1295 8.05569e+23 0.0703828
1294 7.16236e+23 0.072508
1293 5.92541e+23 0.0731248
1292 6.92247e+23 0.0724205
1291 6.54481e+23 0.070149
1290 7.80048e+23 0.0710415
1289 6.64195e+23 0.0715493
1288 6.8844e+23 0.0732674
1287 5.95948e+23 0.0706469
1286 5.52406e+23 0.0688565
1285 7.50124e+23 0.0720231
1284 6.94612e+23 0.0730479
1283 7.19799e+23 0.0687654
1282 6.53858e+23 0.0704817
1281 7.05261e+23 0.0708391
1280 6.32227e+23 0.0712241
1279 7.88373e+23 0.0729679
1278 9.32545e+23 0.0724323
1277 6.413e+23 0.0719413
1276 6.48986e+23 0.0738004
1275 8.69742e+23 0.0725383
1274 8.65482e+23 0.0729592
1273 7.41878e+23 0.074529
1272 7.70017e+23 0.0696886
1271 6.50474e+23 0.0710308
1270 5.58877e+23 0.0729375
1269 7.48771e+23 0.0721009
1268 6.37532e+23 0.0708664
1267 6.97659e+23 0.0740445
1266 7.54656e+23 0.0721655
1265 8.53365e+23 0.0749718
1264 7.02145e+23 0.0715128
1263 7.13533e+23 0.0733497
1262 8.21151e+23 0.074971
1261 6.06127e+23 0.074189
1260 6.54381e+23 0.0729642
1259 6.67022e+23 0.0727863
1258 8.96383e+23 0.07268
1257 8.11012e+23 0.0755972
1256 8.85238e+23 0.0754843
1255 7.34535e+23 0.073149
1254 7.47039e+23 0.0728251
1253 7.32919e+23 0.0733193
1252 8.16006e+23 0.0749129
1251 7.31737e+23 0.0742536
1250 6.8928e+23 0.0739094
1249 6.61894e+23 0.0759065
1248 7.93585e+23 0.0724733
1247 8.76299e+23 0.0745551
1246 6.64934e+23 0.0745596
1245 6.14655e+23 0.0733053
1244 6.15439e+23 0.0745029
1243 7.26487e+23 0.0776403
1242 7.23802e+23 0.0770607
1241 5.99047e+23 0.0760629
1240 6.51281e+23 0.0742247
1239 7.40189e+23 0.0731216
1238 6.69109e+23 0.0747536
1237 5.95045e+23 0.0750076
1236 5.90628e+23 0.0740653
1235 7.06726e+23 0.0753881
1234 5.95992e+23 0.0760689
1233 8.66615e+23 0.0762314
1232 7.03284e+23 0.0739542
1231 7.51783e+23 0.0766094
1230 7.69924e+23 0.0754195
1229 5.73928e+23 0.0748805
1228 7.57399e+23 0.0785712
1227 8.62344e+23 0.0752991
1226 7.57647e+23 0.074294
1225 7.971e+23 0.0746812
1224 7.97961e+23 0.075271
1223 6.82027e+23 0.0771967
1222 7.8378e+23 0.0763812
1221 7.39356e+23 0.0761576
1220 8.85693e+23 0.0781848
1219 6.60142e+23 0.0741493
1218 7.83584e+23 0.0782391
1217 7.6409e+23 0.0763712
1216 8.84411e+23 0.0772933
1215 9.60699e+23 0.0755465
1214 6.63039e+23 0.07586
1213 8.04869e+23 0.0756521
1212 9.18969e+23 0.0792706
1211 6.38243e+23 0.0769194
1210 7.36093e+23 0.0793617
1209 7.63039e+23 0.0766474
1208 7.13882e+23 0.078882
1207 8.06842e+23 0.0788721
1206 7.65321e+23 0.0776789
1205 5.79751e+23 0.0786221
1204 8.52967e+23 0.0786383
1203 9.25057e+23 0.0784411
1202 1.10573e+24 0.0760547
1201 8.73782e+23 0.0782079
1200 8.09677e+23 0.0759931
1199 7.92803e+23 0.0764348
1198 7.96345e+23 0.0782462
1197 7.81616e+23 0.077887
1196 7.52245e+23 0.0764786
1195 6.89766e+23 0.0810322
1194 8.02573e+23 0.0805971
1193 7.05817e+23 0.0778717
1192 6.63357e+23 0.0783365
1191 6.2001e+23 0.0785987
1190 7.04115e+23 0.0775365
1189 8.34035e+23 0.0796855
1188 7.11316e+23 0.0805027
1187 8.6934e+23 0.0786069
1186 8.31678e+23 0.0776
1185 7.61686e+23 0.0777347
1184 7.77696e+23 0.0802433
1183 7.24475e+23 0.0793304
1182 8.28304e+23 0.0814909
1181 6.69306e+23 0.0785849
1180 7.18717e+23 0.0791829
1179 8.00758e+23 0.0791438
1178 8.39743e+23 0.0800099
1177 8.18685e+23 0.0813115
1176 7.37953e+23 0.0805183
1175 8.21064e+23 0.0812237
1174 8.69455e+23 0.080255
1173 8.23199e+23 0.0809415
1172 8.82494e+23 0.0803257
1171 9.99615e+23 0.0802912
1170 8.46043e+23 0.0802251
1169 8.6118e+23 0.0823203
1168 7.77421e+23 0.0817828
1167 7.21698e+23 0.0795791
1166 7.996e+23 0.0813015
1165 7.5873e+23 0.0817623
1164 7.45168e+23 0.0836038
1163 7.36663e+23 0.0807497
1162 8.43492e+23 0.0787225
1161 7.51685e+23 0.0820674
1160 8.20239e+23 0.0821529
1159 8.04301e+23 0.0809105
1158 8.01801e+23 0.0817116
1157 9.07006e+23 0.0817745
1156 7.81613e+23 0.0837914
1155 7.9545e+23 0.0804591
1154 9.12296e+23 0.0803807
1153 8.39967e+23 0.0824194
1152 8.68782e+23 0.0841709
1151 9.67753e+23 0.0814971
1150 7.84531e+23 0.0818977
1149 1.05853e+24 0.0831634
1148 7.52982e+23 0.0818511
1147 9.13467e+23 0.0840031
1146 9.04562e+23 0.081699
1145 8.37447e+23 0.0835328
1144 8.54774e+23 0.0828562
1143 9.12348e+23 0.0865407
1142 8.42584e+23 0.0852784
1141 8.18723e+23 0.084271
1140 8.75055e+23 0.0844869
1139 7.14578e+23 0.0812382
1138 7.44794e+23 0.0827933
1137 8.02133e+23 0.0821302
1136 7.66961e+23 0.0841486
1135 7.15054e+23 0.0848863
1134 7.17544e+23 0.0859423
1133 8.01065e+23 0.082168
1132 1.00552e+24 0.0830579
1131 9.66691e+23 0.0825006
1130 8.0995e+23 0.0830701
1129 8.25e+23 0.0860046
1128 7.90699e+23 0.0840891
1127 9.05925e+23 0.0830511
1126 8.91431e+23 0.0822062
1125 6.5168e+23 0.0852846
1124 9.24978e+23 0.0851132
1123 8.10942e+23 0.087361
1122 8.3347e+23 0.0841768
1121 7.72771e+23 0.086486
1120 9.34734e+23 0.0864905
1119 9.65115e+23 0.0869323
1118 7.54387e+23 0.086223
1117 7.88886e+23 0.0876686
1116 7.94547e+23 0.0862031
1115 8.74708e+23 0.0825972
1114 1.07093e+24 0.0862145
1113 9.10601e+23 0.0844943
1112 7.05903e+23 0.0868552
1111 9.5803e+23 0.0849391
1110 8.78709e+23 0.0869795
1109 8.58699e+23 0.0879132
1108 1.01866e+24 0.0852869
1107 9.20541e+23 0.0881791
1106 7.30316e+23 0.0841197
1105 8.44878e+23 0.0853476
1104 8.00055e+23 0.0877291
1103 7.51849e+23 0.0875489
1102 8.68955e+23 0.0856763
1101 8.4645e+23 0.0857465
1100 8.80494e+23 0.0883139
1099 7.64703e+23 0.0862155
1098 8.91744e+23 0.0872715
1097 7.78018e+23 0.087513
1096 9.23755e+23 0.0888422
1095 1.03608e+24 0.0891401
1094 7.21533e+23 0.0863745
1093 8.15996e+23 0.0864133
1092 8.05235e+23 0.087139
1091 8.95475e+23 0.0884838
1090 8.09618e+23 0.0855215
1089 9.23513e+23 0.0903506
1088 8.57246e+23 0.0874018
1087 1.09404e+24 0.0875662
1086 8.62028e+23 0.0890064
1085 9.10816e+23 0.09074
1084 7.8312e+23 0.0895047
1083 9.65681e+23 0.0893054
1082 7.35212e+23 0.0878709
1081 9.2053e+23 0.0894082
1080 9.76297e+23 0.0891562
1079 7.2774e+23 0.0898345
1078 8.39981e+23 0.0900295
1077 9.20535e+23 0.0877261
1076 1.06188e+24 0.0898991
1075 8.45232e+23 0.0909004
1074 6.40247e+23 0.0888788
1073 7.18733e+23 0.0863074
1072 7.25133e+23 0.0874421
1071 6.96951e+23 0.0888895
1070 8.40258e+23 0.089884
1069 9.72527e+23 0.0889063
1068 7.18215e+23 0.0917061
1067 9.48763e+23 0.0906166
1066 8.43737e+23 0.0883024
1065 9.81648e+23 0.0891046
1064 9.62156e+23 0.0893874
1063 8.37297e+23 0.0911824
1062 9.18039e+23 0.0906446
1061 8.57101e+23 0.0940423
1060 8.7095e+23 0.09002
1059 8.07963e+23 0.0930321
1058 7.66571e+23 0.0911535
1057 7.06882e+23 0.0901417
1056 8.2356e+23 0.0924774
1055 8.47062e+23 0.0918863
1054 8.23242e+23 0.0897223
1053 9.117e+23 0.0933158
1052 9.4579e+23 0.0930289
1051 8.76866e+23 0.0944125
1050 1.02735e+24 0.0921809
1049 8.60087e+23 0.0936404
1048 7.38775e+23 0.0896671
1047 9.94951e+23 0.092879
1046 9.57571e+23 0.0918985
1045 8.72462e+23 0.0925097
1044 8.15816e+23 0.0943496
1043 1.00907e+24 0.0927281
1042 1.17367e+24 0.094775
1041 1.0065e+24 0.0938585
1040 9.71719e+23 0.0917423
1039 9.30577e+23 0.094176
1038 8.88631e+23 0.0937698
1037 8.46779e+23 0.0927473
1036 9.02605e+23 0.0942078
1035 8.6507e+23 0.0930782
1034 7.28758e+23 0.0955343
1033 6.98976e+23 0.094201
1032 9.7636e+23 0.0959994
1031 8.18427e+23 0.0949169
1030 9.81685e+23 0.0934587
1029 8.72872e+23 0.0940735
1028 9.60735e+23 0.0948489
1027 9.32563e+23 0.0986552
1026 9.74202e+23 0.095016
1025 1.0312e+24 0.0963539
1024 8.85934e+23 0.0963814
1023 9.8476e+23 0.0959773
1022 7.02791e+23 0.0955835
1021 8.54948e+23 0.0991901
1020 9.31202e+23 0.0945492
1019 1.02514e+24 0.0969038
1018 9.2815e+23 0.0935872
1017 9.34388e+23 0.0972282
1016 1.06767e+24 0.0947911
1015 1.02412e+24 0.0954616
1014 7.9787e+23 0.0984977
1013 9.32304e+23 0.0970747
1012 9.11236e+23 0.098
1011 8.22171e+23 0.0978492
1010 9.85047e+23 0.0977643
1009 9.02079e+23 0.0981957
1008 8.56285e+23 0.0993824
1007 9.36455e+23 0.0977995
1006 1.02046e+24 0.0991449
1005 9.07257e+23 0.0969811
1004 8.04283e+23 0.0996209
1003 9.1931e+23 0.0981173
1002 1.14521e+24 0.0961337
1001 8.64519e+23 0.0990455
1000 8.93048e+23 0.0982762
999 8.56152e+23 0.101134
998 8.84419e+23 0.0981607
997 1.06567e+24 0.100437
996 1.09773e+24 0.0982878
995 8.77705e+23 0.099601
994 9.97682e+23 0.0993237
993 9.02184e+23 0.0985746
992 9.81128e+23 0.0987106
991 1.0382e+24 0.100111
990 9.23937e+23 0.0999418
989 9.40932e+23 0.100434
988 1.06903e+24 0.100094
987 8.13532e+23 0.0986445
986 8.45555e+23 0.101077
985 7.45636e+23 0.100659
984 8.19989e+23 0.101202
983 1.25174e+24 0.100341
982 9.61115e+23 0.102375
981 9.62731e+23 0.101253
980 1.04734e+24 0.102661
979 1.15343e+24 0.101
978 1.07642e+24 0.102116
977 8.89744e+23 0.102438
976 9.56922e+23 0.10235
975 1.09106e+24 0.101501
974 9.61736e+23 0.101384
973 9.88049e+23 0.102619
972 1.10508e+24 0.102644
971 8.49102e+23 0.103988
970 1.06875e+24 0.105241
969 1.13481e+24 0.104053
968 9.84693e+23 0.102366
967 9.96253e+23 0.102434
966 7.89945e+23 0.103157
965 1.14319e+24 0.100922
964 1.15412e+24 0.101357
963 1.0759e+24 0.104886
962 1.082e+24 0.103581
961 8.46911e+23 0.10203
960 1.1952e+24 0.103428
959 9.50626e+23 0.10316
958 9.42136e+23 0.108119
957 1.10281e+24 0.103961
956 7.61731e+23 0.105916
955 1.03667e+24 0.101489
954 7.44998e+23 0.106979
953 1.06109e+24 0.104566
952 1.12026e+24 0.106773
951 1.03347e+24 0.108487
950 1.17846e+24 0.104119
949 1.29455e+24 0.106097
948 1.12755e+24 0.105403
947 8.9959e+23 0.106283
946 1.03426e+24 0.104349
945 1.036e+24 0.109283
944 1.3274e+24 0.107087
943 1.04247e+24 0.103987
942 1.08918e+24 0.104893
941 1.02996e+24 0.106292
940 9.70774e+23 0.109511
939 8.93344e+23 0.107235
938 8.65783e+23 0.106318
937 1.1899e+24 0.107395
936 1.28214e+24 0.10912
935 9.32419e+23 0.108589
934 9.794e+23 0.106486
933 9.94787e+23 0.1067
932 1.12839e+24 0.108983
931 1.24879e+24 0.110233
930 1.00482e+24 0.109433
929 1.10216e+24 0.107493
928 9.8345e+23 0.107828
927 9.93771e+23 0.110909
926 1.02306e+24 0.110838
925 9.59336e+23 0.108969
924 1.2316e+24 0.111189
923 8.15152e+23 0.111017
922 8.41317e+23 0.10849
921 1.14196e+24 0.110241
920 1.33612e+24 0.110468
919 1.20565e+24 0.112172
918 7.85628e+23 0.111852
917 1.22596e+24 0.110432
916 1.09866e+24 0.11235
915 1.08375e+24 0.108809
914 1.07238e+24 0.111492
913 1.12682e+24 0.114023
912 1.13241e+24 0.114555
911 9.43641e+23 0.112352
910 1.15265e+24 0.110955
909 1.08689e+24 0.112653
908 1.04219e+24 0.113424
907 9.9115e+23 0.110963
906 8.81294e+23 0.11025
905 9.49363e+23 0.112637
904 9.76439e+23 0.112965
903 9.40795e+23 0.111186
902 1.03053e+24 0.114633
901 1.30589e+24 0.114367
900 1.0378e+24 0.113251
899 1.04686e+24 0.115896
898 1.05427e+24 0.114409
897 1.18854e+24 0.117355
896 1.26721e+24 0.113617
895 9.32207e+23 0.112805
894 1.45979e+24 0.112479
893 1.1873e+24 0.112361
892 1.49648e+24 0.115191
891 1.4869e+24 0.116447
890 1.02418e+24 0.115536
889 1.18458e+24 0.116319
888 1.13588e+24 0.114274
887 1.06625e+24 0.111742
886 9.27813e+23 0.115771
885 1.02578e+24 0.11663
884 1.18405e+24 0.116234
883 8.39431e+23 0.11671
882 9.42818e+23 0.118624
881 1.08654e+24 0.117596
880 1.04021e+24 0.116586
879 1.15586e+24 0.116738
878 1.05169e+24 0.119224
877 1.13573e+24 0.118682
876 1.66335e+24 0.119858
875 1.17743e+24 0.118316
874 9.28581e+23 0.118913
873 1.0395e+24 0.118343
872 1.07249e+24 0.117417
871 1.25976e+24 0.121956
870 1.0418e+24 0.115757
869 1.14858e+24 0.119731
868 1.16411e+24 0.120355
867 1.14533e+24 0.117095
866 1.14515e+24 0.120519
865 1.03902e+24 0.118439
864 1.10854e+24 0.119255
863 9.62267e+23 0.11995
862 1.39731e+24 0.117266
861 1.13188e+24 0.12264
860 1.27535e+24 0.121699
859 1.13216e+24 0.120993
858 1.40594e+24 0.122459
857 1.07491e+24 0.121411
856 1.10183e+24 0.12355
855 1.00873e+24 0.121676
854 1.35969e+24 0.123194
853 1.486e+24 0.120147
852 1.09445e+24 0.120305
851 9.9982e+23 0.125017
850 1.23909e+24 0.123207
849 1.09843e+24 0.124128
848 1.09932e+24 0.12591
847 8.59513e+23 0.124326
846 1.4556e+24 0.123997
845 1.02876e+24 0.128335
844 1.37691e+24 0.12353
843 1.25632e+24 0.124809
842 1.48934e+24 0.125332
841 1.06775e+24 0.127872
840 9.53832e+23 0.124886
839 1.32879e+24 0.125482
838 1.32212e+24 0.126819
837 1.09692e+24 0.122096
836 1.14623e+24 0.127561
835 1.16586e+24 0.126304
834 1.45171e+24 0.126113
833 1.40787e+24 0.128267
832 1.23581e+24 0.126635
831 1.01568e+24 0.12553
830 1.48435e+24 0.126631
829 1.48103e+24 0.12789
828 9.94087e+23 0.130063
827 1.40524e+24 0.126732
826 1.1753e+24 0.128426
825 1.36046e+24 0.129277
824 1.03125e+24 0.129215
823 1.23038e+24 0.130895
822 1.38797e+24 0.128138
821 1.48017e+24 0.128501
820 1.10553e+24 0.127348
819 1.13609e+24 0.131781
818 1.319e+24 0.128169
817 1.28689e+24 0.129503
816 1.76087e+24 0.12995
815 1.33019e+24 0.130211
814 1.41334e+24 0.130499
813 1.19394e+24 0.131971
812 1.28705e+24 0.131079
811 1.29164e+24 0.130333
810 1.12265e+24 0.133125
809 9.24238e+23 0.133333
808 1.37626e+24 0.128148
807 1.55975e+24 0.131757
806 1.24968e+24 0.133389
805 1.50706e+24 0.132359
804 1.52612e+24 0.136956
803 1.27639e+24 0.133219
802 1.48216e+24 0.134598
801 1.11694e+24 0.132326
800 1.43735e+24 0.134305
799 1.05023e+24 0.132602
798 1.34096e+24 0.133509
797 1.38931e+24 0.135846
796 1.48706e+24 0.13328
795 1.35383e+24 0.135077
794 1.23065e+24 0.134895
793 1.14888e+24 0.133148
792 1.3886e+24 0.13696
791 1.14713e+24 0.136828
790 1.09317e+24 0.134914
789 1.3489e+24 0.136274
788 1.30418e+24 0.140217
787 1.14811e+24 0.138481
786 1.11254e+24 0.138383
785 1.18301e+24 0.137782
784 1.02053e+24 0.136744
783 1.35359e+24 0.138256
782 1.7674e+24 0.13877
781 1.30295e+24 0.14246
780 1.29739e+24 0.137303
779 1.06243e+24 0.138658
778 1.34991e+24 0.136489
777 1.34827e+24 0.143347
776 1.37208e+24 0.141242
775 9.73747e+23 0.141132
774 1.76672e+24 0.139875
773 1.31341e+24 0.142057
772 1.33961e+24 0.139763
771 1.43698e+24 0.140498
770 1.12719e+24 0.141699
769 1.2599e+24 0.140678
768 1.41171e+24 0.140209
767 1.35047e+24 0.14233
766 1.21897e+24 0.139713
765 1.53122e+24 0.142433
764 1.34493e+24 0.139822
763 1.29577e+24 0.142676
762 1.83791e+24 0.141259
761 1.26882e+24 0.143517
760 1.31653e+24 0.140789
759 1.33479e+24 0.142798
758 1.25342e+24 0.146154
757 1.31493e+24 0.143403
756 1.39022e+24 0.146081
755 1.2181e+24 0.146997
754 1.2858e+24 0.145802
753 1.37824e+24 0.144822
752 1.5107e+24 0.149431
751 1.46315e+24 0.147566
750 1.48374e+24 0.146066
749 1.30782e+24 0.14688
748 1.51692e+24 0.146564
747 1.55378e+24 0.144056
746 1.25298e+24 0.15076
745 1.76497e+24 0.148714
744 1.52641e+24 0.14658
743 1.25992e+24 0.150725
742 1.63782e+24 0.150465
741 1.44396e+24 0.147975
740 1.51769e+24 0.148121
739 1.59639e+24 0.153485
738 1.20456e+24 0.153695
737 1.60616e+24 0.151442
736 1.31377e+24 0.151349
735 1.45066e+24 0.153897
734 1.29179e+24 0.150836
733 1.85753e+24 0.152531
732 1.25554e+24 0.151917
731 1.45133e+24 0.148805
730 1.29145e+24 0.152771
729 1.41195e+24 0.151189
728 1.93011e+24 0.152822
727 1.59771e+24 0.151862
726 1.15602e+24 0.153648
725 1.6704e+24 0.15583
724 1.80787e+24 0.15289
723 1.54063e+24 0.157731
722 1.33574e+24 0.153536
721 1.881e+24 0.152895
720 1.71409e+24 0.154251
719 1.54758e+24 0.155368
718 1.26639e+24 0.159666
717 1.34524e+24 0.156792
716 1.89261e+24 0.157312
715 1.4972e+24 0.156507
714 1.47423e+24 0.160172
713 1.78082e+24 0.159009
712 1.40149e+24 0.159705
711 1.52334e+24 0.157261
710 1.70563e+24 0.158966
709 1.70191e+24 0.158715
708 1.71797e+24 0.15633
707 2.13789e+24 0.159859
706 2.02133e+24 0.162305
705 1.48623e+24 0.159787
704 1.30226e+24 0.161369
703 1.84994e+24 0.161935
702 1.57443e+24 0.16468
701 1.47234e+24 0.164748
700 1.57524e+24 0.165035
699 1.57703e+24 0.165599
698 1.61178e+24 0.1618
697 1.58805e+24 0.163891
696 1.51262e+24 0.164373
695 1.48582e+24 0.167118
694 1.59721e+24 0.16392
693 1.65094e+24 0.163934
692 1.46957e+24 0.166978
691 1.75675e+24 0.167235
690 1.37025e+24 0.167879
689 1.735e+24 0.166583
688 1.49501e+24 0.169369
687 1.61376e+24 0.167455
686 1.77407e+24 0.16756
685 1.63959e+24 0.16597
684 1.56855e+24 0.167845
683 1.55328e+24 0.170446
682 1.57187e+24 0.17104
681 1.28189e+24 0.169002
680 1.7324e+24 0.172614
679 1.35912e+24 0.171914
678 1.85533e+24 0.169552
677 1.77786e+24 0.168798
676 1.55685e+24 0.169406
675 1.85124e+24 0.173324
674 1.86109e+24 0.171667
673 1.26754e+24 0.170411
672 1.67223e+24 0.172549
671 1.67178e+24 0.172045
670 1.9767e+24 0.174696
669 1.89704e+24 0.175627
668 2.0737e+24 0.172785
667 1.73536e+24 0.177317
666 1.04003e+24 0.176324
665 1.85494e+24 0.177139
664 1.84577e+24 0.177754
663 1.83628e+24 0.172381
662 1.50102e+24 0.17604
661 1.84893e+24 0.177214
660 1.30532e+24 0.174886
659 1.55484e+24 0.175513
658 1.49481e+24 0.177032
657 1.50121e+24 0.180513
656 1.84247e+24 0.178895
655 1.96249e+24 0.18254
654 1.56168e+24 0.17983
653 1.33477e+24 0.180048
652 1.66447e+24 0.184603
651 1.34745e+24 0.183544
650 1.42284e+24 0.180416
649 1.49661e+24 0.180868
648 1.66657e+24 0.18424
647 1.75573e+24 0.18475
646 1.49784e+24 0.184107
645 1.36957e+24 0.184676
644 2.00597e+24 0.186655
643 1.5013e+24 0.183147
642 1.66765e+24 0.188264
641 1.71307e+24 0.18508
640 1.92313e+24 0.18577
639 1.29955e+24 0.186361
638 1.58134e+24 0.184419
637 1.51731e+24 0.189026
636 2.29198e+24 0.189671
635 1.94901e+24 0.19042
634 1.70451e+24 0.190715
633 1.53383e+24 0.191242
632 1.79229e+24 0.191575
631 1.56582e+24 0.190899
630 2.43992e+24 0.19285
629 1.79197e+24 0.191592
628 1.92553e+24 0.192258
627 1.68042e+24 0.192508
626 1.91768e+24 0.193302
625 1.8837e+24 0.193949
624 1.95168e+24 0.193579
623 1.9208e+24 0.195498
622 1.8486e+24 0.195951
621 2.29125e+24 0.198037
620 2.16852e+24 0.198038
619 1.8078e+24 0.199819
618 2.77206e+24 0.197733
617 1.70467e+24 0.198075
616 1.54899e+24 0.198724
615 2.21883e+24 0.197091
614 1.5781e+24 0.200787
613 1.99629e+24 0.198005
612 1.80419e+24 0.200113
611 1.95593e+24 0.201761
610 2.18143e+24 0.200151
609 1.64809e+24 0.200301
608 1.59294e+24 0.201695
607 2.48403e+24 0.201841
606 2.2615e+24 0.204524
605 1.85305e+24 0.204206
604 2.46683e+24 0.20511
603 2.52014e+24 0.203683
602 2.46529e+24 0.203145
601 2.07112e+24 0.205781
600 1.87461e+24 0.208274
599 1.73435e+24 0.208591
598 2.09088e+24 0.207013
597 1.74457e+24 0.208294
596 1.85879e+24 0.209357
595 2.18091e+24 0.208239
594 2.47564e+24 0.210889
593 1.36918e+24 0.211458
592 2.12454e+24 0.213013
591 1.6959e+24 0.213092
590 2.12386e+24 0.213181
589 2.22403e+24 0.211993
588 2.22899e+24 0.212251
587 1.64515e+24 0.209715
586 2.61611e+24 0.212377
585 1.80288e+24 0.214616
584 2.41112e+24 0.220238
583 2.18992e+24 0.216722
582 2.42109e+24 0.217962
581 1.85168e+24 0.219237
580 2.21152e+24 0.21817
579 2.43597e+24 0.215809
578 1.65624e+24 0.220466
577 1.87481e+24 0.218869
576 1.9223e+24 0.219999
575 1.69523e+24 0.218358
574 1.85783e+24 0.223766
573 2.15213e+24 0.223541
572 1.86198e+24 0.221778
571 2.58293e+24 0.222368
570 1.9246e+24 0.223206
569 1.78287e+24 0.225256
568 2.31232e+24 0.226809
567 1.89482e+24 0.225103
566 2.37188e+24 0.224744
565 2.2085e+24 0.226834
564 2.34219e+24 0.225033
563 1.7575e+24 0.226496
562 2.41464e+24 0.227535
561 1.88462e+24 0.227466
560 2.11899e+24 0.228084
559 1.94273e+24 0.228395
558 1.61481e+24 0.229542
557 1.95118e+24 0.233398
556 2.55357e+24 0.23347
555 1.69462e+24 0.232481
554 2.15148e+24 0.235934
553 2.16394e+24 0.233557
552 1.64711e+24 0.232701
551 2.20333e+24 0.23544
550 1.72455e+24 0.234965
549 2.17712e+24 0.231557
548 2.27996e+24 0.239147
547 2.00055e+24 0.239645
546 1.92475e+24 0.241495
545 2.28574e+24 0.238484
544 2.34136e+24 0.240888
543 2.1118e+24 0.24237
542 3.01739e+24 0.24848
541 2.4317e+24 0.243708
540 2.54038e+24 0.241018
539 2.39464e+24 0.247723
538 2.10917e+24 0.243026
537 2.09781e+24 0.247622
536 2.98578e+24 0.246589
535 2.73315e+24 0.249932
534 2.39673e+24 0.24918
533 2.93106e+24 0.249534
532 2.59873e+24 0.249401
531 1.78454e+24 0.252982
530 2.01345e+24 0.25223
529 2.43751e+24 0.252851
528 2.40111e+24 0.254836
527 2.40151e+24 0.255981
526 1.89785e+24 0.256852
525 2.03051e+24 0.258553
524 2.11617e+24 0.26078
523 2.28537e+24 0.257105
522 2.27041e+24 0.255548
521 2.69114e+24 0.261429
520 2.95765e+24 0.259613
519 2.37468e+24 0.262933
518 2.38106e+24 0.260795
517 2.70641e+24 0.260669
516 2.26741e+24 0.261526
515 2.85022e+24 0.265974
514 2.28851e+24 0.269297
513 2.3862e+24 0.262393
512 1.84195e+24 0.26534
511 2.22854e+24 0.269829
510 2.10637e+24 0.267271
509 2.61839e+24 0.27018
508 2.30364e+24 0.269819
507 2.07432e+24 0.271743
506 2.30139e+24 0.271724
505 2.31849e+24 0.276131
504 2.2265e+24 0.276227
503 2.94651e+24 0.276015
502 2.71475e+24 0.280009
501 2.1683e+24 0.27612
500 2.14064e+24 0.279608
499 1.96014e+24 0.279371
498 2.47481e+24 0.278032
497 2.12069e+24 0.281592
496 2.39145e+24 0.283106
495 2.36615e+24 0.283671
494 2.44985e+24 0.281896
493 2.44883e+24 0.279308
492 2.27087e+24 0.282611
491 1.99869e+24 0.289252
490 2.96422e+24 0.289939
489 2.54211e+24 0.290022
488 2.21218e+24 0.284913
487 1.81988e+24 0.288944
486 2.45698e+24 0.29132
485 3.30978e+24 0.291097
484 2.70706e+24 0.294665
483 2.13616e+24 0.293507
482 3.67981e+24 0.296085
481 2.29127e+24 0.29935
480 2.26669e+24 0.296446
479 2.12246e+24 0.297601
478 3.0137e+24 0.30373
477 2.65679e+24 0.304134
476 2.17316e+24 0.298949
475 2.19249e+24 0.301876
474 3.13544e+24 0.303003
473 2.60847e+24 0.308544
472 3.12352e+24 0.303412
471 3.15423e+24 0.307749
470 2.73064e+24 0.303015
469 2.29612e+24 0.312394
468 3.7863e+24 0.312012
467 3.10351e+24 0.3103
466 1.87758e+24 0.311795
465 2.56391e+24 0.315962
464 2.66415e+24 0.319189
463 2.6518e+24 0.321184
462 2.84784e+24 0.318063
461 1.78485e+24 0.319782
460 3.5764e+24 0.317669
459 2.10228e+24 0.320586
458 2.39838e+24 0.316417
457 3.20299e+24 0.326209
456 2.4056e+24 0.322178
455 2.87488e+24 0.325675
454 3.57702e+24 0.326026
453 3.03701e+24 0.326257
452 2.5899e+24 0.328558
451 2.55332e+24 0.329194
450 2.77122e+24 0.337354
449 2.96765e+24 0.335434
448 2.48996e+24 0.331906
447 2.21711e+24 0.336141
446 1.82446e+24 0.340241
445 2.80159e+24 0.341224
444 2.70742e+24 0.336274
443 3.19373e+24 0.339365
442 3.36731e+24 0.342674
441 3.30643e+24 0.347159
440 3.69989e+24 0.339519
439 2.71027e+24 0.346889
438 3.34475e+24 0.346934
437 2.50163e+24 0.349196
436 3.38344e+24 0.352563
435 2.81584e+24 0.349899
434 3.24327e+24 0.353288
433 3.28327e+24 0.354902
432 2.91995e+24 0.355846
431 3.58534e+24 0.360726
430 2.48316e+24 0.362793
429 3.86916e+24 0.360823
428 3.0069e+24 0.362916
427 3.71088e+24 0.367606
426 1.95474e+24 0.370763
425 2.65774e+24 0.368812
424 3.04368e+24 0.37222
423 2.0257e+24 0.370001
422 2.66134e+24 0.370381
421 2.67985e+24 0.372606
420 3.54154e+24 0.373186
419 2.91127e+24 0.378171
418 3.52345e+24 0.37803
417 3.77743e+24 0.375695
416 3.51246e+24 0.379099
415 2.46619e+24 0.384318
414 2.99064e+24 0.386044
413 3.71965e+24 0.385151
412 3.24347e+24 0.388331
411 2.7603e+24 0.387371
410 2.38978e+24 0.38869
409 2.97957e+24 0.393756
408 3.2717e+24 0.395872
407 4.03066e+24 0.397479
406 3.33391e+24 0.399541
405 3.80954e+24 0.396983
404 4.04687e+24 0.40013
403 2.57055e+24 0.402101
402 2.8331e+24 0.406021
401 2.68991e+24 0.407378
400 2.22623e+24 0.408131
399 3.96189e+24 0.407465
398 3.31821e+24 0.411635
397 3.4973e+24 0.412864
396 2.74038e+24 0.410865
395 3.16137e+24 0.415893
394 3.10962e+24 0.417614
393 3.83864e+24 0.42502
392 3.97045e+24 0.422437
391 3.29886e+24 0.423836
390 2.79134e+24 0.422199
389 2.83462e+24 0.42662
388 3.03174e+24 0.430409
387 3.5326e+24 0.431798
386 4.09109e+24 0.435145
385 3.3936e+24 0.437291
384 3.90272e+24 0.439153
383 2.75996e+24 0.438647
382 2.31642e+24 0.441803
381 3.0903e+24 0.444387
380 2.61633e+24 0.447096
379 3.68819e+24 0.448504
378 3.73729e+24 0.451349
377 4.25584e+24 0.447974
376 3.63858e+24 0.451308
375 3.14949e+24 0.453883
374 3.58355e+24 0.453986
373 3.01061e+24 0.461694
372 3.06236e+24 0.455446
371 2.84055e+24 0.461274
370 2.98229e+24 0.466621
369 3.77611e+24 0.472556
368 3.71704e+24 0.472639
367 2.34005e+24 0.474663
366 3.87866e+24 0.475287
365 2.97118e+24 0.474411
364 3.08533e+24 0.482047
363 4.40896e+24 0.477838
362 2.88354e+24 0.482983
361 3.38296e+24 0.484759
360 2.74396e+24 0.487982
359 2.80916e+24 0.488905
358 3.69111e+24 0.490612
357 4.24701e+24 0.495972
356 2.04976e+24 0.499955
355 4.73811e+24 0.49745
354 2.76507e+24 0.500688
353 4.06412e+24 0.502873
352 3.85222e+24 0.505647
351 3.30181e+24 0.509016
350 3.48304e+24 0.515183
349 4.89581e+24 0.512186
348 3.20902e+24 0.519877
347 3.11627e+24 0.520892
346 4.19007e+24 0.520558
345 2.82367e+24 0.527649
344 2.87283e+24 0.528799
343 3.07704e+24 0.531967
342 2.94624e+24 0.533196
341 2.80321e+24 0.537097
340 3.92924e+24 0.536114
339 3.17268e+24 0.539589
338 2.90575e+24 0.544028
337 3.20349e+24 0.547549
336 2.80636e+24 0.543971
335 2.6595e+24 0.551497
334 3.17834e+24 0.552085
333 2.74014e+24 0.555764
332 3.86348e+24 0.56011
331 3.70625e+24 0.558637
330 2.40033e+24 0.567033
329 3.69955e+24 0.5665
328 2.64242e+24 0.572997
327 3.79705e+24 0.572417
326 3.37169e+24 0.576314
325 3.18783e+24 0.574633
324 3.36834e+24 0.57794
323 3.28703e+24 0.582797
322 2.34188e+24 0.581759
321 2.9724e+24 0.588993
320 3.10864e+24 0.590403
319 2.8394e+24 0.596844
318 3.67339e+24 0.603739
317 2.92129e+24 0.600944
316 3.50046e+24 0.601352
315 3.89785e+24 0.602617
314 3.42346e+24 0.609397
313 2.86722e+24 0.607157
312 2.7075e+24 0.614744
311 3.81475e+24 0.622129
310 3.32578e+24 0.623096
309 2.64715e+24 0.625623
308 3.32127e+24 0.621952
307 2.33716e+24 0.630108
306 3.21402e+24 0.633302
305 3.50678e+24 0.632239
304 3.74462e+24 0.638598
303 2.26271e+24 0.639397
302 2.92601e+24 0.642492
301 2.11378e+24 0.644733
300 3.6465e+24 0.652017
299 3.06316e+24 0.653287
298 3.28852e+24 0.655969
297 3.35085e+24 0.659629
296 3.70287e+24 0.658839
295 2.7885e+24 0.662182
294 3.09455e+24 0.664245
293 3.83366e+24 0.667566
292 3.1719e+24 0.676492
291 2.78567e+24 0.677347
290 2.24893e+24 0.67894
289 2.22905e+24 0.686704
288 2.81049e+24 0.690808
287 1.8457e+24 0.693581
286 3.75043e+24 0.691631
285 4.72592e+24 0.695183
284 2.77397e+24 0.696962
283 2.89492e+24 0.701498
282 3.06269e+24 0.704217
281 2.68627e+24 0.705137
280 3.48194e+24 0.710992
279 2.32548e+24 0.714486
278 2.54395e+24 0.714385
277 2.48366e+24 0.720339
276 2.54304e+24 0.722631
275 1.60563e+24 0.725461
274 2.97738e+24 0.728478
273 2.53676e+24 0.730111
272 2.87726e+24 0.733442
271 3.7603e+24 0.733338
270 3.02772e+24 0.743139
269 2.57773e+24 0.744295
268 2.36203e+24 0.740429
267 2.23092e+24 0.75186
266 2.81084e+24 0.756515
265 2.84872e+24 0.758534
264 1.9126e+24 0.761455
263 2.7962e+24 0.764335
262 2.22518e+24 0.768771
261 2.51239e+24 0.764532
260 2.19238e+24 0.770539
259 2.43796e+24 0.774426
258 2.16265e+24 0.779879
257 2.12317e+24 0.78013
256 2.13273e+24 0.785074
255 2.38723e+24 0.788382
254 2.08994e+24 0.791542
253 2.19507e+24 0.792563
252 1.8512e+24 0.792962
251 2.56445e+24 0.796519
250 2.396e+24 0.800734
249 2.06134e+24 0.802855
248 2.63732e+24 0.806036
247 1.58409e+24 0.808635
246 1.97613e+24 0.811915
245 2.05381e+24 0.816848
244 1.73798e+24 0.813406
243 2.66685e+24 0.821727
242 2.28226e+24 0.82244
241 2.16e+24 0.82385
240 1.76147e+24 0.827299
239 1.55604e+24 0.832305
238 1.51297e+24 0.831513
237 1.52286e+24 0.836886
236 2.27605e+24 0.841649
235 1.77978e+24 0.842416
234 1.46424e+24 0.844711
233 1.5739e+24 0.84434
232 1.11387e+24 0.847793
231 1.1288e+24 0.851785
230 1.18953e+24 0.852386
229 1.20339e+24 0.858086
228 1.00793e+24 0.860884
227 1.14065e+24 0.860862
226 1.62067e+24 0.865036
225 1.5921e+24 0.866559
224 1.26727e+24 0.868083
223 1.29691e+24 0.870582
222 1.14951e+24 0.872871
221 1.46499e+24 0.874046
220 1.13582e+24 0.876946
219 1.48677e+24 0.878566
218 1.0733e+24 0.880533
217 1.53683e+24 0.881267
216 1.12901e+24 0.888384
215 1.146e+24 0.888237
214 1.44041e+24 0.892573
213 1.23796e+24 0.89499
212 1.40466e+24 0.895528
211 1.01159e+24 0.898203
210 1.34059e+24 0.899902
209 1.14143e+24 0.901472
208 8.18504e+23 0.903704
207 1.07634e+24 0.904619
206 8.34924e+23 0.908569
205 9.36585e+23 0.908474
204 8.51841e+23 0.911899
203 1.03082e+24 0.913982
202 1.21567e+24 0.91361
201 6.49702e+23 0.917655
200 6.75948e+23 0.918773
199 1.06686e+24 0.919714
198 5.27987e+23 0.921545
197 6.55747e+23 0.923849
196 6.87827e+23 0.924793
195 7.43161e+23 0.928278
194 8.28152e+23 0.928758
193 6.27998e+23 0.930334
192 6.35457e+23 0.932316
191 8.36617e+23 0.935482
190 4.56052e+23 0.936188
189 3.95307e+23 0.93796
188 5.88314e+23 0.938524
187 5.50192e+23 0.940394
186 5.2586e+23 0.940372
185 4.44253e+23 0.943496
184 6.76758e+23 0.944591
183 8.01782e+23 0.946205
182 5.56665e+23 0.947779
181 3.3157e+23 0.948825
180 5.18738e+23 0.949635
179 5.65784e+23 0.951971
178 4.39268e+23 0.951633
177 4.36431e+23 0.954603
176 4.832e+23 0.95558
175 4.62736e+23 0.956225
174 4.3292e+23 0.958558
173 6.17351e+23 0.957962
172 3.13611e+23 0.959981
171 4.59564e+23 0.960264
170 2.98319e+23 0.962684
169 4.37317e+23 0.963518
168 4.26141e+23 0.964807
167 3.96582e+23 0.965299
166 4.01428e+23 0.966534
165 3.5693e+23 0.968585
164 3.51925e+23 0.967778
163 2.6389e+23 0.96942
162 3.60465e+23 0.970268
161 2.48359e+23 0.971682
160 3.37262e+23 0.971795
159 2.03017e+23 0.972665
158 2.41473e+23 0.973864
157 1.61791e+23 0.974841
156 2.28554e+23 0.975894
155 2.02609e+23 0.976206
154 2.16058e+23 0.977394
153 1.91831e+23 0.978226
152 2.80702e+23 0.978902
151 1.98959e+23 0.979817
150 2.1592e+23 0.980702
149 2.21281e+23 0.981275
148 1.55978e+23 0.98124
147 1.14854e+23 0.981617
146 1.83955e+23 0.982886
145 8.96913e+22 0.983692
144 1.32865e+23 0.984461
143 1.33645e+23 0.98471
142 9.99137e+22 0.985722
141 1.49995e+23 0.985465
140 8.42558e+22 0.98674
139 1.03601e+23 0.987379
138 8.23738e+22 0.987931
137 6.94022e+22 0.988199
136 9.44077e+22 0.988711
135 9.34823e+22 0.988743
134 7.46157e+22 0.989499
133 7.21344e+22 0.989967
132 8.83274e+22 0.990468
131 3.94438e+22 0.990864
130 6.21516e+22 0.991526
129 6.73646e+22 0.991388
128 6.56694e+22 0.992008
127 2.84024e+22 0.992396
126 4.62198e+22 0.992611
125 1.6719e+22 0.992915
124 2.81147e+22 0.993504
123 9.51718e+21 0.993533
122 2.175e+22 0.994033
121 2.08752e+22 0.99443
120 -1.55397e+21 0.994769
119 9.64334e+21 0.994898
118 1.46481e+22 0.995242
117 1.23104e+21 0.995499
116 -7.13199e+21 0.995707
115 -1.55576e+22 0.996036
114 1.71907e+21 0.996237
113 -3.47321e+21 0.996458
112 -1.84613e+22 0.996776
111 -2.26623e+22 0.997018
110 -2.12839e+22 0.996879
109 -3.07585e+22 0.997302
108 -3.38255e+22 0.997359
107 -3.87272e+22 0.997505
106 -3.28536e+22 0.99766
105 -3.66167e+22 0.997648
104 -4.1885e+22 0.998067
103 -4.36927e+22 0.998137
102 -3.8597e+22 0.998314
101 -4.72604e+22 0.998347
100 -5.11436e+22 0.998423
99 -5.56016e+22 0.998815
98 -5.42769e+22 0.998697
97 -5.42205e+22 0.998831
96 -6.52005e+22 0.999032
95 -5.90632e+22 0.998971
94 -6.19247e+22 0.999087
93 -6.40633e+22 0.999136
92 -6.64438e+22 0.99931
91 -6.48661e+22 0.999148
90 -6.92202e+22 0.999302
89 -6.57783e+22 0.999279
88 -7.53517e+22 0.999505
87 -7.55232e+22 0.999504
86 -7.16483e+22 0.999456
85 -7.73577e+22 0.999618
84 -7.86873e+22 0.999605
83 -8.13523e+22 0.999682
82 -8.28381e+22 0.999722
81 -8.35532e+22 0.999737
80 -8.6295e+22 0.999749
79 -8.69617e+22 0.99975
78 -9.00949e+22 0.99984
77 -9.12482e+22 0.999822
76 -9.21366e+22 0.999828
75 -9.36849e+22 0.999864
74 -9.56536e+22 0.99988
73 -9.73798e+22 0.999889
72 -9.87528e+22 0.99991
71 -1.00785e+23 0.999935
70 -1.02215e+23 0.999939
69 -1.03613e+23 0.999946
68 -1.05458e+23 0.999955
67 -1.0694e+23 0.999944
66 -1.09158e+23 0.99997
65 -1.10545e+23 0.999959
64 -1.11939e+23 0.99995
63 -1.14708e+23 0.99999
62 -1.16286e+23 0.999979
61 -1.18574e+23 0.999994
60 -1.20628e+23 0.999997
59 -1.22188e+23 0.999977
58 -1.24779e+23 0.999997
57 -1.26926e+23 0.999995
56 -1.28998e+23 0.999987
55 -1.31536e+23 0.999995
54 -1.34129e+23 1
53 -1.3666e+23 1
52 -1.391e+23 0.999994
51 -1.42019e+23 1
50 -1.4486e+23 1
49 -1.47802e+23 1
48 -1.50895e+23 1
47 -1.54106e+23 1
46 -1.57456e+23 1
45 -1.60948e+23 1
44 -1.64613e+23 1
43 -1.68441e+23 1
42 -1.72452e+23 1
41 -1.76658e+23 1
40 -1.81074e+23 1
39 -1.85717e+23 1
38 -1.90605e+23 1
37 -1.95756e+23 1
36 -2.01194e+23 1
35 -2.06942e+23 1
34 -2.13029e+23 1
33 -2.19484e+23 1
32 -2.26343e+23 1
31 -2.33644e+23 1
30 -2.41433e+23 1
29 -2.49758e+23 1
28 -2.58678e+23 1
27 -2.68258e+23 1
26 -2.78576e+23 1
25 -2.89719e+23 1
24 -3.01791e+23 1
23 -3.14912e+23 1
22 -3.29226e+23 1
21 -3.44904e+23 1
20 -3.62149e+23 1
19 -3.81209e+23 1
18 -4.02388e+23 1
17 -4.26058e+23 1
16 -4.52686e+23 1
15 -4.82865e+23 1
14 -5.17356e+23 1
13 -5.57152e+23 1
12 -6.03581e+23 1
11 -6.58453e+23 1
10 -7.24298e+23 1
9 -8.04775e+23 1
8 -9.05372e+23 1
7 -1.03471e+24 1
6 -1.20716e+24 1
5 -1.4486e+24 1
4 -1.81074e+24 1
3 -2.41433e+24 1
2 -3.62149e+24 1
1 -7.24298e+24 1
